,Paradigm,Gen,Num,Sent,Eval,Corr,Wrong,Dist,Attr_Gen,Attr_Num,corr_word,corr_prob,wrong_word,wrong_prob,answer
0,P_NOUN_9_ADJ_b,F,P,les gemmes avec le bracelet qui étaient là depuis hier ne sont pas très vertes <eos>,14,vertes,verts,12,M,S,vertes,-10.694311,verts,-8.872564,0
1,P_NOUN_9_ADJ_b,F,P,les gemmes avec le bracelet qui étaient là depuis hier ne sont pas très bleues <eos>,14,bleues,bleus,12,M,S,bleues,-11.386406,bleus,-11.313578,0
2,P_NOUN_9_ADJ_b,F,P,les gemmes avec le bracelet qui étaient là depuis hier ne sont pas très noires <eos>,14,noires,noirs,12,M,S,noires,-10.250835,noirs,-11.691692,1
3,P_NOUN_9_ADJ_b,F,P,les gemmes avec le bracelet qui étaient là depuis hier ne sont pas très délicates <eos>,14,délicates,délicats,12,M,S,délicates,-8.109179,délicats,-9.344654,1
4,P_NOUN_9_ADJ_b,F,P,les gemmes avec le bracelet qui étaient là depuis hier ne sont pas très pointues <eos>,14,pointues,pointus,12,M,S,pointues,-9.01963,pointus,-10.813597,1
5,P_NOUN_9_ADJ_b,F,P,les gemmes avec le bracelet qui étaient là depuis hier ne sont pas très rondes <eos>,14,rondes,ronds,12,M,S,rondes,-11.466864,ronds,-12.900288,1
6,P_NOUN_9_ADJ_b,F,P,les gemmes avec le bracelet qui étaient là depuis hier ne sont pas très froides <eos>,14,froides,froids,12,M,S,froides,-5.8490705,froids,-10.850215,1
7,P_NOUN_9_ADJ_b,F,P,les gemmes avec le bracelet qui étaient là depuis hier ne sont pas très chaudes <eos>,14,chaudes,chauds,12,M,S,chaudes,-6.8488274,chauds,-8.012062,1
8,P_NOUN_9_ADJ_b,F,P,les gemmes avec le bracelet qui étaient là depuis hier ne sont pas très importantes <eos>,14,importantes,importants,12,M,S,importantes,-5.435704,importants,-7.068474,1
9,P_NOUN_9_ADJ_b,F,P,les gemmes avec le bracelet qui étaient là depuis hier ne sont pas très courtes <eos>,14,courtes,courts,12,M,S,courtes,-7.6638145,courts,-8.255727,1
10,P_NOUN_9_ADJ_b,F,P,les gemmes avec le bracelet qui étaient là depuis hier ne sont pas très dures <eos>,14,dures,durs,12,M,S,dures,-5.939701,durs,-6.690345,1
11,P_NOUN_9_ADJ_b,F,P,les gemmes avec le bracelet qui étaient là depuis hier ne sont pas très claires <eos>,14,claires,clairs,12,M,S,claires,-4.13151,clairs,-5.4705267,1
12,P_NOUN_9_ADJ_b,F,P,les gemmes avec le bracelet qui étaient là depuis hier ne sont pas très intéressantes <eos>,14,intéressantes,intéressants,12,M,S,intéressantes,-6.174136,intéressants,-6.892947,1
13,P_NOUN_9_ADJ_b,F,P,les gemmes avec le bracelet qui étaient là depuis hier ne sont pas très brillantes <eos>,14,brillantes,brillants,12,M,S,brillantes,-6.6266346,brillants,-7.2677813,1
14,P_NOUN_9_ADJ_b,F,P,les gemmes avec le bracelet qui étaient là depuis hier ne sont pas très compliquées <eos>,14,compliquées,compliqués,12,M,S,compliquées,-6.756322,compliqués,-6.7222004,0
15,P_NOUN_9_ADJ_b,F,P,les gemmes avec le miroir qui étaient là depuis hier ne sont pas très vertes <eos>,14,vertes,verts,12,M,S,vertes,-10.083452,verts,-10.437262,1
16,P_NOUN_9_ADJ_b,F,P,les gemmes avec le miroir qui étaient là depuis hier ne sont pas très bleues <eos>,14,bleues,bleus,12,M,S,bleues,-11.071008,bleus,-11.792344,1
17,P_NOUN_9_ADJ_b,F,P,les gemmes avec le miroir qui étaient là depuis hier ne sont pas très noires <eos>,14,noires,noirs,12,M,S,noires,-9.930666,noirs,-11.9181,1
18,P_NOUN_9_ADJ_b,F,P,les gemmes avec le miroir qui étaient là depuis hier ne sont pas très délicates <eos>,14,délicates,délicats,12,M,S,délicates,-7.961937,délicats,-9.004569,1
19,P_NOUN_9_ADJ_b,F,P,les gemmes avec le miroir qui étaient là depuis hier ne sont pas très pointues <eos>,14,pointues,pointus,12,M,S,pointues,-8.736171,pointus,-10.882728,1
20,P_NOUN_9_ADJ_b,F,P,les gemmes avec le miroir qui étaient là depuis hier ne sont pas très rondes <eos>,14,rondes,ronds,12,M,S,rondes,-10.86474,ronds,-12.383106,1
21,P_NOUN_9_ADJ_b,F,P,les gemmes avec le miroir qui étaient là depuis hier ne sont pas très froides <eos>,14,froides,froids,12,M,S,froides,-6.1400356,froids,-10.841029,1
22,P_NOUN_9_ADJ_b,F,P,les gemmes avec le miroir qui étaient là depuis hier ne sont pas très chaudes <eos>,14,chaudes,chauds,12,M,S,chaudes,-6.7562156,chauds,-8.849215,1
23,P_NOUN_9_ADJ_b,F,P,les gemmes avec le miroir qui étaient là depuis hier ne sont pas très importantes <eos>,14,importantes,importants,12,M,S,importantes,-5.4059505,importants,-7.7354794,1
24,P_NOUN_9_ADJ_b,F,P,les gemmes avec le miroir qui étaient là depuis hier ne sont pas très courtes <eos>,14,courtes,courts,12,M,S,courtes,-6.7120676,courts,-8.316262,1
25,P_NOUN_9_ADJ_b,F,P,les gemmes avec le miroir qui étaient là depuis hier ne sont pas très dures <eos>,14,dures,durs,12,M,S,dures,-6.1130047,durs,-7.4393644,1
26,P_NOUN_9_ADJ_b,F,P,les gemmes avec le miroir qui étaient là depuis hier ne sont pas très claires <eos>,14,claires,clairs,12,M,S,claires,-3.9826512,clairs,-5.967957,1
27,P_NOUN_9_ADJ_b,F,P,les gemmes avec le miroir qui étaient là depuis hier ne sont pas très intéressantes <eos>,14,intéressantes,intéressants,12,M,S,intéressantes,-6.183724,intéressants,-7.4353986,1
28,P_NOUN_9_ADJ_b,F,P,les gemmes avec le miroir qui étaient là depuis hier ne sont pas très brillantes <eos>,14,brillantes,brillants,12,M,S,brillantes,-5.855488,brillants,-8.143553,1
29,P_NOUN_9_ADJ_b,F,P,les gemmes avec le miroir qui étaient là depuis hier ne sont pas très compliquées <eos>,14,compliquées,compliqués,12,M,S,compliquées,-6.218733,compliqués,-6.9338245,1
30,P_NOUN_9_ADJ_b,F,P,les gemmes avec le crayon qui étaient là depuis hier ne sont pas très vertes <eos>,14,vertes,verts,12,M,S,vertes,-9.947041,verts,-10.287348,1
31,P_NOUN_9_ADJ_b,F,P,les gemmes avec le crayon qui étaient là depuis hier ne sont pas très bleues <eos>,14,bleues,bleus,12,M,S,bleues,-11.169217,bleus,-11.845352,1
32,P_NOUN_9_ADJ_b,F,P,les gemmes avec le crayon qui étaient là depuis hier ne sont pas très noires <eos>,14,noires,noirs,12,M,S,noires,-10.028521,noirs,-12.145727,1
33,P_NOUN_9_ADJ_b,F,P,les gemmes avec le crayon qui étaient là depuis hier ne sont pas très délicates <eos>,14,délicates,délicats,12,M,S,délicates,-7.8851376,délicats,-8.716896,1
34,P_NOUN_9_ADJ_b,F,P,les gemmes avec le crayon qui étaient là depuis hier ne sont pas très pointues <eos>,14,pointues,pointus,12,M,S,pointues,-9.642979,pointus,-11.315767,1
35,P_NOUN_9_ADJ_b,F,P,les gemmes avec le crayon qui étaient là depuis hier ne sont pas très rondes <eos>,14,rondes,ronds,12,M,S,rondes,-11.472956,ronds,-12.241215,1
36,P_NOUN_9_ADJ_b,F,P,les gemmes avec le crayon qui étaient là depuis hier ne sont pas très froides <eos>,14,froides,froids,12,M,S,froides,-6.011389,froids,-10.807033,1
37,P_NOUN_9_ADJ_b,F,P,les gemmes avec le crayon qui étaient là depuis hier ne sont pas très chaudes <eos>,14,chaudes,chauds,12,M,S,chaudes,-6.7519107,chauds,-8.831385,1
38,P_NOUN_9_ADJ_b,F,P,les gemmes avec le crayon qui étaient là depuis hier ne sont pas très importantes <eos>,14,importantes,importants,12,M,S,importantes,-5.4860086,importants,-7.8654165,1
39,P_NOUN_9_ADJ_b,F,P,les gemmes avec le crayon qui étaient là depuis hier ne sont pas très courtes <eos>,14,courtes,courts,12,M,S,courtes,-7.278699,courts,-8.657392,1
40,P_NOUN_9_ADJ_b,F,P,les gemmes avec le crayon qui étaient là depuis hier ne sont pas très dures <eos>,14,dures,durs,12,M,S,dures,-5.675719,durs,-6.976731,1
41,P_NOUN_9_ADJ_b,F,P,les gemmes avec le crayon qui étaient là depuis hier ne sont pas très claires <eos>,14,claires,clairs,12,M,S,claires,-3.695364,clairs,-5.434108,1
42,P_NOUN_9_ADJ_b,F,P,les gemmes avec le crayon qui étaient là depuis hier ne sont pas très intéressantes <eos>,14,intéressantes,intéressants,12,M,S,intéressantes,-6.25532,intéressants,-7.720176,1
43,P_NOUN_9_ADJ_b,F,P,les gemmes avec le crayon qui étaient là depuis hier ne sont pas très brillantes <eos>,14,brillantes,brillants,12,M,S,brillantes,-6.1139107,brillants,-8.058095,1
44,P_NOUN_9_ADJ_b,F,P,les gemmes avec le crayon qui étaient là depuis hier ne sont pas très compliquées <eos>,14,compliquées,compliqués,12,M,S,compliquées,-6.9629097,compliqués,-7.0059376,1
45,P_NOUN_9_ADJ_b,F,P,les gemmes avec le rideau qui étaient là depuis hier ne sont pas très vertes <eos>,14,vertes,verts,12,M,S,vertes,-10.370112,verts,-10.484942,1
46,P_NOUN_9_ADJ_b,F,P,les gemmes avec le rideau qui étaient là depuis hier ne sont pas très bleues <eos>,14,bleues,bleus,12,M,S,bleues,-10.777297,bleus,-11.405904,1
47,P_NOUN_9_ADJ_b,F,P,les gemmes avec le rideau qui étaient là depuis hier ne sont pas très noires <eos>,14,noires,noirs,12,M,S,noires,-9.736166,noirs,-12.005975,1
48,P_NOUN_9_ADJ_b,F,P,les gemmes avec le rideau qui étaient là depuis hier ne sont pas très délicates <eos>,14,délicates,délicats,12,M,S,délicates,-7.6966863,délicats,-9.026117,1
49,P_NOUN_9_ADJ_b,F,P,les gemmes avec le rideau qui étaient là depuis hier ne sont pas très pointues <eos>,14,pointues,pointus,12,M,S,pointues,-8.998714,pointus,-11.3175,1
50,P_NOUN_9_ADJ_b,F,P,les gemmes avec le rideau qui étaient là depuis hier ne sont pas très rondes <eos>,14,rondes,ronds,12,M,S,rondes,-11.006864,ronds,-12.301621,1
51,P_NOUN_9_ADJ_b,F,P,les gemmes avec le rideau qui étaient là depuis hier ne sont pas très froides <eos>,14,froides,froids,12,M,S,froides,-5.952856,froids,-10.695732,1
52,P_NOUN_9_ADJ_b,F,P,les gemmes avec le rideau qui étaient là depuis hier ne sont pas très chaudes <eos>,14,chaudes,chauds,12,M,S,chaudes,-6.6995916,chauds,-8.816843,1
53,P_NOUN_9_ADJ_b,F,P,les gemmes avec le rideau qui étaient là depuis hier ne sont pas très importantes <eos>,14,importantes,importants,12,M,S,importantes,-5.1152716,importants,-7.58906,1
54,P_NOUN_9_ADJ_b,F,P,les gemmes avec le rideau qui étaient là depuis hier ne sont pas très courtes <eos>,14,courtes,courts,12,M,S,courtes,-6.872144,courts,-8.526382,1
55,P_NOUN_9_ADJ_b,F,P,les gemmes avec le rideau qui étaient là depuis hier ne sont pas très dures <eos>,14,dures,durs,12,M,S,dures,-5.4925547,durs,-7.1737995,1
56,P_NOUN_9_ADJ_b,F,P,les gemmes avec le rideau qui étaient là depuis hier ne sont pas très claires <eos>,14,claires,clairs,12,M,S,claires,-3.655478,clairs,-5.612042,1
57,P_NOUN_9_ADJ_b,F,P,les gemmes avec le rideau qui étaient là depuis hier ne sont pas très intéressantes <eos>,14,intéressantes,intéressants,12,M,S,intéressantes,-6.218774,intéressants,-7.60956,1
58,P_NOUN_9_ADJ_b,F,P,les gemmes avec le rideau qui étaient là depuis hier ne sont pas très brillantes <eos>,14,brillantes,brillants,12,M,S,brillantes,-5.789221,brillants,-8.316006,1
59,P_NOUN_9_ADJ_b,F,P,les gemmes avec le rideau qui étaient là depuis hier ne sont pas très compliquées <eos>,14,compliquées,compliqués,12,M,S,compliquées,-6.622154,compliqués,-7.2891455,1
60,P_NOUN_9_ADJ_b,F,P,les gemmes avec le cahier qui étaient là depuis hier ne sont pas très vertes <eos>,14,vertes,verts,12,M,S,vertes,-10.687128,verts,-10.375069,0
61,P_NOUN_9_ADJ_b,F,P,les gemmes avec le cahier qui étaient là depuis hier ne sont pas très bleues <eos>,14,bleues,bleus,12,M,S,bleues,-11.84491,bleus,-12.029323,1
62,P_NOUN_9_ADJ_b,F,P,les gemmes avec le cahier qui étaient là depuis hier ne sont pas très noires <eos>,14,noires,noirs,12,M,S,noires,-10.733149,noirs,-11.966461,1
63,P_NOUN_9_ADJ_b,F,P,les gemmes avec le cahier qui étaient là depuis hier ne sont pas très délicates <eos>,14,délicates,délicats,12,M,S,délicates,-8.091589,délicats,-8.657389,1
64,P_NOUN_9_ADJ_b,F,P,les gemmes avec le cahier qui étaient là depuis hier ne sont pas très pointues <eos>,14,pointues,pointus,12,M,S,pointues,-9.541831,pointus,-10.994695,1
65,P_NOUN_9_ADJ_b,F,P,les gemmes avec le cahier qui étaient là depuis hier ne sont pas très rondes <eos>,14,rondes,ronds,12,M,S,rondes,-11.28169,ronds,-12.559594,1
66,P_NOUN_9_ADJ_b,F,P,les gemmes avec le cahier qui étaient là depuis hier ne sont pas très froides <eos>,14,froides,froids,12,M,S,froides,-6.3395405,froids,-10.0168705,1
67,P_NOUN_9_ADJ_b,F,P,les gemmes avec le cahier qui étaient là depuis hier ne sont pas très chaudes <eos>,14,chaudes,chauds,12,M,S,chaudes,-7.199724,chauds,-8.208032,1
68,P_NOUN_9_ADJ_b,F,P,les gemmes avec le cahier qui étaient là depuis hier ne sont pas très importantes <eos>,14,importantes,importants,12,M,S,importantes,-5.4987507,importants,-6.494977,1
69,P_NOUN_9_ADJ_b,F,P,les gemmes avec le cahier qui étaient là depuis hier ne sont pas très courtes <eos>,14,courtes,courts,12,M,S,courtes,-6.89771,courts,-7.670492,1
70,P_NOUN_9_ADJ_b,F,P,les gemmes avec le cahier qui étaient là depuis hier ne sont pas très dures <eos>,14,dures,durs,12,M,S,dures,-5.776662,durs,-6.5105467,1
71,P_NOUN_9_ADJ_b,F,P,les gemmes avec le cahier qui étaient là depuis hier ne sont pas très claires <eos>,14,claires,clairs,12,M,S,claires,-3.9982462,clairs,-5.0086117,1
72,P_NOUN_9_ADJ_b,F,P,les gemmes avec le cahier qui étaient là depuis hier ne sont pas très intéressantes <eos>,14,intéressantes,intéressants,12,M,S,intéressantes,-6.129835,intéressants,-6.4312277,1
73,P_NOUN_9_ADJ_b,F,P,les gemmes avec le cahier qui étaient là depuis hier ne sont pas très brillantes <eos>,14,brillantes,brillants,12,M,S,brillantes,-6.4740834,brillants,-7.6217437,1
74,P_NOUN_9_ADJ_b,F,P,les gemmes avec le cahier qui étaient là depuis hier ne sont pas très compliquées <eos>,14,compliquées,compliqués,12,M,S,compliquées,-6.5893054,compliqués,-6.5660396,0
75,P_NOUN_9_ADJ_b,F,P,les gemmes avec le micro qui étaient là depuis hier ne sont pas très vertes <eos>,14,vertes,verts,12,M,S,vertes,-10.106228,verts,-10.379751,1
76,P_NOUN_9_ADJ_b,F,P,les gemmes avec le micro qui étaient là depuis hier ne sont pas très bleues <eos>,14,bleues,bleus,12,M,S,bleues,-10.805936,bleus,-11.3912735,1
77,P_NOUN_9_ADJ_b,F,P,les gemmes avec le micro qui étaient là depuis hier ne sont pas très noires <eos>,14,noires,noirs,12,M,S,noires,-9.810059,noirs,-11.846337,1
78,P_NOUN_9_ADJ_b,F,P,les gemmes avec le micro qui étaient là depuis hier ne sont pas très délicates <eos>,14,délicates,délicats,12,M,S,délicates,-8.029058,délicats,-9.069102,1
79,P_NOUN_9_ADJ_b,F,P,les gemmes avec le micro qui étaient là depuis hier ne sont pas très pointues <eos>,14,pointues,pointus,12,M,S,pointues,-8.942733,pointus,-11.459705,1
80,P_NOUN_9_ADJ_b,F,P,les gemmes avec le micro qui étaient là depuis hier ne sont pas très rondes <eos>,14,rondes,ronds,12,M,S,rondes,-10.95241,ronds,-12.510248,1
81,P_NOUN_9_ADJ_b,F,P,les gemmes avec le micro qui étaient là depuis hier ne sont pas très froides <eos>,14,froides,froids,12,M,S,froides,-5.736422,froids,-10.679213,1
82,P_NOUN_9_ADJ_b,F,P,les gemmes avec le micro qui étaient là depuis hier ne sont pas très chaudes <eos>,14,chaudes,chauds,12,M,S,chaudes,-6.619075,chauds,-8.704672,1
83,P_NOUN_9_ADJ_b,F,P,les gemmes avec le micro qui étaient là depuis hier ne sont pas très importantes <eos>,14,importantes,importants,12,M,S,importantes,-5.2548537,importants,-7.574161,1
84,P_NOUN_9_ADJ_b,F,P,les gemmes avec le micro qui étaient là depuis hier ne sont pas très courtes <eos>,14,courtes,courts,12,M,S,courtes,-6.7279615,courts,-8.185892,1
85,P_NOUN_9_ADJ_b,F,P,les gemmes avec le micro qui étaient là depuis hier ne sont pas très dures <eos>,14,dures,durs,12,M,S,dures,-6.0556254,durs,-6.9499326,1
86,P_NOUN_9_ADJ_b,F,P,les gemmes avec le micro qui étaient là depuis hier ne sont pas très claires <eos>,14,claires,clairs,12,M,S,claires,-3.7006629,clairs,-6.1042786,1
87,P_NOUN_9_ADJ_b,F,P,les gemmes avec le micro qui étaient là depuis hier ne sont pas très intéressantes <eos>,14,intéressantes,intéressants,12,M,S,intéressantes,-5.7778726,intéressants,-7.0503135,1
88,P_NOUN_9_ADJ_b,F,P,les gemmes avec le micro qui étaient là depuis hier ne sont pas très brillantes <eos>,14,brillantes,brillants,12,M,S,brillantes,-6.312209,brillants,-8.500589,1
89,P_NOUN_9_ADJ_b,F,P,les gemmes avec le micro qui étaient là depuis hier ne sont pas très compliquées <eos>,14,compliquées,compliqués,12,M,S,compliquées,-6.361994,compliqués,-7.246627,1
90,P_NOUN_9_ADJ_b,F,P,les gemmes avec le sac qui étaient là depuis hier ne sont pas très vertes <eos>,14,vertes,verts,12,M,S,vertes,-10.333777,verts,-10.0685625,0
91,P_NOUN_9_ADJ_b,F,P,les gemmes avec le sac qui étaient là depuis hier ne sont pas très bleues <eos>,14,bleues,bleus,12,M,S,bleues,-11.245713,bleus,-11.469602,1
92,P_NOUN_9_ADJ_b,F,P,les gemmes avec le sac qui étaient là depuis hier ne sont pas très noires <eos>,14,noires,noirs,12,M,S,noires,-10.060213,noirs,-11.690881,1
93,P_NOUN_9_ADJ_b,F,P,les gemmes avec le sac qui étaient là depuis hier ne sont pas très délicates <eos>,14,délicates,délicats,12,M,S,délicates,-8.316451,délicats,-8.71647,1
94,P_NOUN_9_ADJ_b,F,P,les gemmes avec le sac qui étaient là depuis hier ne sont pas très pointues <eos>,14,pointues,pointus,12,M,S,pointues,-8.958934,pointus,-10.907958,1
95,P_NOUN_9_ADJ_b,F,P,les gemmes avec le sac qui étaient là depuis hier ne sont pas très rondes <eos>,14,rondes,ronds,12,M,S,rondes,-10.967922,ronds,-12.370399,1
96,P_NOUN_9_ADJ_b,F,P,les gemmes avec le sac qui étaient là depuis hier ne sont pas très froides <eos>,14,froides,froids,12,M,S,froides,-5.7781076,froids,-10.318044,1
97,P_NOUN_9_ADJ_b,F,P,les gemmes avec le sac qui étaient là depuis hier ne sont pas très chaudes <eos>,14,chaudes,chauds,12,M,S,chaudes,-6.691429,chauds,-8.061361,1
98,P_NOUN_9_ADJ_b,F,P,les gemmes avec le sac qui étaient là depuis hier ne sont pas très importantes <eos>,14,importantes,importants,12,M,S,importantes,-5.4792886,importants,-7.29267,1
99,P_NOUN_9_ADJ_b,F,P,les gemmes avec le sac qui étaient là depuis hier ne sont pas très courtes <eos>,14,courtes,courts,12,M,S,courtes,-7.060815,courts,-8.0848465,1
100,P_NOUN_9_ADJ_b,F,P,les gemmes avec le sac qui étaient là depuis hier ne sont pas très dures <eos>,14,dures,durs,12,M,S,dures,-5.5607367,durs,-6.3676653,1
101,P_NOUN_9_ADJ_b,F,P,les gemmes avec le sac qui étaient là depuis hier ne sont pas très claires <eos>,14,claires,clairs,12,M,S,claires,-3.9161742,clairs,-5.4988585,1
102,P_NOUN_9_ADJ_b,F,P,les gemmes avec le sac qui étaient là depuis hier ne sont pas très intéressantes <eos>,14,intéressantes,intéressants,12,M,S,intéressantes,-6.093657,intéressants,-7.05767,1
103,P_NOUN_9_ADJ_b,F,P,les gemmes avec le sac qui étaient là depuis hier ne sont pas très brillantes <eos>,14,brillantes,brillants,12,M,S,brillantes,-6.2022085,brillants,-7.9382954,1
104,P_NOUN_9_ADJ_b,F,P,les gemmes avec le sac qui étaient là depuis hier ne sont pas très compliquées <eos>,14,compliquées,compliqués,12,M,S,compliquées,-6.5342746,compliqués,-6.94208,1
105,P_NOUN_9_ADJ_b,F,P,les gemmes avec le clavier qui étaient là depuis hier ne sont pas très vertes <eos>,14,vertes,verts,12,M,S,vertes,-10.952776,verts,-11.416316,1
106,P_NOUN_9_ADJ_b,F,P,les gemmes avec le clavier qui étaient là depuis hier ne sont pas très bleues <eos>,14,bleues,bleus,12,M,S,bleues,-12.137716,bleus,-12.846372,1
107,P_NOUN_9_ADJ_b,F,P,les gemmes avec le clavier qui étaient là depuis hier ne sont pas très noires <eos>,14,noires,noirs,12,M,S,noires,-10.9790535,noirs,-12.909704,1
108,P_NOUN_9_ADJ_b,F,P,les gemmes avec le clavier qui étaient là depuis hier ne sont pas très délicates <eos>,14,délicates,délicats,12,M,S,délicates,-8.416975,délicats,-9.482407,1
109,P_NOUN_9_ADJ_b,F,P,les gemmes avec le clavier qui étaient là depuis hier ne sont pas très pointues <eos>,14,pointues,pointus,12,M,S,pointues,-9.060245,pointus,-12.242829,1
110,P_NOUN_9_ADJ_b,F,P,les gemmes avec le clavier qui étaient là depuis hier ne sont pas très rondes <eos>,14,rondes,ronds,12,M,S,rondes,-11.31617,ronds,-13.089523,1
111,P_NOUN_9_ADJ_b,F,P,les gemmes avec le clavier qui étaient là depuis hier ne sont pas très froides <eos>,14,froides,froids,12,M,S,froides,-6.5933504,froids,-11.642307,1
112,P_NOUN_9_ADJ_b,F,P,les gemmes avec le clavier qui étaient là depuis hier ne sont pas très chaudes <eos>,14,chaudes,chauds,12,M,S,chaudes,-7.577005,chauds,-9.838625,1
113,P_NOUN_9_ADJ_b,F,P,les gemmes avec le clavier qui étaient là depuis hier ne sont pas très importantes <eos>,14,importantes,importants,12,M,S,importantes,-5.567315,importants,-8.0000105,1
114,P_NOUN_9_ADJ_b,F,P,les gemmes avec le clavier qui étaient là depuis hier ne sont pas très courtes <eos>,14,courtes,courts,12,M,S,courtes,-6.9256535,courts,-8.844695,1
115,P_NOUN_9_ADJ_b,F,P,les gemmes avec le clavier qui étaient là depuis hier ne sont pas très dures <eos>,14,dures,durs,12,M,S,dures,-6.1476574,durs,-6.3143425,1
116,P_NOUN_9_ADJ_b,F,P,les gemmes avec le clavier qui étaient là depuis hier ne sont pas très claires <eos>,14,claires,clairs,12,M,S,claires,-3.7067778,clairs,-6.150627,1
117,P_NOUN_9_ADJ_b,F,P,les gemmes avec le clavier qui étaient là depuis hier ne sont pas très intéressantes <eos>,14,intéressantes,intéressants,12,M,S,intéressantes,-6.0318413,intéressants,-7.4897146,1
118,P_NOUN_9_ADJ_b,F,P,les gemmes avec le clavier qui étaient là depuis hier ne sont pas très brillantes <eos>,14,brillantes,brillants,12,M,S,brillantes,-6.2886796,brillants,-8.830349,1
119,P_NOUN_9_ADJ_b,F,P,les gemmes avec le clavier qui étaient là depuis hier ne sont pas très compliquées <eos>,14,compliquées,compliqués,12,M,S,compliquées,-5.8275795,compliqués,-6.734642,1
120,P_NOUN_9_ADJ_b,F,P,les gemmes avec le raisin qui étaient là depuis hier ne sont pas très vertes <eos>,14,vertes,verts,12,M,S,vertes,-9.992845,verts,-10.750343,1
121,P_NOUN_9_ADJ_b,F,P,les gemmes avec le raisin qui étaient là depuis hier ne sont pas très bleues <eos>,14,bleues,bleus,12,M,S,bleues,-11.675346,bleus,-12.327606,1
122,P_NOUN_9_ADJ_b,F,P,les gemmes avec le raisin qui étaient là depuis hier ne sont pas très noires <eos>,14,noires,noirs,12,M,S,noires,-10.107602,noirs,-12.859913,1
123,P_NOUN_9_ADJ_b,F,P,les gemmes avec le raisin qui étaient là depuis hier ne sont pas très délicates <eos>,14,délicates,délicats,12,M,S,délicates,-8.206812,délicats,-8.47258,1
124,P_NOUN_9_ADJ_b,F,P,les gemmes avec le raisin qui étaient là depuis hier ne sont pas très pointues <eos>,14,pointues,pointus,12,M,S,pointues,-9.69196,pointus,-12.214909,1
125,P_NOUN_9_ADJ_b,F,P,les gemmes avec le raisin qui étaient là depuis hier ne sont pas très rondes <eos>,14,rondes,ronds,12,M,S,rondes,-11.336631,ronds,-12.93834,1
126,P_NOUN_9_ADJ_b,F,P,les gemmes avec le raisin qui étaient là depuis hier ne sont pas très froides <eos>,14,froides,froids,12,M,S,froides,-5.667304,froids,-10.3772545,1
127,P_NOUN_9_ADJ_b,F,P,les gemmes avec le raisin qui étaient là depuis hier ne sont pas très chaudes <eos>,14,chaudes,chauds,12,M,S,chaudes,-5.9551077,chauds,-8.448384,1
128,P_NOUN_9_ADJ_b,F,P,les gemmes avec le raisin qui étaient là depuis hier ne sont pas très importantes <eos>,14,importantes,importants,12,M,S,importantes,-4.80787,importants,-7.7714252,1
129,P_NOUN_9_ADJ_b,F,P,les gemmes avec le raisin qui étaient là depuis hier ne sont pas très courtes <eos>,14,courtes,courts,12,M,S,courtes,-7.478124,courts,-8.860121,1
130,P_NOUN_9_ADJ_b,F,P,les gemmes avec le raisin qui étaient là depuis hier ne sont pas très dures <eos>,14,dures,durs,12,M,S,dures,-5.274798,durs,-6.8104444,1
131,P_NOUN_9_ADJ_b,F,P,les gemmes avec le raisin qui étaient là depuis hier ne sont pas très claires <eos>,14,claires,clairs,12,M,S,claires,-3.4744503,clairs,-6.511533,1
132,P_NOUN_9_ADJ_b,F,P,les gemmes avec le raisin qui étaient là depuis hier ne sont pas très intéressantes <eos>,14,intéressantes,intéressants,12,M,S,intéressantes,-6.048336,intéressants,-8.362223,1
133,P_NOUN_9_ADJ_b,F,P,les gemmes avec le raisin qui étaient là depuis hier ne sont pas très brillantes <eos>,14,brillantes,brillants,12,M,S,brillantes,-6.476004,brillants,-8.583893,1
134,P_NOUN_9_ADJ_b,F,P,les gemmes avec le raisin qui étaient là depuis hier ne sont pas très compliquées <eos>,14,compliquées,compliqués,12,M,S,compliquées,-7.930916,compliqués,-8.281818,1
135,P_NOUN_9_ADJ_b,F,P,les gemmes avec le chargeur qui étaient là depuis hier ne sont pas très vertes <eos>,14,vertes,verts,12,M,S,vertes,-10.569223,verts,-11.215284,1
136,P_NOUN_9_ADJ_b,F,P,les gemmes avec le chargeur qui étaient là depuis hier ne sont pas très bleues <eos>,14,bleues,bleus,12,M,S,bleues,-11.758429,bleus,-12.088751,1
137,P_NOUN_9_ADJ_b,F,P,les gemmes avec le chargeur qui étaient là depuis hier ne sont pas très noires <eos>,14,noires,noirs,12,M,S,noires,-9.95673,noirs,-11.860359,1
138,P_NOUN_9_ADJ_b,F,P,les gemmes avec le chargeur qui étaient là depuis hier ne sont pas très délicates <eos>,14,délicates,délicats,12,M,S,délicates,-9.107381,délicats,-10.076172,1
139,P_NOUN_9_ADJ_b,F,P,les gemmes avec le chargeur qui étaient là depuis hier ne sont pas très pointues <eos>,14,pointues,pointus,12,M,S,pointues,-9.175879,pointus,-11.733406,1
140,P_NOUN_9_ADJ_b,F,P,les gemmes avec le chargeur qui étaient là depuis hier ne sont pas très rondes <eos>,14,rondes,ronds,12,M,S,rondes,-11.310444,ronds,-13.1082325,1
141,P_NOUN_9_ADJ_b,F,P,les gemmes avec le chargeur qui étaient là depuis hier ne sont pas très froides <eos>,14,froides,froids,12,M,S,froides,-6.115676,froids,-11.450258,1
142,P_NOUN_9_ADJ_b,F,P,les gemmes avec le chargeur qui étaient là depuis hier ne sont pas très chaudes <eos>,14,chaudes,chauds,12,M,S,chaudes,-7.677062,chauds,-8.697775,1
143,P_NOUN_9_ADJ_b,F,P,les gemmes avec le chargeur qui étaient là depuis hier ne sont pas très importantes <eos>,14,importantes,importants,12,M,S,importantes,-5.426771,importants,-8.048112,1
144,P_NOUN_9_ADJ_b,F,P,les gemmes avec le chargeur qui étaient là depuis hier ne sont pas très courtes <eos>,14,courtes,courts,12,M,S,courtes,-6.538706,courts,-8.653057,1
145,P_NOUN_9_ADJ_b,F,P,les gemmes avec le chargeur qui étaient là depuis hier ne sont pas très dures <eos>,14,dures,durs,12,M,S,dures,-6.052645,durs,-6.467173,1
146,P_NOUN_9_ADJ_b,F,P,les gemmes avec le chargeur qui étaient là depuis hier ne sont pas très claires <eos>,14,claires,clairs,12,M,S,claires,-4.9003763,clairs,-6.495575,1
147,P_NOUN_9_ADJ_b,F,P,les gemmes avec le chargeur qui étaient là depuis hier ne sont pas très intéressantes <eos>,14,intéressantes,intéressants,12,M,S,intéressantes,-6.078582,intéressants,-7.548517,1
148,P_NOUN_9_ADJ_b,F,P,les gemmes avec le chargeur qui étaient là depuis hier ne sont pas très brillantes <eos>,14,brillantes,brillants,12,M,S,brillantes,-6.7284656,brillants,-8.355087,1
149,P_NOUN_9_ADJ_b,F,P,les gemmes avec le chargeur qui étaient là depuis hier ne sont pas très compliquées <eos>,14,compliquées,compliqués,12,M,S,compliquées,-6.2496977,compliqués,-6.895933,1
150,P_NOUN_9_ADJ_b,F,P,les gemmes avec le vase qui étaient là depuis hier ne sont pas très vertes <eos>,14,vertes,verts,12,M,S,vertes,-10.607573,verts,-10.5889225,0
151,P_NOUN_9_ADJ_b,F,P,les gemmes avec le vase qui étaient là depuis hier ne sont pas très bleues <eos>,14,bleues,bleus,12,M,S,bleues,-11.667694,bleus,-12.329889,1
152,P_NOUN_9_ADJ_b,F,P,les gemmes avec le vase qui étaient là depuis hier ne sont pas très noires <eos>,14,noires,noirs,12,M,S,noires,-10.296175,noirs,-12.495351,1
153,P_NOUN_9_ADJ_b,F,P,les gemmes avec le vase qui étaient là depuis hier ne sont pas très délicates <eos>,14,délicates,délicats,12,M,S,délicates,-7.9618526,délicats,-8.819174,1
154,P_NOUN_9_ADJ_b,F,P,les gemmes avec le vase qui étaient là depuis hier ne sont pas très pointues <eos>,14,pointues,pointus,12,M,S,pointues,-9.279055,pointus,-11.263081,1
155,P_NOUN_9_ADJ_b,F,P,les gemmes avec le vase qui étaient là depuis hier ne sont pas très rondes <eos>,14,rondes,ronds,12,M,S,rondes,-11.604649,ronds,-12.70201,1
156,P_NOUN_9_ADJ_b,F,P,les gemmes avec le vase qui étaient là depuis hier ne sont pas très froides <eos>,14,froides,froids,12,M,S,froides,-6.0141125,froids,-10.618135,1
157,P_NOUN_9_ADJ_b,F,P,les gemmes avec le vase qui étaient là depuis hier ne sont pas très chaudes <eos>,14,chaudes,chauds,12,M,S,chaudes,-6.412021,chauds,-8.613764,1
158,P_NOUN_9_ADJ_b,F,P,les gemmes avec le vase qui étaient là depuis hier ne sont pas très importantes <eos>,14,importantes,importants,12,M,S,importantes,-4.751385,importants,-6.9855876,1
159,P_NOUN_9_ADJ_b,F,P,les gemmes avec le vase qui étaient là depuis hier ne sont pas très courtes <eos>,14,courtes,courts,12,M,S,courtes,-7.491665,courts,-8.778349,1
160,P_NOUN_9_ADJ_b,F,P,les gemmes avec le vase qui étaient là depuis hier ne sont pas très dures <eos>,14,dures,durs,12,M,S,dures,-5.5190754,durs,-7.1391277,1
161,P_NOUN_9_ADJ_b,F,P,les gemmes avec le vase qui étaient là depuis hier ne sont pas très claires <eos>,14,claires,clairs,12,M,S,claires,-3.7923748,clairs,-5.763296,1
162,P_NOUN_9_ADJ_b,F,P,les gemmes avec le vase qui étaient là depuis hier ne sont pas très intéressantes <eos>,14,intéressantes,intéressants,12,M,S,intéressantes,-5.9513283,intéressants,-7.2620506,1
163,P_NOUN_9_ADJ_b,F,P,les gemmes avec le vase qui étaient là depuis hier ne sont pas très brillantes <eos>,14,brillantes,brillants,12,M,S,brillantes,-6.063876,brillants,-8.329178,1
164,P_NOUN_9_ADJ_b,F,P,les gemmes avec le vase qui étaient là depuis hier ne sont pas très compliquées <eos>,14,compliquées,compliqués,12,M,S,compliquées,-6.878582,compliqués,-7.1723814,1
165,P_NOUN_9_ADJ_b,F,P,les gemmes avec le panier qui étaient là depuis hier ne sont pas très vertes <eos>,14,vertes,verts,12,M,S,vertes,-10.810848,verts,-10.5305195,0
166,P_NOUN_9_ADJ_b,F,P,les gemmes avec le panier qui étaient là depuis hier ne sont pas très bleues <eos>,14,bleues,bleus,12,M,S,bleues,-11.798396,bleus,-11.901965,1
167,P_NOUN_9_ADJ_b,F,P,les gemmes avec le panier qui étaient là depuis hier ne sont pas très noires <eos>,14,noires,noirs,12,M,S,noires,-10.220781,noirs,-11.939656,1
168,P_NOUN_9_ADJ_b,F,P,les gemmes avec le panier qui étaient là depuis hier ne sont pas très délicates <eos>,14,délicates,délicats,12,M,S,délicates,-8.411779,délicats,-8.8557415,1
169,P_NOUN_9_ADJ_b,F,P,les gemmes avec le panier qui étaient là depuis hier ne sont pas très pointues <eos>,14,pointues,pointus,12,M,S,pointues,-9.278488,pointus,-11.163379,1
170,P_NOUN_9_ADJ_b,F,P,les gemmes avec le panier qui étaient là depuis hier ne sont pas très rondes <eos>,14,rondes,ronds,12,M,S,rondes,-11.172726,ronds,-12.078585,1
171,P_NOUN_9_ADJ_b,F,P,les gemmes avec le panier qui étaient là depuis hier ne sont pas très froides <eos>,14,froides,froids,12,M,S,froides,-5.909115,froids,-10.930362,1
172,P_NOUN_9_ADJ_b,F,P,les gemmes avec le panier qui étaient là depuis hier ne sont pas très chaudes <eos>,14,chaudes,chauds,12,M,S,chaudes,-6.8920875,chauds,-8.337715,1
173,P_NOUN_9_ADJ_b,F,P,les gemmes avec le panier qui étaient là depuis hier ne sont pas très importantes <eos>,14,importantes,importants,12,M,S,importantes,-5.070629,importants,-6.8352566,1
174,P_NOUN_9_ADJ_b,F,P,les gemmes avec le panier qui étaient là depuis hier ne sont pas très courtes <eos>,14,courtes,courts,12,M,S,courtes,-7.246601,courts,-7.9659643,1
175,P_NOUN_9_ADJ_b,F,P,les gemmes avec le panier qui étaient là depuis hier ne sont pas très dures <eos>,14,dures,durs,12,M,S,dures,-5.7188854,durs,-6.690815,1
176,P_NOUN_9_ADJ_b,F,P,les gemmes avec le panier qui étaient là depuis hier ne sont pas très claires <eos>,14,claires,clairs,12,M,S,claires,-4.1822786,clairs,-5.895299,1
177,P_NOUN_9_ADJ_b,F,P,les gemmes avec le panier qui étaient là depuis hier ne sont pas très intéressantes <eos>,14,intéressantes,intéressants,12,M,S,intéressantes,-6.1443043,intéressants,-7.2339087,1
178,P_NOUN_9_ADJ_b,F,P,les gemmes avec le panier qui étaient là depuis hier ne sont pas très brillantes <eos>,14,brillantes,brillants,12,M,S,brillantes,-6.903967,brillants,-8.04707,1
179,P_NOUN_9_ADJ_b,F,P,les gemmes avec le panier qui étaient là depuis hier ne sont pas très compliquées <eos>,14,compliquées,compliqués,12,M,S,compliquées,-7.106597,compliqués,-6.9255476,0
180,P_NOUN_9_ADJ_b,F,P,les gemmes avec le collier qui étaient là depuis hier ne sont pas très vertes <eos>,14,vertes,verts,12,M,S,vertes,-10.582283,verts,-9.84465,0
181,P_NOUN_9_ADJ_b,F,P,les gemmes avec le collier qui étaient là depuis hier ne sont pas très bleues <eos>,14,bleues,bleus,12,M,S,bleues,-11.067329,bleus,-11.362713,1
182,P_NOUN_9_ADJ_b,F,P,les gemmes avec le collier qui étaient là depuis hier ne sont pas très noires <eos>,14,noires,noirs,12,M,S,noires,-10.049095,noirs,-11.394321,1
183,P_NOUN_9_ADJ_b,F,P,les gemmes avec le collier qui étaient là depuis hier ne sont pas très délicates <eos>,14,délicates,délicats,12,M,S,délicates,-8.185322,délicats,-9.215288,1
184,P_NOUN_9_ADJ_b,F,P,les gemmes avec le collier qui étaient là depuis hier ne sont pas très pointues <eos>,14,pointues,pointus,12,M,S,pointues,-8.887351,pointus,-10.709137,1
185,P_NOUN_9_ADJ_b,F,P,les gemmes avec le collier qui étaient là depuis hier ne sont pas très rondes <eos>,14,rondes,ronds,12,M,S,rondes,-11.228134,ronds,-12.218435,1
186,P_NOUN_9_ADJ_b,F,P,les gemmes avec le collier qui étaient là depuis hier ne sont pas très froides <eos>,14,froides,froids,12,M,S,froides,-6.1700783,froids,-10.9033375,1
187,P_NOUN_9_ADJ_b,F,P,les gemmes avec le collier qui étaient là depuis hier ne sont pas très chaudes <eos>,14,chaudes,chauds,12,M,S,chaudes,-7.063183,chauds,-8.550101,1
188,P_NOUN_9_ADJ_b,F,P,les gemmes avec le collier qui étaient là depuis hier ne sont pas très importantes <eos>,14,importantes,importants,12,M,S,importantes,-5.3753777,importants,-6.8370914,1
189,P_NOUN_9_ADJ_b,F,P,les gemmes avec le collier qui étaient là depuis hier ne sont pas très courtes <eos>,14,courtes,courts,12,M,S,courtes,-7.426651,courts,-8.143277,1
190,P_NOUN_9_ADJ_b,F,P,les gemmes avec le collier qui étaient là depuis hier ne sont pas très dures <eos>,14,dures,durs,12,M,S,dures,-5.9339204,durs,-7.0611577,1
191,P_NOUN_9_ADJ_b,F,P,les gemmes avec le collier qui étaient là depuis hier ne sont pas très claires <eos>,14,claires,clairs,12,M,S,claires,-4.0289845,clairs,-5.111667,1
192,P_NOUN_9_ADJ_b,F,P,les gemmes avec le collier qui étaient là depuis hier ne sont pas très intéressantes <eos>,14,intéressantes,intéressants,12,M,S,intéressantes,-6.196042,intéressants,-6.7469587,1
193,P_NOUN_9_ADJ_b,F,P,les gemmes avec le collier qui étaient là depuis hier ne sont pas très brillantes <eos>,14,brillantes,brillants,12,M,S,brillantes,-5.8834543,brillants,-7.5029373,1
194,P_NOUN_9_ADJ_b,F,P,les gemmes avec le collier qui étaient là depuis hier ne sont pas très compliquées <eos>,14,compliquées,compliqués,12,M,S,compliquées,-6.564587,compliqués,-6.802653,1
195,P_NOUN_9_ADJ_b,F,P,les gemmes avec le chapeau qui étaient là depuis hier ne sont pas très vertes <eos>,14,vertes,verts,12,M,S,vertes,-9.936347,verts,-10.268856,1
196,P_NOUN_9_ADJ_b,F,P,les gemmes avec le chapeau qui étaient là depuis hier ne sont pas très bleues <eos>,14,bleues,bleus,12,M,S,bleues,-10.369902,bleus,-11.105411,1
197,P_NOUN_9_ADJ_b,F,P,les gemmes avec le chapeau qui étaient là depuis hier ne sont pas très noires <eos>,14,noires,noirs,12,M,S,noires,-9.183813,noirs,-11.408052,1
198,P_NOUN_9_ADJ_b,F,P,les gemmes avec le chapeau qui étaient là depuis hier ne sont pas très délicates <eos>,14,délicates,délicats,12,M,S,délicates,-7.870079,délicats,-9.314717,1
199,P_NOUN_9_ADJ_b,F,P,les gemmes avec le chapeau qui étaient là depuis hier ne sont pas très pointues <eos>,14,pointues,pointus,12,M,S,pointues,-8.550841,pointus,-11.100451,1
200,P_NOUN_9_ADJ_b,F,P,les gemmes avec le chapeau qui étaient là depuis hier ne sont pas très rondes <eos>,14,rondes,ronds,12,M,S,rondes,-10.800957,ronds,-12.121963,1
201,P_NOUN_9_ADJ_b,F,P,les gemmes avec le chapeau qui étaient là depuis hier ne sont pas très froides <eos>,14,froides,froids,12,M,S,froides,-5.926877,froids,-11.064956,1
202,P_NOUN_9_ADJ_b,F,P,les gemmes avec le chapeau qui étaient là depuis hier ne sont pas très chaudes <eos>,14,chaudes,chauds,12,M,S,chaudes,-6.5346646,chauds,-8.608646,1
203,P_NOUN_9_ADJ_b,F,P,les gemmes avec le chapeau qui étaient là depuis hier ne sont pas très importantes <eos>,14,importantes,importants,12,M,S,importantes,-5.3161135,importants,-7.911871,1
204,P_NOUN_9_ADJ_b,F,P,les gemmes avec le chapeau qui étaient là depuis hier ne sont pas très courtes <eos>,14,courtes,courts,12,M,S,courtes,-6.93656,courts,-8.58563,1
205,P_NOUN_9_ADJ_b,F,P,les gemmes avec le chapeau qui étaient là depuis hier ne sont pas très dures <eos>,14,dures,durs,12,M,S,dures,-5.7093105,durs,-7.382348,1
206,P_NOUN_9_ADJ_b,F,P,les gemmes avec le chapeau qui étaient là depuis hier ne sont pas très claires <eos>,14,claires,clairs,12,M,S,claires,-3.5237002,clairs,-5.633637,1
207,P_NOUN_9_ADJ_b,F,P,les gemmes avec le chapeau qui étaient là depuis hier ne sont pas très intéressantes <eos>,14,intéressantes,intéressants,12,M,S,intéressantes,-6.283913,intéressants,-7.8588824,1
208,P_NOUN_9_ADJ_b,F,P,les gemmes avec le chapeau qui étaient là depuis hier ne sont pas très brillantes <eos>,14,brillantes,brillants,12,M,S,brillantes,-5.751583,brillants,-8.051285,1
209,P_NOUN_9_ADJ_b,F,P,les gemmes avec le chapeau qui étaient là depuis hier ne sont pas très compliquées <eos>,14,compliquées,compliqués,12,M,S,compliquées,-7.0240936,compliqués,-7.653242,1
210,P_NOUN_9_ADJ_b,F,P,les gemmes avec le pot qui étaient là depuis hier ne sont pas très vertes <eos>,14,vertes,verts,12,M,S,vertes,-10.199971,verts,-10.034609,0
211,P_NOUN_9_ADJ_b,F,P,les gemmes avec le pot qui étaient là depuis hier ne sont pas très bleues <eos>,14,bleues,bleus,12,M,S,bleues,-11.273723,bleus,-11.4824,1
212,P_NOUN_9_ADJ_b,F,P,les gemmes avec le pot qui étaient là depuis hier ne sont pas très noires <eos>,14,noires,noirs,12,M,S,noires,-10.020634,noirs,-11.888735,1
213,P_NOUN_9_ADJ_b,F,P,les gemmes avec le pot qui étaient là depuis hier ne sont pas très délicates <eos>,14,délicates,délicats,12,M,S,délicates,-7.910654,délicats,-8.746084,1
214,P_NOUN_9_ADJ_b,F,P,les gemmes avec le pot qui étaient là depuis hier ne sont pas très pointues <eos>,14,pointues,pointus,12,M,S,pointues,-9.4307995,pointus,-11.3822565,1
215,P_NOUN_9_ADJ_b,F,P,les gemmes avec le pot qui étaient là depuis hier ne sont pas très rondes <eos>,14,rondes,ronds,12,M,S,rondes,-11.481971,ronds,-12.50282,1
216,P_NOUN_9_ADJ_b,F,P,les gemmes avec le pot qui étaient là depuis hier ne sont pas très froides <eos>,14,froides,froids,12,M,S,froides,-5.5515804,froids,-10.088707,1
217,P_NOUN_9_ADJ_b,F,P,les gemmes avec le pot qui étaient là depuis hier ne sont pas très chaudes <eos>,14,chaudes,chauds,12,M,S,chaudes,-6.095489,chauds,-8.030539,1
218,P_NOUN_9_ADJ_b,F,P,les gemmes avec le pot qui étaient là depuis hier ne sont pas très importantes <eos>,14,importantes,importants,12,M,S,importantes,-4.8678546,importants,-7.151356,1
219,P_NOUN_9_ADJ_b,F,P,les gemmes avec le pot qui étaient là depuis hier ne sont pas très courtes <eos>,14,courtes,courts,12,M,S,courtes,-7.6279106,courts,-8.441884,1
220,P_NOUN_9_ADJ_b,F,P,les gemmes avec le pot qui étaient là depuis hier ne sont pas très dures <eos>,14,dures,durs,12,M,S,dures,-5.573284,durs,-6.850753,1
221,P_NOUN_9_ADJ_b,F,P,les gemmes avec le pot qui étaient là depuis hier ne sont pas très claires <eos>,14,claires,clairs,12,M,S,claires,-3.7022834,clairs,-5.7009263,1
222,P_NOUN_9_ADJ_b,F,P,les gemmes avec le pot qui étaient là depuis hier ne sont pas très intéressantes <eos>,14,intéressantes,intéressants,12,M,S,intéressantes,-5.7994165,intéressants,-7.3439674,1
223,P_NOUN_9_ADJ_b,F,P,les gemmes avec le pot qui étaient là depuis hier ne sont pas très brillantes <eos>,14,brillantes,brillants,12,M,S,brillantes,-6.11612,brillants,-7.7636943,1
224,P_NOUN_9_ADJ_b,F,P,les gemmes avec le pot qui étaient là depuis hier ne sont pas très compliquées <eos>,14,compliquées,compliqués,12,M,S,compliquées,-7.087179,compliqués,-7.2925587,1
225,P_NOUN_9_ADJ_b,F,P,les gemmes avec le coussin qui étaient là depuis hier ne sont pas très vertes <eos>,14,vertes,verts,12,M,S,vertes,-10.462595,verts,-10.799732,1
226,P_NOUN_9_ADJ_b,F,P,les gemmes avec le coussin qui étaient là depuis hier ne sont pas très bleues <eos>,14,bleues,bleus,12,M,S,bleues,-11.182238,bleus,-11.634464,1
227,P_NOUN_9_ADJ_b,F,P,les gemmes avec le coussin qui étaient là depuis hier ne sont pas très noires <eos>,14,noires,noirs,12,M,S,noires,-9.827655,noirs,-11.762977,1
228,P_NOUN_9_ADJ_b,F,P,les gemmes avec le coussin qui étaient là depuis hier ne sont pas très délicates <eos>,14,délicates,délicats,12,M,S,délicates,-8.732914,délicats,-9.336491,1
229,P_NOUN_9_ADJ_b,F,P,les gemmes avec le coussin qui étaient là depuis hier ne sont pas très pointues <eos>,14,pointues,pointus,12,M,S,pointues,-8.72012,pointus,-11.002492,1
230,P_NOUN_9_ADJ_b,F,P,les gemmes avec le coussin qui étaient là depuis hier ne sont pas très rondes <eos>,14,rondes,ronds,12,M,S,rondes,-10.903439,ronds,-12.380108,1
231,P_NOUN_9_ADJ_b,F,P,les gemmes avec le coussin qui étaient là depuis hier ne sont pas très froides <eos>,14,froides,froids,12,M,S,froides,-6.0847645,froids,-11.165773,1
232,P_NOUN_9_ADJ_b,F,P,les gemmes avec le coussin qui étaient là depuis hier ne sont pas très chaudes <eos>,14,chaudes,chauds,12,M,S,chaudes,-7.2299576,chauds,-8.715623,1
233,P_NOUN_9_ADJ_b,F,P,les gemmes avec le coussin qui étaient là depuis hier ne sont pas très importantes <eos>,14,importantes,importants,12,M,S,importantes,-5.4125776,importants,-7.543519,1
234,P_NOUN_9_ADJ_b,F,P,les gemmes avec le coussin qui étaient là depuis hier ne sont pas très courtes <eos>,14,courtes,courts,12,M,S,courtes,-6.4853716,courts,-7.947256,1
235,P_NOUN_9_ADJ_b,F,P,les gemmes avec le coussin qui étaient là depuis hier ne sont pas très dures <eos>,14,dures,durs,12,M,S,dures,-5.7262955,durs,-6.9469624,1
236,P_NOUN_9_ADJ_b,F,P,les gemmes avec le coussin qui étaient là depuis hier ne sont pas très claires <eos>,14,claires,clairs,12,M,S,claires,-4.135915,clairs,-5.9983816,1
237,P_NOUN_9_ADJ_b,F,P,les gemmes avec le coussin qui étaient là depuis hier ne sont pas très intéressantes <eos>,14,intéressantes,intéressants,12,M,S,intéressantes,-6.3575497,intéressants,-7.6448717,1
238,P_NOUN_9_ADJ_b,F,P,les gemmes avec le coussin qui étaient là depuis hier ne sont pas très brillantes <eos>,14,brillantes,brillants,12,M,S,brillantes,-6.621225,brillants,-8.472368,1
239,P_NOUN_9_ADJ_b,F,P,les gemmes avec le coussin qui étaient là depuis hier ne sont pas très compliquées <eos>,14,compliquées,compliqués,12,M,S,compliquées,-6.2652106,compliqués,-6.992533,1
240,P_NOUN_9_ADJ_b,F,P,les gemmes avec le jouet qui étaient là depuis hier ne sont pas très vertes <eos>,14,vertes,verts,12,M,S,vertes,-10.172539,verts,-10.018221,0
241,P_NOUN_9_ADJ_b,F,P,les gemmes avec le jouet qui étaient là depuis hier ne sont pas très bleues <eos>,14,bleues,bleus,12,M,S,bleues,-10.978268,bleus,-11.512042,1
242,P_NOUN_9_ADJ_b,F,P,les gemmes avec le jouet qui étaient là depuis hier ne sont pas très noires <eos>,14,noires,noirs,12,M,S,noires,-10.091644,noirs,-11.892826,1
243,P_NOUN_9_ADJ_b,F,P,les gemmes avec le jouet qui étaient là depuis hier ne sont pas très délicates <eos>,14,délicates,délicats,12,M,S,délicates,-8.042341,délicats,-8.956354,1
244,P_NOUN_9_ADJ_b,F,P,les gemmes avec le jouet qui étaient là depuis hier ne sont pas très pointues <eos>,14,pointues,pointus,12,M,S,pointues,-8.92738,pointus,-11.144262,1
245,P_NOUN_9_ADJ_b,F,P,les gemmes avec le jouet qui étaient là depuis hier ne sont pas très rondes <eos>,14,rondes,ronds,12,M,S,rondes,-11.182699,ronds,-12.642326,1
246,P_NOUN_9_ADJ_b,F,P,les gemmes avec le jouet qui étaient là depuis hier ne sont pas très froides <eos>,14,froides,froids,12,M,S,froides,-5.7611895,froids,-10.767241,1
247,P_NOUN_9_ADJ_b,F,P,les gemmes avec le jouet qui étaient là depuis hier ne sont pas très chaudes <eos>,14,chaudes,chauds,12,M,S,chaudes,-6.830757,chauds,-8.676091,1
248,P_NOUN_9_ADJ_b,F,P,les gemmes avec le jouet qui étaient là depuis hier ne sont pas très importantes <eos>,14,importantes,importants,12,M,S,importantes,-5.536527,importants,-7.6923966,1
249,P_NOUN_9_ADJ_b,F,P,les gemmes avec le jouet qui étaient là depuis hier ne sont pas très courtes <eos>,14,courtes,courts,12,M,S,courtes,-7.111965,courts,-8.421033,1
250,P_NOUN_9_ADJ_b,F,P,les gemmes avec le jouet qui étaient là depuis hier ne sont pas très dures <eos>,14,dures,durs,12,M,S,dures,-5.96187,durs,-7.053031,1
251,P_NOUN_9_ADJ_b,F,P,les gemmes avec le jouet qui étaient là depuis hier ne sont pas très claires <eos>,14,claires,clairs,12,M,S,claires,-3.647691,clairs,-5.8118067,1
252,P_NOUN_9_ADJ_b,F,P,les gemmes avec le jouet qui étaient là depuis hier ne sont pas très intéressantes <eos>,14,intéressantes,intéressants,12,M,S,intéressantes,-6.0977316,intéressants,-7.3403416,1
253,P_NOUN_9_ADJ_b,F,P,les gemmes avec le jouet qui étaient là depuis hier ne sont pas très brillantes <eos>,14,brillantes,brillants,12,M,S,brillantes,-6.334717,brillants,-8.32804,1
254,P_NOUN_9_ADJ_b,F,P,les gemmes avec le jouet qui étaient là depuis hier ne sont pas très compliquées <eos>,14,compliquées,compliqués,12,M,S,compliquées,-6.54803,compliqués,-7.2115183,1
255,P_NOUN_9_ADJ_b,F,P,les gemmes avec le clou qui étaient là depuis hier ne sont pas très vertes <eos>,14,vertes,verts,12,M,S,vertes,-10.205514,verts,-10.814246,1
256,P_NOUN_9_ADJ_b,F,P,les gemmes avec le clou qui étaient là depuis hier ne sont pas très bleues <eos>,14,bleues,bleus,12,M,S,bleues,-10.625008,bleus,-11.516472,1
257,P_NOUN_9_ADJ_b,F,P,les gemmes avec le clou qui étaient là depuis hier ne sont pas très noires <eos>,14,noires,noirs,12,M,S,noires,-9.639768,noirs,-12.06778,1
258,P_NOUN_9_ADJ_b,F,P,les gemmes avec le clou qui étaient là depuis hier ne sont pas très délicates <eos>,14,délicates,délicats,12,M,S,délicates,-7.954087,délicats,-9.349216,1
259,P_NOUN_9_ADJ_b,F,P,les gemmes avec le clou qui étaient là depuis hier ne sont pas très pointues <eos>,14,pointues,pointus,12,M,S,pointues,-9.001262,pointus,-11.101746,1
260,P_NOUN_9_ADJ_b,F,P,les gemmes avec le clou qui étaient là depuis hier ne sont pas très rondes <eos>,14,rondes,ronds,12,M,S,rondes,-10.905018,ronds,-12.028233,1
261,P_NOUN_9_ADJ_b,F,P,les gemmes avec le clou qui étaient là depuis hier ne sont pas très froides <eos>,14,froides,froids,12,M,S,froides,-6.320712,froids,-11.883854,1
262,P_NOUN_9_ADJ_b,F,P,les gemmes avec le clou qui étaient là depuis hier ne sont pas très chaudes <eos>,14,chaudes,chauds,12,M,S,chaudes,-7.082823,chauds,-9.469102,1
263,P_NOUN_9_ADJ_b,F,P,les gemmes avec le clou qui étaient là depuis hier ne sont pas très importantes <eos>,14,importantes,importants,12,M,S,importantes,-5.2917805,importants,-7.9027987,1
264,P_NOUN_9_ADJ_b,F,P,les gemmes avec le clou qui étaient là depuis hier ne sont pas très courtes <eos>,14,courtes,courts,12,M,S,courtes,-6.7493167,courts,-8.686539,1
265,P_NOUN_9_ADJ_b,F,P,les gemmes avec le clou qui étaient là depuis hier ne sont pas très dures <eos>,14,dures,durs,12,M,S,dures,-6.158748,durs,-7.906792,1
266,P_NOUN_9_ADJ_b,F,P,les gemmes avec le clou qui étaient là depuis hier ne sont pas très claires <eos>,14,claires,clairs,12,M,S,claires,-3.9936535,clairs,-5.8812065,1
267,P_NOUN_9_ADJ_b,F,P,les gemmes avec le clou qui étaient là depuis hier ne sont pas très intéressantes <eos>,14,intéressantes,intéressants,12,M,S,intéressantes,-6.2755246,intéressants,-7.909821,1
268,P_NOUN_9_ADJ_b,F,P,les gemmes avec le clou qui étaient là depuis hier ne sont pas très brillantes <eos>,14,brillantes,brillants,12,M,S,brillantes,-6.225531,brillants,-8.700609,1
269,P_NOUN_9_ADJ_b,F,P,les gemmes avec le clou qui étaient là depuis hier ne sont pas très compliquées <eos>,14,compliquées,compliqués,12,M,S,compliquées,-6.726632,compliqués,-7.3199863,1
270,P_NOUN_9_ADJ_b,F,P,les gemmes avec le billet qui étaient là depuis hier ne sont pas très vertes <eos>,14,vertes,verts,12,M,S,vertes,-10.875159,verts,-10.9239235,1
271,P_NOUN_9_ADJ_b,F,P,les gemmes avec le billet qui étaient là depuis hier ne sont pas très bleues <eos>,14,bleues,bleus,12,M,S,bleues,-11.513787,bleus,-11.875824,1
272,P_NOUN_9_ADJ_b,F,P,les gemmes avec le billet qui étaient là depuis hier ne sont pas très noires <eos>,14,noires,noirs,12,M,S,noires,-10.730241,noirs,-12.008652,1
273,P_NOUN_9_ADJ_b,F,P,les gemmes avec le billet qui étaient là depuis hier ne sont pas très délicates <eos>,14,délicates,délicats,12,M,S,délicates,-8.388205,délicats,-9.74658,1
274,P_NOUN_9_ADJ_b,F,P,les gemmes avec le billet qui étaient là depuis hier ne sont pas très pointues <eos>,14,pointues,pointus,12,M,S,pointues,-9.529061,pointus,-11.828197,1
275,P_NOUN_9_ADJ_b,F,P,les gemmes avec le billet qui étaient là depuis hier ne sont pas très rondes <eos>,14,rondes,ronds,12,M,S,rondes,-12.033081,ronds,-13.030149,1
276,P_NOUN_9_ADJ_b,F,P,les gemmes avec le billet qui étaient là depuis hier ne sont pas très froides <eos>,14,froides,froids,12,M,S,froides,-6.409482,froids,-11.597243,1
277,P_NOUN_9_ADJ_b,F,P,les gemmes avec le billet qui étaient là depuis hier ne sont pas très chaudes <eos>,14,chaudes,chauds,12,M,S,chaudes,-7.905881,chauds,-9.177434,1
278,P_NOUN_9_ADJ_b,F,P,les gemmes avec le billet qui étaient là depuis hier ne sont pas très importantes <eos>,14,importantes,importants,12,M,S,importantes,-4.685997,importants,-6.9416914,1
279,P_NOUN_9_ADJ_b,F,P,les gemmes avec le billet qui étaient là depuis hier ne sont pas très courtes <eos>,14,courtes,courts,12,M,S,courtes,-6.867765,courts,-8.235975,1
280,P_NOUN_9_ADJ_b,F,P,les gemmes avec le billet qui étaient là depuis hier ne sont pas très dures <eos>,14,dures,durs,12,M,S,dures,-5.928548,durs,-7.332943,1
281,P_NOUN_9_ADJ_b,F,P,les gemmes avec le billet qui étaient là depuis hier ne sont pas très claires <eos>,14,claires,clairs,12,M,S,claires,-4.777019,clairs,-6.1256995,1
282,P_NOUN_9_ADJ_b,F,P,les gemmes avec le billet qui étaient là depuis hier ne sont pas très intéressantes <eos>,14,intéressantes,intéressants,12,M,S,intéressantes,-5.76201,intéressants,-6.9494777,1
283,P_NOUN_9_ADJ_b,F,P,les gemmes avec le billet qui étaient là depuis hier ne sont pas très brillantes <eos>,14,brillantes,brillants,12,M,S,brillantes,-6.6708264,brillants,-8.001823,1
284,P_NOUN_9_ADJ_b,F,P,les gemmes avec le billet qui étaient là depuis hier ne sont pas très compliquées <eos>,14,compliquées,compliqués,12,M,S,compliquées,-6.7310905,compliqués,-7.374504,1
285,P_NOUN_9_ADJ_b,F,P,les gemmes avec le légume qui étaient là depuis hier ne sont pas très vertes <eos>,14,vertes,verts,12,M,S,vertes,-10.32048,verts,-10.447927,1
286,P_NOUN_9_ADJ_b,F,P,les gemmes avec le légume qui étaient là depuis hier ne sont pas très bleues <eos>,14,bleues,bleus,12,M,S,bleues,-11.651396,bleus,-11.835325,1
287,P_NOUN_9_ADJ_b,F,P,les gemmes avec le légume qui étaient là depuis hier ne sont pas très noires <eos>,14,noires,noirs,12,M,S,noires,-10.008295,noirs,-11.906374,1
288,P_NOUN_9_ADJ_b,F,P,les gemmes avec le légume qui étaient là depuis hier ne sont pas très délicates <eos>,14,délicates,délicats,12,M,S,délicates,-7.6026607,délicats,-8.900263,1
289,P_NOUN_9_ADJ_b,F,P,les gemmes avec le légume qui étaient là depuis hier ne sont pas très pointues <eos>,14,pointues,pointus,12,M,S,pointues,-9.614914,pointus,-12.31221,1
290,P_NOUN_9_ADJ_b,F,P,les gemmes avec le légume qui étaient là depuis hier ne sont pas très rondes <eos>,14,rondes,ronds,12,M,S,rondes,-11.12377,ronds,-12.445092,1
291,P_NOUN_9_ADJ_b,F,P,les gemmes avec le légume qui étaient là depuis hier ne sont pas très froides <eos>,14,froides,froids,12,M,S,froides,-5.147849,froids,-9.652868,1
292,P_NOUN_9_ADJ_b,F,P,les gemmes avec le légume qui étaient là depuis hier ne sont pas très chaudes <eos>,14,chaudes,chauds,12,M,S,chaudes,-5.4053144,chauds,-8.173805,1
293,P_NOUN_9_ADJ_b,F,P,les gemmes avec le légume qui étaient là depuis hier ne sont pas très importantes <eos>,14,importantes,importants,12,M,S,importantes,-4.7467465,importants,-7.5980763,1
294,P_NOUN_9_ADJ_b,F,P,les gemmes avec le légume qui étaient là depuis hier ne sont pas très courtes <eos>,14,courtes,courts,12,M,S,courtes,-7.8640313,courts,-9.422363,1
295,P_NOUN_9_ADJ_b,F,P,les gemmes avec le légume qui étaient là depuis hier ne sont pas très dures <eos>,14,dures,durs,12,M,S,dures,-5.3561535,durs,-7.574749,1
296,P_NOUN_9_ADJ_b,F,P,les gemmes avec le légume qui étaient là depuis hier ne sont pas très claires <eos>,14,claires,clairs,12,M,S,claires,-3.308277,clairs,-6.657136,1
297,P_NOUN_9_ADJ_b,F,P,les gemmes avec le légume qui étaient là depuis hier ne sont pas très intéressantes <eos>,14,intéressantes,intéressants,12,M,S,intéressantes,-6.2310953,intéressants,-8.532933,1
298,P_NOUN_9_ADJ_b,F,P,les gemmes avec le légume qui étaient là depuis hier ne sont pas très brillantes <eos>,14,brillantes,brillants,12,M,S,brillantes,-6.5496726,brillants,-8.664188,1
299,P_NOUN_9_ADJ_b,F,P,les gemmes avec le légume qui étaient là depuis hier ne sont pas très compliquées <eos>,14,compliquées,compliqués,12,M,S,compliquées,-7.936318,compliqués,-8.737282,1
300,P_NOUN_9_ADJ_b,F,P,les chaises avec le bracelet qui étaient là depuis hier ne sont pas très vertes <eos>,14,vertes,verts,12,M,S,vertes,-10.126076,verts,-9.605749,0
301,P_NOUN_9_ADJ_b,F,P,les chaises avec le bracelet qui étaient là depuis hier ne sont pas très bleues <eos>,14,bleues,bleus,12,M,S,bleues,-11.001325,bleus,-11.080596,1
302,P_NOUN_9_ADJ_b,F,P,les chaises avec le bracelet qui étaient là depuis hier ne sont pas très noires <eos>,14,noires,noirs,12,M,S,noires,-10.145667,noirs,-12.007935,1
303,P_NOUN_9_ADJ_b,F,P,les chaises avec le bracelet qui étaient là depuis hier ne sont pas très délicates <eos>,14,délicates,délicats,12,M,S,délicates,-7.207737,délicats,-8.953866,1
304,P_NOUN_9_ADJ_b,F,P,les chaises avec le bracelet qui étaient là depuis hier ne sont pas très pointues <eos>,14,pointues,pointus,12,M,S,pointues,-8.895212,pointus,-11.1411,1
305,P_NOUN_9_ADJ_b,F,P,les chaises avec le bracelet qui étaient là depuis hier ne sont pas très rondes <eos>,14,rondes,ronds,12,M,S,rondes,-10.538492,ronds,-12.429644,1
306,P_NOUN_9_ADJ_b,F,P,les chaises avec le bracelet qui étaient là depuis hier ne sont pas très froides <eos>,14,froides,froids,12,M,S,froides,-5.7785773,froids,-10.667234,1
307,P_NOUN_9_ADJ_b,F,P,les chaises avec le bracelet qui étaient là depuis hier ne sont pas très chaudes <eos>,14,chaudes,chauds,12,M,S,chaudes,-6.712117,chauds,-8.121189,1
308,P_NOUN_9_ADJ_b,F,P,les chaises avec le bracelet qui étaient là depuis hier ne sont pas très importantes <eos>,14,importantes,importants,12,M,S,importantes,-5.1871223,importants,-7.3629904,1
309,P_NOUN_9_ADJ_b,F,P,les chaises avec le bracelet qui étaient là depuis hier ne sont pas très courtes <eos>,14,courtes,courts,12,M,S,courtes,-7.3580236,courts,-8.025072,1
310,P_NOUN_9_ADJ_b,F,P,les chaises avec le bracelet qui étaient là depuis hier ne sont pas très dures <eos>,14,dures,durs,12,M,S,dures,-5.8550444,durs,-6.927824,1
311,P_NOUN_9_ADJ_b,F,P,les chaises avec le bracelet qui étaient là depuis hier ne sont pas très claires <eos>,14,claires,clairs,12,M,S,claires,-4.034953,clairs,-5.9953003,1
312,P_NOUN_9_ADJ_b,F,P,les chaises avec le bracelet qui étaient là depuis hier ne sont pas très intéressantes <eos>,14,intéressantes,intéressants,12,M,S,intéressantes,-6.3752995,intéressants,-7.476679,1
313,P_NOUN_9_ADJ_b,F,P,les chaises avec le bracelet qui étaient là depuis hier ne sont pas très brillantes <eos>,14,brillantes,brillants,12,M,S,brillantes,-7.1010637,brillants,-7.773321,1
314,P_NOUN_9_ADJ_b,F,P,les chaises avec le bracelet qui étaient là depuis hier ne sont pas très compliquées <eos>,14,compliquées,compliqués,12,M,S,compliquées,-6.8774595,compliqués,-7.1707115,1
315,P_NOUN_9_ADJ_b,F,P,les chaises avec le miroir qui étaient là depuis hier ne sont pas très vertes <eos>,14,vertes,verts,12,M,S,vertes,-10.049061,verts,-10.783354,1
316,P_NOUN_9_ADJ_b,F,P,les chaises avec le miroir qui étaient là depuis hier ne sont pas très bleues <eos>,14,bleues,bleus,12,M,S,bleues,-11.032936,bleus,-11.729183,1
317,P_NOUN_9_ADJ_b,F,P,les chaises avec le miroir qui étaient là depuis hier ne sont pas très noires <eos>,14,noires,noirs,12,M,S,noires,-9.974121,noirs,-12.3535385,1
318,P_NOUN_9_ADJ_b,F,P,les chaises avec le miroir qui étaient là depuis hier ne sont pas très délicates <eos>,14,délicates,délicats,12,M,S,délicates,-7.193795,délicats,-8.790739,1
319,P_NOUN_9_ADJ_b,F,P,les chaises avec le miroir qui étaient là depuis hier ne sont pas très pointues <eos>,14,pointues,pointus,12,M,S,pointues,-8.57952,pointus,-11.1951,1
320,P_NOUN_9_ADJ_b,F,P,les chaises avec le miroir qui étaient là depuis hier ne sont pas très rondes <eos>,14,rondes,ronds,12,M,S,rondes,-9.90096,ronds,-12.02694,1
321,P_NOUN_9_ADJ_b,F,P,les chaises avec le miroir qui étaient là depuis hier ne sont pas très froides <eos>,14,froides,froids,12,M,S,froides,-6.1820974,froids,-10.659613,1
322,P_NOUN_9_ADJ_b,F,P,les chaises avec le miroir qui étaient là depuis hier ne sont pas très chaudes <eos>,14,chaudes,chauds,12,M,S,chaudes,-6.5927896,chauds,-9.003927,1
323,P_NOUN_9_ADJ_b,F,P,les chaises avec le miroir qui étaient là depuis hier ne sont pas très importantes <eos>,14,importantes,importants,12,M,S,importantes,-5.3253016,importants,-8.138639,1
324,P_NOUN_9_ADJ_b,F,P,les chaises avec le miroir qui étaient là depuis hier ne sont pas très courtes <eos>,14,courtes,courts,12,M,S,courtes,-6.3849926,courts,-8.15337,1
325,P_NOUN_9_ADJ_b,F,P,les chaises avec le miroir qui étaient là depuis hier ne sont pas très dures <eos>,14,dures,durs,12,M,S,dures,-6.115011,durs,-7.6462364,1
326,P_NOUN_9_ADJ_b,F,P,les chaises avec le miroir qui étaient là depuis hier ne sont pas très claires <eos>,14,claires,clairs,12,M,S,claires,-3.7379775,clairs,-6.464213,1
327,P_NOUN_9_ADJ_b,F,P,les chaises avec le miroir qui étaient là depuis hier ne sont pas très intéressantes <eos>,14,intéressantes,intéressants,12,M,S,intéressantes,-6.893386,intéressants,-8.433411,1
328,P_NOUN_9_ADJ_b,F,P,les chaises avec le miroir qui étaient là depuis hier ne sont pas très brillantes <eos>,14,brillantes,brillants,12,M,S,brillantes,-6.734709,brillants,-8.878684,1
329,P_NOUN_9_ADJ_b,F,P,les chaises avec le miroir qui étaient là depuis hier ne sont pas très compliquées <eos>,14,compliquées,compliqués,12,M,S,compliquées,-6.4779377,compliqués,-7.2898054,1
330,P_NOUN_9_ADJ_b,F,P,les chaises avec le crayon qui étaient là depuis hier ne sont pas très vertes <eos>,14,vertes,verts,12,M,S,vertes,-9.809628,verts,-10.756486,1
331,P_NOUN_9_ADJ_b,F,P,les chaises avec le crayon qui étaient là depuis hier ne sont pas très bleues <eos>,14,bleues,bleus,12,M,S,bleues,-10.89555,bleus,-11.646042,1
332,P_NOUN_9_ADJ_b,F,P,les chaises avec le crayon qui étaient là depuis hier ne sont pas très noires <eos>,14,noires,noirs,12,M,S,noires,-9.885682,noirs,-12.227769,1
333,P_NOUN_9_ADJ_b,F,P,les chaises avec le crayon qui étaient là depuis hier ne sont pas très délicates <eos>,14,délicates,délicats,12,M,S,délicates,-7.2838516,délicats,-8.487054,1
334,P_NOUN_9_ADJ_b,F,P,les chaises avec le crayon qui étaient là depuis hier ne sont pas très pointues <eos>,14,pointues,pointus,12,M,S,pointues,-9.254889,pointus,-11.586311,1
335,P_NOUN_9_ADJ_b,F,P,les chaises avec le crayon qui étaient là depuis hier ne sont pas très rondes <eos>,14,rondes,ronds,12,M,S,rondes,-10.528218,ronds,-11.908549,1
336,P_NOUN_9_ADJ_b,F,P,les chaises avec le crayon qui étaient là depuis hier ne sont pas très froides <eos>,14,froides,froids,12,M,S,froides,-6.207244,froids,-10.703301,1
337,P_NOUN_9_ADJ_b,F,P,les chaises avec le crayon qui étaient là depuis hier ne sont pas très chaudes <eos>,14,chaudes,chauds,12,M,S,chaudes,-6.6520615,chauds,-8.967337,1
338,P_NOUN_9_ADJ_b,F,P,les chaises avec le crayon qui étaient là depuis hier ne sont pas très importantes <eos>,14,importantes,importants,12,M,S,importantes,-5.4687977,importants,-8.257626,1
339,P_NOUN_9_ADJ_b,F,P,les chaises avec le crayon qui étaient là depuis hier ne sont pas très courtes <eos>,14,courtes,courts,12,M,S,courtes,-6.6373672,courts,-8.283853,1
340,P_NOUN_9_ADJ_b,F,P,les chaises avec le crayon qui étaient là depuis hier ne sont pas très dures <eos>,14,dures,durs,12,M,S,dures,-5.8249416,durs,-7.3303595,1
341,P_NOUN_9_ADJ_b,F,P,les chaises avec le crayon qui étaient là depuis hier ne sont pas très claires <eos>,14,claires,clairs,12,M,S,claires,-3.5042725,clairs,-5.947158,1
342,P_NOUN_9_ADJ_b,F,P,les chaises avec le crayon qui étaient là depuis hier ne sont pas très intéressantes <eos>,14,intéressantes,intéressants,12,M,S,intéressantes,-6.80455,intéressants,-8.434373,1
343,P_NOUN_9_ADJ_b,F,P,les chaises avec le crayon qui étaient là depuis hier ne sont pas très brillantes <eos>,14,brillantes,brillants,12,M,S,brillantes,-6.6438136,brillants,-8.564255,1
344,P_NOUN_9_ADJ_b,F,P,les chaises avec le crayon qui étaient là depuis hier ne sont pas très compliquées <eos>,14,compliquées,compliqués,12,M,S,compliquées,-6.98522,compliqués,-7.3626633,1
345,P_NOUN_9_ADJ_b,F,P,les chaises avec le rideau qui étaient là depuis hier ne sont pas très vertes <eos>,14,vertes,verts,12,M,S,vertes,-10.242796,verts,-10.651821,1
346,P_NOUN_9_ADJ_b,F,P,les chaises avec le rideau qui étaient là depuis hier ne sont pas très bleues <eos>,14,bleues,bleus,12,M,S,bleues,-10.54682,bleus,-11.183315,1
347,P_NOUN_9_ADJ_b,F,P,les chaises avec le rideau qui étaient là depuis hier ne sont pas très noires <eos>,14,noires,noirs,12,M,S,noires,-9.701401,noirs,-12.086138,1
348,P_NOUN_9_ADJ_b,F,P,les chaises avec le rideau qui étaient là depuis hier ne sont pas très délicates <eos>,14,délicates,délicats,12,M,S,délicates,-7.017495,délicats,-9.0416565,1
349,P_NOUN_9_ADJ_b,F,P,les chaises avec le rideau qui étaient là depuis hier ne sont pas très pointues <eos>,14,pointues,pointus,12,M,S,pointues,-8.788672,pointus,-11.691678,1
350,P_NOUN_9_ADJ_b,F,P,les chaises avec le rideau qui étaient là depuis hier ne sont pas très rondes <eos>,14,rondes,ronds,12,M,S,rondes,-9.75197,ronds,-11.817558,1
351,P_NOUN_9_ADJ_b,F,P,les chaises avec le rideau qui étaient là depuis hier ne sont pas très froides <eos>,14,froides,froids,12,M,S,froides,-6.06379,froids,-10.400042,1
352,P_NOUN_9_ADJ_b,F,P,les chaises avec le rideau qui étaient là depuis hier ne sont pas très chaudes <eos>,14,chaudes,chauds,12,M,S,chaudes,-6.7420216,chauds,-8.972058,1
353,P_NOUN_9_ADJ_b,F,P,les chaises avec le rideau qui étaient là depuis hier ne sont pas très importantes <eos>,14,importantes,importants,12,M,S,importantes,-5.094457,importants,-8.01741,1
354,P_NOUN_9_ADJ_b,F,P,les chaises avec le rideau qui étaient là depuis hier ne sont pas très courtes <eos>,14,courtes,courts,12,M,S,courtes,-6.4967346,courts,-8.184963,1
355,P_NOUN_9_ADJ_b,F,P,les chaises avec le rideau qui étaient là depuis hier ne sont pas très dures <eos>,14,dures,durs,12,M,S,dures,-5.8116302,durs,-7.361635,1
356,P_NOUN_9_ADJ_b,F,P,les chaises avec le rideau qui étaient là depuis hier ne sont pas très claires <eos>,14,claires,clairs,12,M,S,claires,-3.5983005,clairs,-6.407759,1
357,P_NOUN_9_ADJ_b,F,P,les chaises avec le rideau qui étaient là depuis hier ne sont pas très intéressantes <eos>,14,intéressantes,intéressants,12,M,S,intéressantes,-7.0766964,intéressants,-8.620985,1
358,P_NOUN_9_ADJ_b,F,P,les chaises avec le rideau qui étaient là depuis hier ne sont pas très brillantes <eos>,14,brillantes,brillants,12,M,S,brillantes,-6.6413894,brillants,-8.925495,1
359,P_NOUN_9_ADJ_b,F,P,les chaises avec le rideau qui étaient là depuis hier ne sont pas très compliquées <eos>,14,compliquées,compliqués,12,M,S,compliquées,-6.86372,compliqués,-7.614153,1
360,P_NOUN_9_ADJ_b,F,P,les chaises avec le cahier qui étaient là depuis hier ne sont pas très vertes <eos>,14,vertes,verts,12,M,S,vertes,-10.110472,verts,-10.418245,1
361,P_NOUN_9_ADJ_b,F,P,les chaises avec le cahier qui étaient là depuis hier ne sont pas très bleues <eos>,14,bleues,bleus,12,M,S,bleues,-11.068194,bleus,-11.445643,1
362,P_NOUN_9_ADJ_b,F,P,les chaises avec le cahier qui étaient là depuis hier ne sont pas très noires <eos>,14,noires,noirs,12,M,S,noires,-10.216183,noirs,-12.065585,1
363,P_NOUN_9_ADJ_b,F,P,les chaises avec le cahier qui étaient là depuis hier ne sont pas très délicates <eos>,14,délicates,délicats,12,M,S,délicates,-7.0576134,délicats,-8.489325,1
364,P_NOUN_9_ADJ_b,F,P,les chaises avec le cahier qui étaient là depuis hier ne sont pas très pointues <eos>,14,pointues,pointus,12,M,S,pointues,-8.986212,pointus,-11.088453,1
365,P_NOUN_9_ADJ_b,F,P,les chaises avec le cahier qui étaient là depuis hier ne sont pas très rondes <eos>,14,rondes,ronds,12,M,S,rondes,-9.79303,ronds,-11.626463,1
366,P_NOUN_9_ADJ_b,F,P,les chaises avec le cahier qui étaient là depuis hier ne sont pas très froides <eos>,14,froides,froids,12,M,S,froides,-6.1557474,froids,-10.129193,1
367,P_NOUN_9_ADJ_b,F,P,les chaises avec le cahier qui étaient là depuis hier ne sont pas très chaudes <eos>,14,chaudes,chauds,12,M,S,chaudes,-6.730496,chauds,-8.3896675,1
368,P_NOUN_9_ADJ_b,F,P,les chaises avec le cahier qui étaient là depuis hier ne sont pas très importantes <eos>,14,importantes,importants,12,M,S,importantes,-5.479204,importants,-7.312685,1
369,P_NOUN_9_ADJ_b,F,P,les chaises avec le cahier qui étaient là depuis hier ne sont pas très courtes <eos>,14,courtes,courts,12,M,S,courtes,-6.4684324,courts,-7.638172,1
370,P_NOUN_9_ADJ_b,F,P,les chaises avec le cahier qui étaient là depuis hier ne sont pas très dures <eos>,14,dures,durs,12,M,S,dures,-6.0059347,durs,-7.148018,1
371,P_NOUN_9_ADJ_b,F,P,les chaises avec le cahier qui étaient là depuis hier ne sont pas très claires <eos>,14,claires,clairs,12,M,S,claires,-3.784219,clairs,-5.9787245,1
372,P_NOUN_9_ADJ_b,F,P,les chaises avec le cahier qui étaient là depuis hier ne sont pas très intéressantes <eos>,14,intéressantes,intéressants,12,M,S,intéressantes,-6.7773113,intéressants,-7.5937576,1
373,P_NOUN_9_ADJ_b,F,P,les chaises avec le cahier qui étaient là depuis hier ne sont pas très brillantes <eos>,14,brillantes,brillants,12,M,S,brillantes,-7.259446,brillants,-8.515956,1
374,P_NOUN_9_ADJ_b,F,P,les chaises avec le cahier qui étaient là depuis hier ne sont pas très compliquées <eos>,14,compliquées,compliqués,12,M,S,compliquées,-6.9264975,compliqués,-7.2145185,1
375,P_NOUN_9_ADJ_b,F,P,les chaises avec le micro qui étaient là depuis hier ne sont pas très vertes <eos>,14,vertes,verts,12,M,S,vertes,-10.137746,verts,-10.719883,1
376,P_NOUN_9_ADJ_b,F,P,les chaises avec le micro qui étaient là depuis hier ne sont pas très bleues <eos>,14,bleues,bleus,12,M,S,bleues,-10.707419,bleus,-11.3174715,1
377,P_NOUN_9_ADJ_b,F,P,les chaises avec le micro qui étaient là depuis hier ne sont pas très noires <eos>,14,noires,noirs,12,M,S,noires,-9.768888,noirs,-12.127503,1
378,P_NOUN_9_ADJ_b,F,P,les chaises avec le micro qui étaient là depuis hier ne sont pas très délicates <eos>,14,délicates,délicats,12,M,S,délicates,-7.2708664,délicats,-9.045626,1
379,P_NOUN_9_ADJ_b,F,P,les chaises avec le micro qui étaient là depuis hier ne sont pas très pointues <eos>,14,pointues,pointus,12,M,S,pointues,-8.697948,pointus,-11.630583,1
380,P_NOUN_9_ADJ_b,F,P,les chaises avec le micro qui étaient là depuis hier ne sont pas très rondes <eos>,14,rondes,ronds,12,M,S,rondes,-9.704105,ronds,-11.910036,1
381,P_NOUN_9_ADJ_b,F,P,les chaises avec le micro qui étaient là depuis hier ne sont pas très froides <eos>,14,froides,froids,12,M,S,froides,-5.9331884,froids,-10.71131,1
382,P_NOUN_9_ADJ_b,F,P,les chaises avec le micro qui étaient là depuis hier ne sont pas très chaudes <eos>,14,chaudes,chauds,12,M,S,chaudes,-6.6858196,chauds,-9.066728,1
383,P_NOUN_9_ADJ_b,F,P,les chaises avec le micro qui étaient là depuis hier ne sont pas très importantes <eos>,14,importantes,importants,12,M,S,importantes,-5.212858,importants,-8.055993,1
384,P_NOUN_9_ADJ_b,F,P,les chaises avec le micro qui étaient là depuis hier ne sont pas très courtes <eos>,14,courtes,courts,12,M,S,courtes,-6.427443,courts,-7.965363,1
385,P_NOUN_9_ADJ_b,F,P,les chaises avec le micro qui étaient là depuis hier ne sont pas très dures <eos>,14,dures,durs,12,M,S,dures,-6.1889973,durs,-7.380349,1
386,P_NOUN_9_ADJ_b,F,P,les chaises avec le micro qui étaient là depuis hier ne sont pas très claires <eos>,14,claires,clairs,12,M,S,claires,-3.5139623,clairs,-6.741635,1
387,P_NOUN_9_ADJ_b,F,P,les chaises avec le micro qui étaient là depuis hier ne sont pas très intéressantes <eos>,14,intéressantes,intéressants,12,M,S,intéressantes,-6.7029657,intéressants,-8.2888365,1
388,P_NOUN_9_ADJ_b,F,P,les chaises avec le micro qui étaient là depuis hier ne sont pas très brillantes <eos>,14,brillantes,brillants,12,M,S,brillantes,-7.1827297,brillants,-9.210104,1
389,P_NOUN_9_ADJ_b,F,P,les chaises avec le micro qui étaient là depuis hier ne sont pas très compliquées <eos>,14,compliquées,compliqués,12,M,S,compliquées,-6.734398,compliqués,-7.6066246,1
390,P_NOUN_9_ADJ_b,F,P,les chaises avec le sac qui étaient là depuis hier ne sont pas très vertes <eos>,14,vertes,verts,12,M,S,vertes,-10.281448,verts,-10.430275,1
391,P_NOUN_9_ADJ_b,F,P,les chaises avec le sac qui étaient là depuis hier ne sont pas très bleues <eos>,14,bleues,bleus,12,M,S,bleues,-11.008531,bleus,-11.31164,1
392,P_NOUN_9_ADJ_b,F,P,les chaises avec le sac qui étaient là depuis hier ne sont pas très noires <eos>,14,noires,noirs,12,M,S,noires,-9.98797,noirs,-11.876267,1
393,P_NOUN_9_ADJ_b,F,P,les chaises avec le sac qui étaient là depuis hier ne sont pas très délicates <eos>,14,délicates,délicats,12,M,S,délicates,-7.5349884,délicats,-8.520585,1
394,P_NOUN_9_ADJ_b,F,P,les chaises avec le sac qui étaient là depuis hier ne sont pas très pointues <eos>,14,pointues,pointus,12,M,S,pointues,-8.735533,pointus,-11.195553,1
395,P_NOUN_9_ADJ_b,F,P,les chaises avec le sac qui étaient là depuis hier ne sont pas très rondes <eos>,14,rondes,ronds,12,M,S,rondes,-9.948818,ronds,-11.784451,1
396,P_NOUN_9_ADJ_b,F,P,les chaises avec le sac qui étaient là depuis hier ne sont pas très froides <eos>,14,froides,froids,12,M,S,froides,-5.9838037,froids,-10.33394,1
397,P_NOUN_9_ADJ_b,F,P,les chaises avec le sac qui étaient là depuis hier ne sont pas très chaudes <eos>,14,chaudes,chauds,12,M,S,chaudes,-6.7695656,chauds,-8.423146,1
398,P_NOUN_9_ADJ_b,F,P,les chaises avec le sac qui étaient là depuis hier ne sont pas très importantes <eos>,14,importantes,importants,12,M,S,importantes,-5.273796,importants,-7.6549225,1
399,P_NOUN_9_ADJ_b,F,P,les chaises avec le sac qui étaient là depuis hier ne sont pas très courtes <eos>,14,courtes,courts,12,M,S,courtes,-6.720343,courts,-7.8163705,1
400,P_NOUN_9_ADJ_b,F,P,les chaises avec le sac qui étaient là depuis hier ne sont pas très dures <eos>,14,dures,durs,12,M,S,dures,-5.676197,durs,-6.7376347,1
401,P_NOUN_9_ADJ_b,F,P,les chaises avec le sac qui étaient là depuis hier ne sont pas très claires <eos>,14,claires,clairs,12,M,S,claires,-3.799981,clairs,-6.1668663,1
402,P_NOUN_9_ADJ_b,F,P,les chaises avec le sac qui étaient là depuis hier ne sont pas très intéressantes <eos>,14,intéressantes,intéressants,12,M,S,intéressantes,-6.713545,intéressants,-8.076775,1
403,P_NOUN_9_ADJ_b,F,P,les chaises avec le sac qui étaient là depuis hier ne sont pas très brillantes <eos>,14,brillantes,brillants,12,M,S,brillantes,-7.009924,brillants,-8.577604,1
404,P_NOUN_9_ADJ_b,F,P,les chaises avec le sac qui étaient là depuis hier ne sont pas très compliquées <eos>,14,compliquées,compliqués,12,M,S,compliquées,-6.8494053,compliqués,-7.4115124,1
405,P_NOUN_9_ADJ_b,F,P,les chaises avec le clavier qui étaient là depuis hier ne sont pas très vertes <eos>,14,vertes,verts,12,M,S,vertes,-10.795607,verts,-11.363884,1
406,P_NOUN_9_ADJ_b,F,P,les chaises avec le clavier qui étaient là depuis hier ne sont pas très bleues <eos>,14,bleues,bleus,12,M,S,bleues,-11.653155,bleus,-12.372254,1
407,P_NOUN_9_ADJ_b,F,P,les chaises avec le clavier qui étaient là depuis hier ne sont pas très noires <eos>,14,noires,noirs,12,M,S,noires,-10.456164,noirs,-12.715445,1
408,P_NOUN_9_ADJ_b,F,P,les chaises avec le clavier qui étaient là depuis hier ne sont pas très délicates <eos>,14,délicates,délicats,12,M,S,délicates,-7.784479,délicats,-9.14199,1
409,P_NOUN_9_ADJ_b,F,P,les chaises avec le clavier qui étaient là depuis hier ne sont pas très pointues <eos>,14,pointues,pointus,12,M,S,pointues,-8.788903,pointus,-12.22903,1
410,P_NOUN_9_ADJ_b,F,P,les chaises avec le clavier qui étaient là depuis hier ne sont pas très rondes <eos>,14,rondes,ronds,12,M,S,rondes,-10.104992,ronds,-12.519466,1
411,P_NOUN_9_ADJ_b,F,P,les chaises avec le clavier qui étaient là depuis hier ne sont pas très froides <eos>,14,froides,froids,12,M,S,froides,-6.5262833,froids,-11.324274,1
412,P_NOUN_9_ADJ_b,F,P,les chaises avec le clavier qui étaient là depuis hier ne sont pas très chaudes <eos>,14,chaudes,chauds,12,M,S,chaudes,-7.2709074,chauds,-9.691251,1
413,P_NOUN_9_ADJ_b,F,P,les chaises avec le clavier qui étaient là depuis hier ne sont pas très importantes <eos>,14,importantes,importants,12,M,S,importantes,-5.417881,importants,-8.260169,1
414,P_NOUN_9_ADJ_b,F,P,les chaises avec le clavier qui étaient là depuis hier ne sont pas très courtes <eos>,14,courtes,courts,12,M,S,courtes,-6.363121,courts,-8.341696,1
415,P_NOUN_9_ADJ_b,F,P,les chaises avec le clavier qui étaient là depuis hier ne sont pas très dures <eos>,14,dures,durs,12,M,S,dures,-5.997755,durs,-6.78109,1
416,P_NOUN_9_ADJ_b,F,P,les chaises avec le clavier qui étaient là depuis hier ne sont pas très claires <eos>,14,claires,clairs,12,M,S,claires,-3.5277946,clairs,-6.513912,1
417,P_NOUN_9_ADJ_b,F,P,les chaises avec le clavier qui étaient là depuis hier ne sont pas très intéressantes <eos>,14,intéressantes,intéressants,12,M,S,intéressantes,-6.7062783,intéressants,-8.298662,1
418,P_NOUN_9_ADJ_b,F,P,les chaises avec le clavier qui étaient là depuis hier ne sont pas très brillantes <eos>,14,brillantes,brillants,12,M,S,brillantes,-6.830967,brillants,-9.295796,1
419,P_NOUN_9_ADJ_b,F,P,les chaises avec le clavier qui étaient là depuis hier ne sont pas très compliquées <eos>,14,compliquées,compliqués,12,M,S,compliquées,-6.1747675,compliqués,-7.173312,1
420,P_NOUN_9_ADJ_b,F,P,les chaises avec le raisin qui étaient là depuis hier ne sont pas très vertes <eos>,14,vertes,verts,12,M,S,vertes,-10.104659,verts,-11.010609,1
421,P_NOUN_9_ADJ_b,F,P,les chaises avec le raisin qui étaient là depuis hier ne sont pas très bleues <eos>,14,bleues,bleus,12,M,S,bleues,-11.513679,bleus,-11.99011,1
422,P_NOUN_9_ADJ_b,F,P,les chaises avec le raisin qui étaient là depuis hier ne sont pas très noires <eos>,14,noires,noirs,12,M,S,noires,-9.863817,noirs,-12.593536,1
423,P_NOUN_9_ADJ_b,F,P,les chaises avec le raisin qui étaient là depuis hier ne sont pas très délicates <eos>,14,délicates,délicats,12,M,S,délicates,-7.5937796,délicats,-8.223588,1
424,P_NOUN_9_ADJ_b,F,P,les chaises avec le raisin qui étaient là depuis hier ne sont pas très pointues <eos>,14,pointues,pointus,12,M,S,pointues,-9.031625,pointus,-12.267541,1
425,P_NOUN_9_ADJ_b,F,P,les chaises avec le raisin qui étaient là depuis hier ne sont pas très rondes <eos>,14,rondes,ronds,12,M,S,rondes,-10.288523,ronds,-12.200207,1
426,P_NOUN_9_ADJ_b,F,P,les chaises avec le raisin qui étaient là depuis hier ne sont pas très froides <eos>,14,froides,froids,12,M,S,froides,-5.8567734,froids,-10.21201,1
427,P_NOUN_9_ADJ_b,F,P,les chaises avec le raisin qui étaient là depuis hier ne sont pas très chaudes <eos>,14,chaudes,chauds,12,M,S,chaudes,-6.044691,chauds,-8.289949,1
428,P_NOUN_9_ADJ_b,F,P,les chaises avec le raisin qui étaient là depuis hier ne sont pas très importantes <eos>,14,importantes,importants,12,M,S,importantes,-4.848406,importants,-8.072825,1
429,P_NOUN_9_ADJ_b,F,P,les chaises avec le raisin qui étaient là depuis hier ne sont pas très courtes <eos>,14,courtes,courts,12,M,S,courtes,-7.1338167,courts,-8.539788,1
430,P_NOUN_9_ADJ_b,F,P,les chaises avec le raisin qui étaient là depuis hier ne sont pas très dures <eos>,14,dures,durs,12,M,S,dures,-5.614911,durs,-7.1213627,1
431,P_NOUN_9_ADJ_b,F,P,les chaises avec le raisin qui étaient là depuis hier ne sont pas très claires <eos>,14,claires,clairs,12,M,S,claires,-3.650455,clairs,-7.098823,1
432,P_NOUN_9_ADJ_b,F,P,les chaises avec le raisin qui étaient là depuis hier ne sont pas très intéressantes <eos>,14,intéressantes,intéressants,12,M,S,intéressantes,-6.5396986,intéressants,-8.966136,1
433,P_NOUN_9_ADJ_b,F,P,les chaises avec le raisin qui étaient là depuis hier ne sont pas très brillantes <eos>,14,brillantes,brillants,12,M,S,brillantes,-7.285349,brillants,-8.946411,1
434,P_NOUN_9_ADJ_b,F,P,les chaises avec le raisin qui étaient là depuis hier ne sont pas très compliquées <eos>,14,compliquées,compliqués,12,M,S,compliquées,-7.853313,compliqués,-8.214806,1
435,P_NOUN_9_ADJ_b,F,P,les chaises avec le chargeur qui étaient là depuis hier ne sont pas très vertes <eos>,14,vertes,verts,12,M,S,vertes,-10.52627,verts,-11.590815,1
436,P_NOUN_9_ADJ_b,F,P,les chaises avec le chargeur qui étaient là depuis hier ne sont pas très bleues <eos>,14,bleues,bleus,12,M,S,bleues,-11.5111475,bleus,-11.957797,1
437,P_NOUN_9_ADJ_b,F,P,les chaises avec le chargeur qui étaient là depuis hier ne sont pas très noires <eos>,14,noires,noirs,12,M,S,noires,-9.817771,noirs,-12.22929,1
438,P_NOUN_9_ADJ_b,F,P,les chaises avec le chargeur qui étaient là depuis hier ne sont pas très délicates <eos>,14,délicates,délicats,12,M,S,délicates,-8.293322,délicats,-9.6062565,1
439,P_NOUN_9_ADJ_b,F,P,les chaises avec le chargeur qui étaient là depuis hier ne sont pas très pointues <eos>,14,pointues,pointus,12,M,S,pointues,-8.755406,pointus,-11.654553,1
440,P_NOUN_9_ADJ_b,F,P,les chaises avec le chargeur qui étaient là depuis hier ne sont pas très rondes <eos>,14,rondes,ronds,12,M,S,rondes,-10.355975,ronds,-12.476837,1
441,P_NOUN_9_ADJ_b,F,P,les chaises avec le chargeur qui étaient là depuis hier ne sont pas très froides <eos>,14,froides,froids,12,M,S,froides,-6.0135913,froids,-11.204985,1
442,P_NOUN_9_ADJ_b,F,P,les chaises avec le chargeur qui étaient là depuis hier ne sont pas très chaudes <eos>,14,chaudes,chauds,12,M,S,chaudes,-7.4170146,chauds,-8.720495,1
443,P_NOUN_9_ADJ_b,F,P,les chaises avec le chargeur qui étaient là depuis hier ne sont pas très importantes <eos>,14,importantes,importants,12,M,S,importantes,-5.132175,importants,-8.203096,1
444,P_NOUN_9_ADJ_b,F,P,les chaises avec le chargeur qui étaient là depuis hier ne sont pas très courtes <eos>,14,courtes,courts,12,M,S,courtes,-6.1145105,courts,-8.336116,1
445,P_NOUN_9_ADJ_b,F,P,les chaises avec le chargeur qui étaient là depuis hier ne sont pas très dures <eos>,14,dures,durs,12,M,S,dures,-5.873671,durs,-7.091048,1
446,P_NOUN_9_ADJ_b,F,P,les chaises avec le chargeur qui étaient là depuis hier ne sont pas très claires <eos>,14,claires,clairs,12,M,S,claires,-4.5594378,clairs,-7.1183224,1
447,P_NOUN_9_ADJ_b,F,P,les chaises avec le chargeur qui étaient là depuis hier ne sont pas très intéressantes <eos>,14,intéressantes,intéressants,12,M,S,intéressantes,-6.7724276,intéressants,-8.68839,1
448,P_NOUN_9_ADJ_b,F,P,les chaises avec le chargeur qui étaient là depuis hier ne sont pas très brillantes <eos>,14,brillantes,brillants,12,M,S,brillantes,-7.4861197,brillants,-9.091892,1
449,P_NOUN_9_ADJ_b,F,P,les chaises avec le chargeur qui étaient là depuis hier ne sont pas très compliquées <eos>,14,compliquées,compliqués,12,M,S,compliquées,-6.767105,compliqués,-7.431342,1
450,P_NOUN_9_ADJ_b,F,P,les chaises avec le vase qui étaient là depuis hier ne sont pas très vertes <eos>,14,vertes,verts,12,M,S,vertes,-10.403721,verts,-10.813691,1
451,P_NOUN_9_ADJ_b,F,P,les chaises avec le vase qui étaient là depuis hier ne sont pas très bleues <eos>,14,bleues,bleus,12,M,S,bleues,-11.456351,bleus,-11.885423,1
452,P_NOUN_9_ADJ_b,F,P,les chaises avec le vase qui étaient là depuis hier ne sont pas très noires <eos>,14,noires,noirs,12,M,S,noires,-10.218218,noirs,-12.623453,1
453,P_NOUN_9_ADJ_b,F,P,les chaises avec le vase qui étaient là depuis hier ne sont pas très délicates <eos>,14,délicates,délicats,12,M,S,délicates,-7.1007833,délicats,-8.479442,1
454,P_NOUN_9_ADJ_b,F,P,les chaises avec le vase qui étaient là depuis hier ne sont pas très pointues <eos>,14,pointues,pointus,12,M,S,pointues,-9.022019,pointus,-11.462884,1
455,P_NOUN_9_ADJ_b,F,P,les chaises avec le vase qui étaient là depuis hier ne sont pas très rondes <eos>,14,rondes,ronds,12,M,S,rondes,-10.6187725,ronds,-12.120591,1
456,P_NOUN_9_ADJ_b,F,P,les chaises avec le vase qui étaient là depuis hier ne sont pas très froides <eos>,14,froides,froids,12,M,S,froides,-6.1486273,froids,-10.402378,1
457,P_NOUN_9_ADJ_b,F,P,les chaises avec le vase qui étaient là depuis hier ne sont pas très chaudes <eos>,14,chaudes,chauds,12,M,S,chaudes,-6.3344855,chauds,-8.7125225,1
458,P_NOUN_9_ADJ_b,F,P,les chaises avec le vase qui étaient là depuis hier ne sont pas très importantes <eos>,14,importantes,importants,12,M,S,importantes,-4.731928,importants,-7.4308424,1
459,P_NOUN_9_ADJ_b,F,P,les chaises avec le vase qui étaient là depuis hier ne sont pas très courtes <eos>,14,courtes,courts,12,M,S,courtes,-7.1891828,courts,-8.571287,1
460,P_NOUN_9_ADJ_b,F,P,les chaises avec le vase qui étaient là depuis hier ne sont pas très dures <eos>,14,dures,durs,12,M,S,dures,-5.8377466,durs,-7.52592,1
461,P_NOUN_9_ADJ_b,F,P,les chaises avec le vase qui étaient là depuis hier ne sont pas très claires <eos>,14,claires,clairs,12,M,S,claires,-3.8258052,clairs,-6.400246,1
462,P_NOUN_9_ADJ_b,F,P,les chaises avec le vase qui étaient là depuis hier ne sont pas très intéressantes <eos>,14,intéressantes,intéressants,12,M,S,intéressantes,-6.5728197,intéressants,-8.228798,1
463,P_NOUN_9_ADJ_b,F,P,les chaises avec le vase qui étaient là depuis hier ne sont pas très brillantes <eos>,14,brillantes,brillants,12,M,S,brillantes,-7.068851,brillants,-8.942217,1
464,P_NOUN_9_ADJ_b,F,P,les chaises avec le vase qui étaient là depuis hier ne sont pas très compliquées <eos>,14,compliquées,compliqués,12,M,S,compliquées,-7.0843697,compliqués,-7.5478916,1
465,P_NOUN_9_ADJ_b,F,P,les chaises avec le panier qui étaient là depuis hier ne sont pas très vertes <eos>,14,vertes,verts,12,M,S,vertes,-10.570316,verts,-10.678485,1
466,P_NOUN_9_ADJ_b,F,P,les chaises avec le panier qui étaient là depuis hier ne sont pas très bleues <eos>,14,bleues,bleus,12,M,S,bleues,-11.433623,bleus,-11.597459,1
467,P_NOUN_9_ADJ_b,F,P,les chaises avec le panier qui étaient là depuis hier ne sont pas très noires <eos>,14,noires,noirs,12,M,S,noires,-10.200943,noirs,-12.076101,1
468,P_NOUN_9_ADJ_b,F,P,les chaises avec le panier qui étaient là depuis hier ne sont pas très délicates <eos>,14,délicates,délicats,12,M,S,délicates,-7.4607077,délicats,-8.713688,1
469,P_NOUN_9_ADJ_b,F,P,les chaises avec le panier qui étaient là depuis hier ne sont pas très pointues <eos>,14,pointues,pointus,12,M,S,pointues,-8.920998,pointus,-11.354401,1
470,P_NOUN_9_ADJ_b,F,P,les chaises avec le panier qui étaient là depuis hier ne sont pas très rondes <eos>,14,rondes,ronds,12,M,S,rondes,-10.012647,ronds,-11.573973,1
471,P_NOUN_9_ADJ_b,F,P,les chaises avec le panier qui étaient là depuis hier ne sont pas très froides <eos>,14,froides,froids,12,M,S,froides,-6.173295,froids,-10.715695,1
472,P_NOUN_9_ADJ_b,F,P,les chaises avec le panier qui étaient là depuis hier ne sont pas très chaudes <eos>,14,chaudes,chauds,12,M,S,chaudes,-6.9201813,chauds,-8.627264,1
473,P_NOUN_9_ADJ_b,F,P,les chaises avec le panier qui étaient là depuis hier ne sont pas très importantes <eos>,14,importantes,importants,12,M,S,importantes,-5.1980743,importants,-7.365465,1
474,P_NOUN_9_ADJ_b,F,P,les chaises avec le panier qui étaient là depuis hier ne sont pas très courtes <eos>,14,courtes,courts,12,M,S,courtes,-6.9242992,courts,-7.72221,1
475,P_NOUN_9_ADJ_b,F,P,les chaises avec le panier qui étaient là depuis hier ne sont pas très dures <eos>,14,dures,durs,12,M,S,dures,-6.0372057,durs,-7.032552,1
476,P_NOUN_9_ADJ_b,F,P,les chaises avec le panier qui étaient là depuis hier ne sont pas très claires <eos>,14,claires,clairs,12,M,S,claires,-3.9528441,clairs,-6.37845,1
477,P_NOUN_9_ADJ_b,F,P,les chaises avec le panier qui étaient là depuis hier ne sont pas très intéressantes <eos>,14,intéressantes,intéressants,12,M,S,intéressantes,-6.676403,intéressants,-7.9378977,1
478,P_NOUN_9_ADJ_b,F,P,les chaises avec le panier qui étaient là depuis hier ne sont pas très brillantes <eos>,14,brillantes,brillants,12,M,S,brillantes,-7.5584993,brillants,-8.566538,1
479,P_NOUN_9_ADJ_b,F,P,les chaises avec le panier qui étaient là depuis hier ne sont pas très compliquées <eos>,14,compliquées,compliqués,12,M,S,compliquées,-7.122514,compliqués,-7.250559,1
480,P_NOUN_9_ADJ_b,F,P,les chaises avec le collier qui étaient là depuis hier ne sont pas très vertes <eos>,14,vertes,verts,12,M,S,vertes,-10.394942,verts,-10.095011,0
481,P_NOUN_9_ADJ_b,F,P,les chaises avec le collier qui étaient là depuis hier ne sont pas très bleues <eos>,14,bleues,bleus,12,M,S,bleues,-10.768938,bleus,-11.126589,1
482,P_NOUN_9_ADJ_b,F,P,les chaises avec le collier qui étaient là depuis hier ne sont pas très noires <eos>,14,noires,noirs,12,M,S,noires,-9.957267,noirs,-11.645383,1
483,P_NOUN_9_ADJ_b,F,P,les chaises avec le collier qui étaient là depuis hier ne sont pas très délicates <eos>,14,délicates,délicats,12,M,S,délicates,-7.3673697,délicats,-9.067955,1
484,P_NOUN_9_ADJ_b,F,P,les chaises avec le collier qui étaient là depuis hier ne sont pas très pointues <eos>,14,pointues,pointus,12,M,S,pointues,-8.682019,pointus,-11.013461,1
485,P_NOUN_9_ADJ_b,F,P,les chaises avec le collier qui étaient là depuis hier ne sont pas très rondes <eos>,14,rondes,ronds,12,M,S,rondes,-10.000364,ronds,-11.721646,1
486,P_NOUN_9_ADJ_b,F,P,les chaises avec le collier qui étaient là depuis hier ne sont pas très froides <eos>,14,froides,froids,12,M,S,froides,-6.0591674,froids,-10.600096,1
487,P_NOUN_9_ADJ_b,F,P,les chaises avec le collier qui étaient là depuis hier ne sont pas très chaudes <eos>,14,chaudes,chauds,12,M,S,chaudes,-6.897186,chauds,-8.646839,1
488,P_NOUN_9_ADJ_b,F,P,les chaises avec le collier qui étaient là depuis hier ne sont pas très importantes <eos>,14,importantes,importants,12,M,S,importantes,-5.3551407,importants,-7.369671,1
489,P_NOUN_9_ADJ_b,F,P,les chaises avec le collier qui étaient là depuis hier ne sont pas très courtes <eos>,14,courtes,courts,12,M,S,courtes,-7.027994,courts,-7.903286,1
490,P_NOUN_9_ADJ_b,F,P,les chaises avec le collier qui étaient là depuis hier ne sont pas très dures <eos>,14,dures,durs,12,M,S,dures,-5.954995,durs,-7.138234,1
491,P_NOUN_9_ADJ_b,F,P,les chaises avec le collier qui étaient là depuis hier ne sont pas très claires <eos>,14,claires,clairs,12,M,S,claires,-3.784454,clairs,-5.789896,1
492,P_NOUN_9_ADJ_b,F,P,les chaises avec le collier qui étaient là depuis hier ne sont pas très intéressantes <eos>,14,intéressantes,intéressants,12,M,S,intéressantes,-6.9288845,intéressants,-7.7902718,1
493,P_NOUN_9_ADJ_b,F,P,les chaises avec le collier qui étaient là depuis hier ne sont pas très brillantes <eos>,14,brillantes,brillants,12,M,S,brillantes,-6.639538,brillants,-8.062067,1
494,P_NOUN_9_ADJ_b,F,P,les chaises avec le collier qui étaient là depuis hier ne sont pas très compliquées <eos>,14,compliquées,compliqués,12,M,S,compliquées,-6.8014913,compliqués,-7.191755,1
495,P_NOUN_9_ADJ_b,F,P,les chaises avec le chapeau qui étaient là depuis hier ne sont pas très vertes <eos>,14,vertes,verts,12,M,S,vertes,-10.007629,verts,-10.647352,1
496,P_NOUN_9_ADJ_b,F,P,les chaises avec le chapeau qui étaient là depuis hier ne sont pas très bleues <eos>,14,bleues,bleus,12,M,S,bleues,-10.390745,bleus,-11.105497,1
497,P_NOUN_9_ADJ_b,F,P,les chaises avec le chapeau qui étaient là depuis hier ne sont pas très noires <eos>,14,noires,noirs,12,M,S,noires,-9.472728,noirs,-11.872552,1
498,P_NOUN_9_ADJ_b,F,P,les chaises avec le chapeau qui étaient là depuis hier ne sont pas très délicates <eos>,14,délicates,délicats,12,M,S,délicates,-7.075494,délicats,-8.941675,1
499,P_NOUN_9_ADJ_b,F,P,les chaises avec le chapeau qui étaient là depuis hier ne sont pas très pointues <eos>,14,pointues,pointus,12,M,S,pointues,-8.520536,pointus,-11.485136,1
500,P_NOUN_9_ADJ_b,F,P,les chaises avec le chapeau qui étaient là depuis hier ne sont pas très rondes <eos>,14,rondes,ronds,12,M,S,rondes,-9.901617,ronds,-11.80488,1
501,P_NOUN_9_ADJ_b,F,P,les chaises avec le chapeau qui étaient là depuis hier ne sont pas très froides <eos>,14,froides,froids,12,M,S,froides,-6.004838,froids,-10.762138,1
502,P_NOUN_9_ADJ_b,F,P,les chaises avec le chapeau qui étaient là depuis hier ne sont pas très chaudes <eos>,14,chaudes,chauds,12,M,S,chaudes,-6.592477,chauds,-8.931952,1
503,P_NOUN_9_ADJ_b,F,P,les chaises avec le chapeau qui étaient là depuis hier ne sont pas très importantes <eos>,14,importantes,importants,12,M,S,importantes,-5.2751045,importants,-8.229848,1
504,P_NOUN_9_ADJ_b,F,P,les chaises avec le chapeau qui étaient là depuis hier ne sont pas très courtes <eos>,14,courtes,courts,12,M,S,courtes,-6.565056,courts,-8.359381,1
505,P_NOUN_9_ADJ_b,F,P,les chaises avec le chapeau qui étaient là depuis hier ne sont pas très dures <eos>,14,dures,durs,12,M,S,dures,-5.764778,durs,-7.570792,1
506,P_NOUN_9_ADJ_b,F,P,les chaises avec le chapeau qui étaient là depuis hier ne sont pas très claires <eos>,14,claires,clairs,12,M,S,claires,-3.4604306,clairs,-6.205355,1
507,P_NOUN_9_ADJ_b,F,P,les chaises avec le chapeau qui étaient là depuis hier ne sont pas très intéressantes <eos>,14,intéressantes,intéressants,12,M,S,intéressantes,-6.8074317,intéressants,-8.584503,1
508,P_NOUN_9_ADJ_b,F,P,les chaises avec le chapeau qui étaient là depuis hier ne sont pas très brillantes <eos>,14,brillantes,brillants,12,M,S,brillantes,-6.632387,brillants,-8.712227,1
509,P_NOUN_9_ADJ_b,F,P,les chaises avec le chapeau qui étaient là depuis hier ne sont pas très compliquées <eos>,14,compliquées,compliqués,12,M,S,compliquées,-7.0427303,compliqués,-7.9769144,1
510,P_NOUN_9_ADJ_b,F,P,les chaises avec le pot qui étaient là depuis hier ne sont pas très vertes <eos>,14,vertes,verts,12,M,S,vertes,-10.145103,verts,-10.318493,1
511,P_NOUN_9_ADJ_b,F,P,les chaises avec le pot qui étaient là depuis hier ne sont pas très bleues <eos>,14,bleues,bleus,12,M,S,bleues,-11.076508,bleus,-11.263607,1
512,P_NOUN_9_ADJ_b,F,P,les chaises avec le pot qui étaient là depuis hier ne sont pas très noires <eos>,14,noires,noirs,12,M,S,noires,-10.044214,noirs,-12.062891,1
513,P_NOUN_9_ADJ_b,F,P,les chaises avec le pot qui étaient là depuis hier ne sont pas très délicates <eos>,14,délicates,délicats,12,M,S,délicates,-7.1986284,délicats,-8.6030445,1
514,P_NOUN_9_ADJ_b,F,P,les chaises avec le pot qui étaient là depuis hier ne sont pas très pointues <eos>,14,pointues,pointus,12,M,S,pointues,-9.163456,pointus,-11.558659,1
515,P_NOUN_9_ADJ_b,F,P,les chaises avec le pot qui étaient là depuis hier ne sont pas très rondes <eos>,14,rondes,ronds,12,M,S,rondes,-10.380157,ronds,-12.004421,1
516,P_NOUN_9_ADJ_b,F,P,les chaises avec le pot qui étaient là depuis hier ne sont pas très froides <eos>,14,froides,froids,12,M,S,froides,-5.92767,froids,-10.045696,1
517,P_NOUN_9_ADJ_b,F,P,les chaises avec le pot qui étaient là depuis hier ne sont pas très chaudes <eos>,14,chaudes,chauds,12,M,S,chaudes,-6.2874355,chauds,-8.319725,1
518,P_NOUN_9_ADJ_b,F,P,les chaises avec le pot qui étaient là depuis hier ne sont pas très importantes <eos>,14,importantes,importants,12,M,S,importantes,-4.7927074,importants,-7.4457073,1
519,P_NOUN_9_ADJ_b,F,P,les chaises avec le pot qui étaient là depuis hier ne sont pas très courtes <eos>,14,courtes,courts,12,M,S,courtes,-7.35456,courts,-8.087259,1
520,P_NOUN_9_ADJ_b,F,P,les chaises avec le pot qui étaient là depuis hier ne sont pas très dures <eos>,14,dures,durs,12,M,S,dures,-5.963402,durs,-7.1471577,1
521,P_NOUN_9_ADJ_b,F,P,les chaises avec le pot qui étaient là depuis hier ne sont pas très claires <eos>,14,claires,clairs,12,M,S,claires,-3.6855736,clairs,-6.3470287,1
522,P_NOUN_9_ADJ_b,F,P,les chaises avec le pot qui étaient là depuis hier ne sont pas très intéressantes <eos>,14,intéressantes,intéressants,12,M,S,intéressantes,-6.3741527,intéressants,-8.047592,1
523,P_NOUN_9_ADJ_b,F,P,les chaises avec le pot qui étaient là depuis hier ne sont pas très brillantes <eos>,14,brillantes,brillants,12,M,S,brillantes,-7.1212173,brillants,-8.431305,1
524,P_NOUN_9_ADJ_b,F,P,les chaises avec le pot qui étaient là depuis hier ne sont pas très compliquées <eos>,14,compliquées,compliqués,12,M,S,compliquées,-7.3335195,compliqués,-7.622746,1
525,P_NOUN_9_ADJ_b,F,P,les chaises avec le coussin qui étaient là depuis hier ne sont pas très vertes <eos>,14,vertes,verts,12,M,S,vertes,-10.230883,verts,-11.0146475,1
526,P_NOUN_9_ADJ_b,F,P,les chaises avec le coussin qui étaient là depuis hier ne sont pas très bleues <eos>,14,bleues,bleus,12,M,S,bleues,-10.88949,bleus,-11.428928,1
527,P_NOUN_9_ADJ_b,F,P,les chaises avec le coussin qui étaient là depuis hier ne sont pas très noires <eos>,14,noires,noirs,12,M,S,noires,-9.804478,noirs,-12.0489855,1
528,P_NOUN_9_ADJ_b,F,P,les chaises avec le coussin qui étaient là depuis hier ne sont pas très délicates <eos>,14,délicates,délicats,12,M,S,délicates,-7.7506046,délicats,-9.054928,1
529,P_NOUN_9_ADJ_b,F,P,les chaises avec le coussin qui étaient là depuis hier ne sont pas très pointues <eos>,14,pointues,pointus,12,M,S,pointues,-8.485835,pointus,-11.3282385,1
530,P_NOUN_9_ADJ_b,F,P,les chaises avec le coussin qui étaient là depuis hier ne sont pas très rondes <eos>,14,rondes,ronds,12,M,S,rondes,-9.783715,ronds,-11.861766,1
531,P_NOUN_9_ADJ_b,F,P,les chaises avec le coussin qui étaient là depuis hier ne sont pas très froides <eos>,14,froides,froids,12,M,S,froides,-6.1429405,froids,-10.937876,1
532,P_NOUN_9_ADJ_b,F,P,les chaises avec le coussin qui étaient là depuis hier ne sont pas très chaudes <eos>,14,chaudes,chauds,12,M,S,chaudes,-7.109459,chauds,-8.966384,1
533,P_NOUN_9_ADJ_b,F,P,les chaises avec le coussin qui étaient là depuis hier ne sont pas très importantes <eos>,14,importantes,importants,12,M,S,importantes,-5.3152876,importants,-7.9731026,1
534,P_NOUN_9_ADJ_b,F,P,les chaises avec le coussin qui étaient là depuis hier ne sont pas très courtes <eos>,14,courtes,courts,12,M,S,courtes,-6.1599436,courts,-7.628907,1
535,P_NOUN_9_ADJ_b,F,P,les chaises avec le coussin qui étaient là depuis hier ne sont pas très dures <eos>,14,dures,durs,12,M,S,dures,-5.737054,durs,-7.1894445,1
536,P_NOUN_9_ADJ_b,F,P,les chaises avec le coussin qui étaient là depuis hier ne sont pas très claires <eos>,14,claires,clairs,12,M,S,claires,-3.9259663,clairs,-6.5623665,1
537,P_NOUN_9_ADJ_b,F,P,les chaises avec le coussin qui étaient là depuis hier ne sont pas très intéressantes <eos>,14,intéressantes,intéressants,12,M,S,intéressantes,-6.9287715,intéressants,-8.5769825,1
538,P_NOUN_9_ADJ_b,F,P,les chaises avec le coussin qui étaient là depuis hier ne sont pas très brillantes <eos>,14,brillantes,brillants,12,M,S,brillantes,-7.2899103,brillants,-8.992732,1
539,P_NOUN_9_ADJ_b,F,P,les chaises avec le coussin qui étaient là depuis hier ne sont pas très compliquées <eos>,14,compliquées,compliqués,12,M,S,compliquées,-6.579632,compliqués,-7.4633684,1
540,P_NOUN_9_ADJ_b,F,P,les chaises avec le jouet qui étaient là depuis hier ne sont pas très vertes <eos>,14,vertes,verts,12,M,S,vertes,-10.177009,verts,-10.404177,1
541,P_NOUN_9_ADJ_b,F,P,les chaises avec le jouet qui étaient là depuis hier ne sont pas très bleues <eos>,14,bleues,bleus,12,M,S,bleues,-10.841005,bleus,-11.367861,1
542,P_NOUN_9_ADJ_b,F,P,les chaises avec le jouet qui étaient là depuis hier ne sont pas très noires <eos>,14,noires,noirs,12,M,S,noires,-9.980917,noirs,-12.069134,1
543,P_NOUN_9_ADJ_b,F,P,les chaises avec le jouet qui étaient là depuis hier ne sont pas très délicates <eos>,14,délicates,délicats,12,M,S,délicates,-7.3856287,délicats,-8.854301,1
544,P_NOUN_9_ADJ_b,F,P,les chaises avec le jouet qui étaient là depuis hier ne sont pas très pointues <eos>,14,pointues,pointus,12,M,S,pointues,-8.582562,pointus,-11.350845,1
545,P_NOUN_9_ADJ_b,F,P,les chaises avec le jouet qui étaient là depuis hier ne sont pas très rondes <eos>,14,rondes,ronds,12,M,S,rondes,-9.935479,ronds,-11.971521,1
546,P_NOUN_9_ADJ_b,F,P,les chaises avec le jouet qui étaient là depuis hier ne sont pas très froides <eos>,14,froides,froids,12,M,S,froides,-5.925918,froids,-10.659338,1
547,P_NOUN_9_ADJ_b,F,P,les chaises avec le jouet qui étaient là depuis hier ne sont pas très chaudes <eos>,14,chaudes,chauds,12,M,S,chaudes,-6.8403935,chauds,-8.808329,1
548,P_NOUN_9_ADJ_b,F,P,les chaises avec le jouet qui étaient là depuis hier ne sont pas très importantes <eos>,14,importantes,importants,12,M,S,importantes,-5.474908,importants,-8.136177,1
549,P_NOUN_9_ADJ_b,F,P,les chaises avec le jouet qui étaient là depuis hier ne sont pas très courtes <eos>,14,courtes,courts,12,M,S,courtes,-6.583256,courts,-8.055059,1
550,P_NOUN_9_ADJ_b,F,P,les chaises avec le jouet qui étaient là depuis hier ne sont pas très dures <eos>,14,dures,durs,12,M,S,dures,-6.059343,durs,-7.1767583,1
551,P_NOUN_9_ADJ_b,F,P,les chaises avec le jouet qui étaient là depuis hier ne sont pas très claires <eos>,14,claires,clairs,12,M,S,claires,-3.6178079,clairs,-6.419686,1
552,P_NOUN_9_ADJ_b,F,P,les chaises avec le jouet qui étaient là depuis hier ne sont pas très intéressantes <eos>,14,intéressantes,intéressants,12,M,S,intéressantes,-6.7837896,intéressants,-8.374981,1
553,P_NOUN_9_ADJ_b,F,P,les chaises avec le jouet qui étaient là depuis hier ne sont pas très brillantes <eos>,14,brillantes,brillants,12,M,S,brillantes,-6.9394255,brillants,-8.787924,1
554,P_NOUN_9_ADJ_b,F,P,les chaises avec le jouet qui étaient là depuis hier ne sont pas très compliquées <eos>,14,compliquées,compliqués,12,M,S,compliquées,-6.760336,compliqués,-7.441496,1
555,P_NOUN_9_ADJ_b,F,P,les chaises avec le clou qui étaient là depuis hier ne sont pas très vertes <eos>,14,vertes,verts,12,M,S,vertes,-10.176897,verts,-10.988426,1
556,P_NOUN_9_ADJ_b,F,P,les chaises avec le clou qui étaient là depuis hier ne sont pas très bleues <eos>,14,bleues,bleus,12,M,S,bleues,-10.5808325,bleus,-11.273952,1
557,P_NOUN_9_ADJ_b,F,P,les chaises avec le clou qui étaient là depuis hier ne sont pas très noires <eos>,14,noires,noirs,12,M,S,noires,-9.65759,noirs,-12.164239,1
558,P_NOUN_9_ADJ_b,F,P,les chaises avec le clou qui étaient là depuis hier ne sont pas très délicates <eos>,14,délicates,délicats,12,M,S,délicates,-7.246649,délicats,-9.063549,1
559,P_NOUN_9_ADJ_b,F,P,les chaises avec le clou qui étaient là depuis hier ne sont pas très pointues <eos>,14,pointues,pointus,12,M,S,pointues,-8.703197,pointus,-11.366552,1
560,P_NOUN_9_ADJ_b,F,P,les chaises avec le clou qui étaient là depuis hier ne sont pas très rondes <eos>,14,rondes,ronds,12,M,S,rondes,-9.904028,ronds,-11.6724205,1
561,P_NOUN_9_ADJ_b,F,P,les chaises avec le clou qui étaient là depuis hier ne sont pas très froides <eos>,14,froides,froids,12,M,S,froides,-6.3044367,froids,-11.364514,1
562,P_NOUN_9_ADJ_b,F,P,les chaises avec le clou qui étaient là depuis hier ne sont pas très chaudes <eos>,14,chaudes,chauds,12,M,S,chaudes,-7.0798655,chauds,-9.309052,1
563,P_NOUN_9_ADJ_b,F,P,les chaises avec le clou qui étaient là depuis hier ne sont pas très importantes <eos>,14,importantes,importants,12,M,S,importantes,-5.2276363,importants,-8.167784,1
564,P_NOUN_9_ADJ_b,F,P,les chaises avec le clou qui étaient là depuis hier ne sont pas très courtes <eos>,14,courtes,courts,12,M,S,courtes,-6.371812,courts,-8.329725,1
565,P_NOUN_9_ADJ_b,F,P,les chaises avec le clou qui étaient là depuis hier ne sont pas très dures <eos>,14,dures,durs,12,M,S,dures,-6.101843,durs,-7.800229,1
566,P_NOUN_9_ADJ_b,F,P,les chaises avec le clou qui étaient là depuis hier ne sont pas très claires <eos>,14,claires,clairs,12,M,S,claires,-4.006184,clairs,-6.521625,1
567,P_NOUN_9_ADJ_b,F,P,les chaises avec le clou qui étaient là depuis hier ne sont pas très intéressantes <eos>,14,intéressantes,intéressants,12,M,S,intéressantes,-6.8552732,intéressants,-8.720645,1
568,P_NOUN_9_ADJ_b,F,P,les chaises avec le clou qui étaient là depuis hier ne sont pas très brillantes <eos>,14,brillantes,brillants,12,M,S,brillantes,-6.9842567,brillants,-9.155531,1
569,P_NOUN_9_ADJ_b,F,P,les chaises avec le clou qui étaient là depuis hier ne sont pas très compliquées <eos>,14,compliquées,compliqués,12,M,S,compliquées,-6.856322,compliqués,-7.651895,1
570,P_NOUN_9_ADJ_b,F,P,les chaises avec le billet qui étaient là depuis hier ne sont pas très vertes <eos>,14,vertes,verts,12,M,S,vertes,-10.577581,verts,-10.966679,1
571,P_NOUN_9_ADJ_b,F,P,les chaises avec le billet qui étaient là depuis hier ne sont pas très bleues <eos>,14,bleues,bleus,12,M,S,bleues,-11.13571,bleus,-11.564043,1
572,P_NOUN_9_ADJ_b,F,P,les chaises avec le billet qui étaient là depuis hier ne sont pas très noires <eos>,14,noires,noirs,12,M,S,noires,-10.50235,noirs,-12.223774,1
573,P_NOUN_9_ADJ_b,F,P,les chaises avec le billet qui étaient là depuis hier ne sont pas très délicates <eos>,14,délicates,délicats,12,M,S,délicates,-7.2932787,délicats,-9.322982,1
574,P_NOUN_9_ADJ_b,F,P,les chaises avec le billet qui étaient là depuis hier ne sont pas très pointues <eos>,14,pointues,pointus,12,M,S,pointues,-9.095557,pointus,-11.739181,1
575,P_NOUN_9_ADJ_b,F,P,les chaises avec le billet qui étaient là depuis hier ne sont pas très rondes <eos>,14,rondes,ronds,12,M,S,rondes,-10.4602165,ronds,-12.274585,1
576,P_NOUN_9_ADJ_b,F,P,les chaises avec le billet qui étaient là depuis hier ne sont pas très froides <eos>,14,froides,froids,12,M,S,froides,-6.3069096,froids,-11.215154,1
577,P_NOUN_9_ADJ_b,F,P,les chaises avec le billet qui étaient là depuis hier ne sont pas très chaudes <eos>,14,chaudes,chauds,12,M,S,chaudes,-7.472408,chauds,-9.165079,1
578,P_NOUN_9_ADJ_b,F,P,les chaises avec le billet qui étaient là depuis hier ne sont pas très importantes <eos>,14,importantes,importants,12,M,S,importantes,-4.8458176,importants,-7.5234423,1
579,P_NOUN_9_ADJ_b,F,P,les chaises avec le billet qui étaient là depuis hier ne sont pas très courtes <eos>,14,courtes,courts,12,M,S,courtes,-6.5965514,courts,-8.063717,1
580,P_NOUN_9_ADJ_b,F,P,les chaises avec le billet qui étaient là depuis hier ne sont pas très dures <eos>,14,dures,durs,12,M,S,dures,-5.8892584,durs,-7.559657,1
581,P_NOUN_9_ADJ_b,F,P,les chaises avec le billet qui étaient là depuis hier ne sont pas très claires <eos>,14,claires,clairs,12,M,S,claires,-4.4628315,clairs,-6.7607813,1
582,P_NOUN_9_ADJ_b,F,P,les chaises avec le billet qui étaient là depuis hier ne sont pas très intéressantes <eos>,14,intéressantes,intéressants,12,M,S,intéressantes,-6.3787727,intéressants,-7.795377,1
583,P_NOUN_9_ADJ_b,F,P,les chaises avec le billet qui étaient là depuis hier ne sont pas très brillantes <eos>,14,brillantes,brillants,12,M,S,brillantes,-7.250136,brillants,-8.484037,1
584,P_NOUN_9_ADJ_b,F,P,les chaises avec le billet qui étaient là depuis hier ne sont pas très compliquées <eos>,14,compliquées,compliqués,12,M,S,compliquées,-6.9184923,compliqués,-7.682847,1
585,P_NOUN_9_ADJ_b,F,P,les chaises avec le légume qui étaient là depuis hier ne sont pas très vertes <eos>,14,vertes,verts,12,M,S,vertes,-10.231085,verts,-10.688045,1
586,P_NOUN_9_ADJ_b,F,P,les chaises avec le légume qui étaient là depuis hier ne sont pas très bleues <eos>,14,bleues,bleus,12,M,S,bleues,-11.278277,bleus,-11.541223,1
587,P_NOUN_9_ADJ_b,F,P,les chaises avec le légume qui étaient là depuis hier ne sont pas très noires <eos>,14,noires,noirs,12,M,S,noires,-9.71797,noirs,-11.661455,1
588,P_NOUN_9_ADJ_b,F,P,les chaises avec le légume qui étaient là depuis hier ne sont pas très délicates <eos>,14,délicates,délicats,12,M,S,délicates,-7.1558466,délicats,-8.930936,1
589,P_NOUN_9_ADJ_b,F,P,les chaises avec le légume qui étaient là depuis hier ne sont pas très pointues <eos>,14,pointues,pointus,12,M,S,pointues,-9.093144,pointus,-12.479531,1
590,P_NOUN_9_ADJ_b,F,P,les chaises avec le légume qui étaient là depuis hier ne sont pas très rondes <eos>,14,rondes,ronds,12,M,S,rondes,-9.995468,ronds,-11.817853,1
591,P_NOUN_9_ADJ_b,F,P,les chaises avec le légume qui étaient là depuis hier ne sont pas très froides <eos>,14,froides,froids,12,M,S,froides,-5.344714,froids,-9.654374,1
592,P_NOUN_9_ADJ_b,F,P,les chaises avec le légume qui étaient là depuis hier ne sont pas très chaudes <eos>,14,chaudes,chauds,12,M,S,chaudes,-5.6065598,chauds,-8.304604,1
593,P_NOUN_9_ADJ_b,F,P,les chaises avec le légume qui étaient là depuis hier ne sont pas très importantes <eos>,14,importantes,importants,12,M,S,importantes,-4.6757135,importants,-7.8683033,1
594,P_NOUN_9_ADJ_b,F,P,les chaises avec le légume qui étaient là depuis hier ne sont pas très courtes <eos>,14,courtes,courts,12,M,S,courtes,-7.5094857,courts,-8.879591,1
595,P_NOUN_9_ADJ_b,F,P,les chaises avec le légume qui étaient là depuis hier ne sont pas très dures <eos>,14,dures,durs,12,M,S,dures,-5.6673584,durs,-7.736125,1
596,P_NOUN_9_ADJ_b,F,P,les chaises avec le légume qui étaient là depuis hier ne sont pas très claires <eos>,14,claires,clairs,12,M,S,claires,-3.4295228,clairs,-7.2274647,1
597,P_NOUN_9_ADJ_b,F,P,les chaises avec le légume qui étaient là depuis hier ne sont pas très intéressantes <eos>,14,intéressantes,intéressants,12,M,S,intéressantes,-6.835224,intéressants,-9.095638,1
598,P_NOUN_9_ADJ_b,F,P,les chaises avec le légume qui étaient là depuis hier ne sont pas très brillantes <eos>,14,brillantes,brillants,12,M,S,brillantes,-7.1120553,brillants,-9.153816,1
599,P_NOUN_9_ADJ_b,F,P,les chaises avec le légume qui étaient là depuis hier ne sont pas très compliquées <eos>,14,compliquées,compliqués,12,M,S,compliquées,-8.103464,compliqués,-8.741851,1
600,P_NOUN_9_ADJ_b,F,P,les poubelles avec le bracelet qui étaient là depuis hier ne sont pas très vertes <eos>,14,vertes,verts,12,M,S,vertes,-10.069129,verts,-9.405953,0
601,P_NOUN_9_ADJ_b,F,P,les poubelles avec le bracelet qui étaient là depuis hier ne sont pas très bleues <eos>,14,bleues,bleus,12,M,S,bleues,-11.720003,bleus,-11.538875,0
602,P_NOUN_9_ADJ_b,F,P,les poubelles avec le bracelet qui étaient là depuis hier ne sont pas très noires <eos>,14,noires,noirs,12,M,S,noires,-9.766581,noirs,-12.327126,1
603,P_NOUN_9_ADJ_b,F,P,les poubelles avec le bracelet qui étaient là depuis hier ne sont pas très délicates <eos>,14,délicates,délicats,12,M,S,délicates,-8.356795,délicats,-9.784471,1
604,P_NOUN_9_ADJ_b,F,P,les poubelles avec le bracelet qui étaient là depuis hier ne sont pas très pointues <eos>,14,pointues,pointus,12,M,S,pointues,-9.233459,pointus,-11.158144,1
605,P_NOUN_9_ADJ_b,F,P,les poubelles avec le bracelet qui étaient là depuis hier ne sont pas très rondes <eos>,14,rondes,ronds,12,M,S,rondes,-10.526041,ronds,-13.0422,1
606,P_NOUN_9_ADJ_b,F,P,les poubelles avec le bracelet qui étaient là depuis hier ne sont pas très froides <eos>,14,froides,froids,12,M,S,froides,-6.152698,froids,-10.859369,1
607,P_NOUN_9_ADJ_b,F,P,les poubelles avec le bracelet qui étaient là depuis hier ne sont pas très chaudes <eos>,14,chaudes,chauds,12,M,S,chaudes,-6.932667,chauds,-7.8025284,1
608,P_NOUN_9_ADJ_b,F,P,les poubelles avec le bracelet qui étaient là depuis hier ne sont pas très importantes <eos>,14,importantes,importants,12,M,S,importantes,-5.371044,importants,-7.437892,1
609,P_NOUN_9_ADJ_b,F,P,les poubelles avec le bracelet qui étaient là depuis hier ne sont pas très courtes <eos>,14,courtes,courts,12,M,S,courtes,-7.4896107,courts,-8.209864,1
610,P_NOUN_9_ADJ_b,F,P,les poubelles avec le bracelet qui étaient là depuis hier ne sont pas très dures <eos>,14,dures,durs,12,M,S,dures,-5.655733,durs,-6.4255333,1
611,P_NOUN_9_ADJ_b,F,P,les poubelles avec le bracelet qui étaient là depuis hier ne sont pas très claires <eos>,14,claires,clairs,12,M,S,claires,-4.6689377,clairs,-6.6065683,1
612,P_NOUN_9_ADJ_b,F,P,les poubelles avec le bracelet qui étaient là depuis hier ne sont pas très intéressantes <eos>,14,intéressantes,intéressants,12,M,S,intéressantes,-6.8159175,intéressants,-7.75306,1
613,P_NOUN_9_ADJ_b,F,P,les poubelles avec le bracelet qui étaient là depuis hier ne sont pas très brillantes <eos>,14,brillantes,brillants,12,M,S,brillantes,-8.437107,brillants,-8.684554,1
614,P_NOUN_9_ADJ_b,F,P,les poubelles avec le bracelet qui étaient là depuis hier ne sont pas très compliquées <eos>,14,compliquées,compliqués,12,M,S,compliquées,-7.748547,compliqués,-7.7632813,1
615,P_NOUN_9_ADJ_b,F,P,les poubelles avec le miroir qui étaient là depuis hier ne sont pas très vertes <eos>,14,vertes,verts,12,M,S,vertes,-9.795608,verts,-10.642996,1
616,P_NOUN_9_ADJ_b,F,P,les poubelles avec le miroir qui étaient là depuis hier ne sont pas très bleues <eos>,14,bleues,bleus,12,M,S,bleues,-11.644844,bleus,-11.999832,1
617,P_NOUN_9_ADJ_b,F,P,les poubelles avec le miroir qui étaient là depuis hier ne sont pas très noires <eos>,14,noires,noirs,12,M,S,noires,-9.627384,noirs,-12.696875,1
618,P_NOUN_9_ADJ_b,F,P,les poubelles avec le miroir qui étaient là depuis hier ne sont pas très délicates <eos>,14,délicates,délicats,12,M,S,délicates,-8.327511,délicats,-9.649283,1
619,P_NOUN_9_ADJ_b,F,P,les poubelles avec le miroir qui étaient là depuis hier ne sont pas très pointues <eos>,14,pointues,pointus,12,M,S,pointues,-8.731667,pointus,-10.909283,1
620,P_NOUN_9_ADJ_b,F,P,les poubelles avec le miroir qui étaient là depuis hier ne sont pas très rondes <eos>,14,rondes,ronds,12,M,S,rondes,-9.972221,ronds,-12.588269,1
621,P_NOUN_9_ADJ_b,F,P,les poubelles avec le miroir qui étaient là depuis hier ne sont pas très froides <eos>,14,froides,froids,12,M,S,froides,-6.5430317,froids,-11.03593,1
622,P_NOUN_9_ADJ_b,F,P,les poubelles avec le miroir qui étaient là depuis hier ne sont pas très chaudes <eos>,14,chaudes,chauds,12,M,S,chaudes,-6.9740553,chauds,-8.4599905,1
623,P_NOUN_9_ADJ_b,F,P,les poubelles avec le miroir qui étaient là depuis hier ne sont pas très importantes <eos>,14,importantes,importants,12,M,S,importantes,-5.5686736,importants,-8.321455,1
624,P_NOUN_9_ADJ_b,F,P,les poubelles avec le miroir qui étaient là depuis hier ne sont pas très courtes <eos>,14,courtes,courts,12,M,S,courtes,-6.278909,courts,-8.273176,1
625,P_NOUN_9_ADJ_b,F,P,les poubelles avec le miroir qui étaient là depuis hier ne sont pas très dures <eos>,14,dures,durs,12,M,S,dures,-6.0524826,durs,-7.0874023,1
626,P_NOUN_9_ADJ_b,F,P,les poubelles avec le miroir qui étaient là depuis hier ne sont pas très claires <eos>,14,claires,clairs,12,M,S,claires,-4.6086893,clairs,-7.239992,1
627,P_NOUN_9_ADJ_b,F,P,les poubelles avec le miroir qui étaient là depuis hier ne sont pas très intéressantes <eos>,14,intéressantes,intéressants,12,M,S,intéressantes,-7.1564484,intéressants,-8.599389,1
628,P_NOUN_9_ADJ_b,F,P,les poubelles avec le miroir qui étaient là depuis hier ne sont pas très brillantes <eos>,14,brillantes,brillants,12,M,S,brillantes,-7.874656,brillants,-9.519304,1
629,P_NOUN_9_ADJ_b,F,P,les poubelles avec le miroir qui étaient là depuis hier ne sont pas très compliquées <eos>,14,compliquées,compliqués,12,M,S,compliquées,-7.1464853,compliqués,-7.6777544,1
630,P_NOUN_9_ADJ_b,F,P,les poubelles avec le crayon qui étaient là depuis hier ne sont pas très vertes <eos>,14,vertes,verts,12,M,S,vertes,-9.250141,verts,-10.413991,1
631,P_NOUN_9_ADJ_b,F,P,les poubelles avec le crayon qui étaient là depuis hier ne sont pas très bleues <eos>,14,bleues,bleus,12,M,S,bleues,-11.211464,bleus,-11.661206,1
632,P_NOUN_9_ADJ_b,F,P,les poubelles avec le crayon qui étaient là depuis hier ne sont pas très noires <eos>,14,noires,noirs,12,M,S,noires,-9.380872,noirs,-12.397432,1
633,P_NOUN_9_ADJ_b,F,P,les poubelles avec le crayon qui étaient là depuis hier ne sont pas très délicates <eos>,14,délicates,délicats,12,M,S,délicates,-8.155534,délicats,-9.277395,1
634,P_NOUN_9_ADJ_b,F,P,les poubelles avec le crayon qui étaient là depuis hier ne sont pas très pointues <eos>,14,pointues,pointus,12,M,S,pointues,-9.405859,pointus,-11.282352,1
635,P_NOUN_9_ADJ_b,F,P,les poubelles avec le crayon qui étaient là depuis hier ne sont pas très rondes <eos>,14,rondes,ronds,12,M,S,rondes,-10.4917145,ronds,-12.294922,1
636,P_NOUN_9_ADJ_b,F,P,les poubelles avec le crayon qui étaient là depuis hier ne sont pas très froides <eos>,14,froides,froids,12,M,S,froides,-6.357931,froids,-10.879697,1
637,P_NOUN_9_ADJ_b,F,P,les poubelles avec le crayon qui étaient là depuis hier ne sont pas très chaudes <eos>,14,chaudes,chauds,12,M,S,chaudes,-6.680007,chauds,-8.3304825,1
638,P_NOUN_9_ADJ_b,F,P,les poubelles avec le crayon qui étaient là depuis hier ne sont pas très importantes <eos>,14,importantes,importants,12,M,S,importantes,-5.7312474,importants,-8.471556,1
639,P_NOUN_9_ADJ_b,F,P,les poubelles avec le crayon qui étaient là depuis hier ne sont pas très courtes <eos>,14,courtes,courts,12,M,S,courtes,-6.66116,courts,-8.477398,1
640,P_NOUN_9_ADJ_b,F,P,les poubelles avec le crayon qui étaient là depuis hier ne sont pas très dures <eos>,14,dures,durs,12,M,S,dures,-5.8863606,durs,-6.794787,1
641,P_NOUN_9_ADJ_b,F,P,les poubelles avec le crayon qui étaient là depuis hier ne sont pas très claires <eos>,14,claires,clairs,12,M,S,claires,-4.153653,clairs,-6.4915752,1
642,P_NOUN_9_ADJ_b,F,P,les poubelles avec le crayon qui étaient là depuis hier ne sont pas très intéressantes <eos>,14,intéressantes,intéressants,12,M,S,intéressantes,-6.9644194,intéressants,-8.4487705,1
643,P_NOUN_9_ADJ_b,F,P,les poubelles avec le crayon qui étaient là depuis hier ne sont pas très brillantes <eos>,14,brillantes,brillants,12,M,S,brillantes,-7.554552,brillants,-8.993964,1
644,P_NOUN_9_ADJ_b,F,P,les poubelles avec le crayon qui étaient là depuis hier ne sont pas très compliquées <eos>,14,compliquées,compliqués,12,M,S,compliquées,-7.7322397,compliqués,-7.624647,0
645,P_NOUN_9_ADJ_b,F,P,les poubelles avec le rideau qui étaient là depuis hier ne sont pas très vertes <eos>,14,vertes,verts,12,M,S,vertes,-10.072824,verts,-10.464843,1
646,P_NOUN_9_ADJ_b,F,P,les poubelles avec le rideau qui étaient là depuis hier ne sont pas très bleues <eos>,14,bleues,bleus,12,M,S,bleues,-11.132083,bleus,-11.603061,1
647,P_NOUN_9_ADJ_b,F,P,les poubelles avec le rideau qui étaient là depuis hier ne sont pas très noires <eos>,14,noires,noirs,12,M,S,noires,-9.286931,noirs,-12.376298,1
648,P_NOUN_9_ADJ_b,F,P,les poubelles avec le rideau qui étaient là depuis hier ne sont pas très délicates <eos>,14,délicates,délicats,12,M,S,délicates,-8.179578,délicats,-9.761631,1
649,P_NOUN_9_ADJ_b,F,P,les poubelles avec le rideau qui étaient là depuis hier ne sont pas très pointues <eos>,14,pointues,pointus,12,M,S,pointues,-8.926802,pointus,-11.535709,1
650,P_NOUN_9_ADJ_b,F,P,les poubelles avec le rideau qui étaient là depuis hier ne sont pas très rondes <eos>,14,rondes,ronds,12,M,S,rondes,-9.746552,ronds,-12.212017,1
651,P_NOUN_9_ADJ_b,F,P,les poubelles avec le rideau qui étaient là depuis hier ne sont pas très froides <eos>,14,froides,froids,12,M,S,froides,-6.5454073,froids,-10.965216,1
652,P_NOUN_9_ADJ_b,F,P,les poubelles avec le rideau qui étaient là depuis hier ne sont pas très chaudes <eos>,14,chaudes,chauds,12,M,S,chaudes,-7.1773405,chauds,-8.693025,1
653,P_NOUN_9_ADJ_b,F,P,les poubelles avec le rideau qui étaient là depuis hier ne sont pas très importantes <eos>,14,importantes,importants,12,M,S,importantes,-5.266693,importants,-8.091645,1
654,P_NOUN_9_ADJ_b,F,P,les poubelles avec le rideau qui étaient là depuis hier ne sont pas très courtes <eos>,14,courtes,courts,12,M,S,courtes,-6.5719185,courts,-8.372895,1
655,P_NOUN_9_ADJ_b,F,P,les poubelles avec le rideau qui étaient là depuis hier ne sont pas très dures <eos>,14,dures,durs,12,M,S,dures,-5.388854,durs,-6.779396,1
656,P_NOUN_9_ADJ_b,F,P,les poubelles avec le rideau qui étaient là depuis hier ne sont pas très claires <eos>,14,claires,clairs,12,M,S,claires,-4.390108,clairs,-7.0609884,1
657,P_NOUN_9_ADJ_b,F,P,les poubelles avec le rideau qui étaient là depuis hier ne sont pas très intéressantes <eos>,14,intéressantes,intéressants,12,M,S,intéressantes,-6.9856224,intéressants,-8.541828,1
658,P_NOUN_9_ADJ_b,F,P,les poubelles avec le rideau qui étaient là depuis hier ne sont pas très brillantes <eos>,14,brillantes,brillants,12,M,S,brillantes,-7.793687,brillants,-9.691318,1
659,P_NOUN_9_ADJ_b,F,P,les poubelles avec le rideau qui étaient là depuis hier ne sont pas très compliquées <eos>,14,compliquées,compliqués,12,M,S,compliquées,-7.490488,compliqués,-8.151399,1
660,P_NOUN_9_ADJ_b,F,P,les poubelles avec le cahier qui étaient là depuis hier ne sont pas très vertes <eos>,14,vertes,verts,12,M,S,vertes,-9.883796,verts,-10.133483,1
661,P_NOUN_9_ADJ_b,F,P,les poubelles avec le cahier qui étaient là depuis hier ne sont pas très bleues <eos>,14,bleues,bleus,12,M,S,bleues,-11.820837,bleus,-11.9102745,1
662,P_NOUN_9_ADJ_b,F,P,les poubelles avec le cahier qui étaient là depuis hier ne sont pas très noires <eos>,14,noires,noirs,12,M,S,noires,-9.917276,noirs,-12.292639,1
663,P_NOUN_9_ADJ_b,F,P,les poubelles avec le cahier qui étaient là depuis hier ne sont pas très délicates <eos>,14,délicates,délicats,12,M,S,délicates,-8.296631,délicats,-9.511565,1
664,P_NOUN_9_ADJ_b,F,P,les poubelles avec le cahier qui étaient là depuis hier ne sont pas très pointues <eos>,14,pointues,pointus,12,M,S,pointues,-9.236155,pointus,-10.990694,1
665,P_NOUN_9_ADJ_b,F,P,les poubelles avec le cahier qui étaient là depuis hier ne sont pas très rondes <eos>,14,rondes,ronds,12,M,S,rondes,-10.043975,ronds,-12.272489,1
666,P_NOUN_9_ADJ_b,F,P,les poubelles avec le cahier qui étaient là depuis hier ne sont pas très froides <eos>,14,froides,froids,12,M,S,froides,-6.9335604,froids,-10.733727,1
667,P_NOUN_9_ADJ_b,F,P,les poubelles avec le cahier qui étaient là depuis hier ne sont pas très chaudes <eos>,14,chaudes,chauds,12,M,S,chaudes,-7.300685,chauds,-8.271756,1
668,P_NOUN_9_ADJ_b,F,P,les poubelles avec le cahier qui étaient là depuis hier ne sont pas très importantes <eos>,14,importantes,importants,12,M,S,importantes,-5.872216,importants,-7.4747105,1
669,P_NOUN_9_ADJ_b,F,P,les poubelles avec le cahier qui étaient là depuis hier ne sont pas très courtes <eos>,14,courtes,courts,12,M,S,courtes,-6.627733,courts,-7.8310223,1
670,P_NOUN_9_ADJ_b,F,P,les poubelles avec le cahier qui étaient là depuis hier ne sont pas très dures <eos>,14,dures,durs,12,M,S,dures,-5.748266,durs,-6.619362,1
671,P_NOUN_9_ADJ_b,F,P,les poubelles avec le cahier qui étaient là depuis hier ne sont pas très claires <eos>,14,claires,clairs,12,M,S,claires,-4.405038,clairs,-6.372608,1
672,P_NOUN_9_ADJ_b,F,P,les poubelles avec le cahier qui étaient là depuis hier ne sont pas très intéressantes <eos>,14,intéressantes,intéressants,12,M,S,intéressantes,-7.1090717,intéressants,-7.721755,1
673,P_NOUN_9_ADJ_b,F,P,les poubelles avec le cahier qui étaient là depuis hier ne sont pas très brillantes <eos>,14,brillantes,brillants,12,M,S,brillantes,-8.488662,brillants,-9.357331,1
674,P_NOUN_9_ADJ_b,F,P,les poubelles avec le cahier qui étaient là depuis hier ne sont pas très compliquées <eos>,14,compliquées,compliqués,12,M,S,compliquées,-7.6626606,compliqués,-7.7969027,1
675,P_NOUN_9_ADJ_b,F,P,les poubelles avec le micro qui étaient là depuis hier ne sont pas très vertes <eos>,14,vertes,verts,12,M,S,vertes,-9.882949,verts,-10.482176,1
676,P_NOUN_9_ADJ_b,F,P,les poubelles avec le micro qui étaient là depuis hier ne sont pas très bleues <eos>,14,bleues,bleus,12,M,S,bleues,-11.3902445,bleus,-11.756217,1
677,P_NOUN_9_ADJ_b,F,P,les poubelles avec le micro qui étaient là depuis hier ne sont pas très noires <eos>,14,noires,noirs,12,M,S,noires,-9.435755,noirs,-12.551422,1
678,P_NOUN_9_ADJ_b,F,P,les poubelles avec le micro qui étaient là depuis hier ne sont pas très délicates <eos>,14,délicates,délicats,12,M,S,délicates,-8.609161,délicats,-10.055299,1
679,P_NOUN_9_ADJ_b,F,P,les poubelles avec le micro qui étaient là depuis hier ne sont pas très pointues <eos>,14,pointues,pointus,12,M,S,pointues,-8.930111,pointus,-11.538126,1
680,P_NOUN_9_ADJ_b,F,P,les poubelles avec le micro qui étaient là depuis hier ne sont pas très rondes <eos>,14,rondes,ronds,12,M,S,rondes,-9.834767,ronds,-12.567936,1
681,P_NOUN_9_ADJ_b,F,P,les poubelles avec le micro qui étaient là depuis hier ne sont pas très froides <eos>,14,froides,froids,12,M,S,froides,-6.4086924,froids,-11.280689,1
682,P_NOUN_9_ADJ_b,F,P,les poubelles avec le micro qui étaient là depuis hier ne sont pas très chaudes <eos>,14,chaudes,chauds,12,M,S,chaudes,-7.066942,chauds,-8.763765,1
683,P_NOUN_9_ADJ_b,F,P,les poubelles avec le micro qui étaient là depuis hier ne sont pas très importantes <eos>,14,importantes,importants,12,M,S,importantes,-5.4455566,importants,-8.236032,1
684,P_NOUN_9_ADJ_b,F,P,les poubelles avec le micro qui étaient là depuis hier ne sont pas très courtes <eos>,14,courtes,courts,12,M,S,courtes,-6.3723516,courts,-8.120359,1
685,P_NOUN_9_ADJ_b,F,P,les poubelles avec le micro qui étaient là depuis hier ne sont pas très dures <eos>,14,dures,durs,12,M,S,dures,-6.1635704,durs,-6.8468695,1
686,P_NOUN_9_ADJ_b,F,P,les poubelles avec le micro qui étaient là depuis hier ne sont pas très claires <eos>,14,claires,clairs,12,M,S,claires,-4.3738494,clairs,-7.5844254,1
687,P_NOUN_9_ADJ_b,F,P,les poubelles avec le micro qui étaient là depuis hier ne sont pas très intéressantes <eos>,14,intéressantes,intéressants,12,M,S,intéressantes,-6.9521255,intéressants,-8.462414,1
688,P_NOUN_9_ADJ_b,F,P,les poubelles avec le micro qui étaient là depuis hier ne sont pas très brillantes <eos>,14,brillantes,brillants,12,M,S,brillantes,-8.641327,brillants,-10.280308,1
689,P_NOUN_9_ADJ_b,F,P,les poubelles avec le micro qui étaient là depuis hier ne sont pas très compliquées <eos>,14,compliquées,compliqués,12,M,S,compliquées,-7.558344,compliqués,-8.302972,1
690,P_NOUN_9_ADJ_b,F,P,les poubelles avec le sac qui étaient là depuis hier ne sont pas très vertes <eos>,14,vertes,verts,12,M,S,vertes,-10.1228,verts,-10.281192,1
691,P_NOUN_9_ADJ_b,F,P,les poubelles avec le sac qui étaient là depuis hier ne sont pas très bleues <eos>,14,bleues,bleus,12,M,S,bleues,-11.74354,bleus,-11.844637,1
692,P_NOUN_9_ADJ_b,F,P,les poubelles avec le sac qui étaient là depuis hier ne sont pas très noires <eos>,14,noires,noirs,12,M,S,noires,-9.636996,noirs,-12.316007,1
693,P_NOUN_9_ADJ_b,F,P,les poubelles avec le sac qui étaient là depuis hier ne sont pas très délicates <eos>,14,délicates,délicats,12,M,S,délicates,-8.847717,délicats,-9.507547,1
694,P_NOUN_9_ADJ_b,F,P,les poubelles avec le sac qui étaient là depuis hier ne sont pas très pointues <eos>,14,pointues,pointus,12,M,S,pointues,-9.046624,pointus,-11.203504,1
695,P_NOUN_9_ADJ_b,F,P,les poubelles avec le sac qui étaient là depuis hier ne sont pas très rondes <eos>,14,rondes,ronds,12,M,S,rondes,-10.020601,ronds,-12.401329,1
696,P_NOUN_9_ADJ_b,F,P,les poubelles avec le sac qui étaient là depuis hier ne sont pas très froides <eos>,14,froides,froids,12,M,S,froides,-6.4373627,froids,-10.808884,1
697,P_NOUN_9_ADJ_b,F,P,les poubelles avec le sac qui étaient là depuis hier ne sont pas très chaudes <eos>,14,chaudes,chauds,12,M,S,chaudes,-7.200644,chauds,-8.1641865,1
698,P_NOUN_9_ADJ_b,F,P,les poubelles avec le sac qui étaient là depuis hier ne sont pas très importantes <eos>,14,importantes,importants,12,M,S,importantes,-5.5090575,importants,-7.853412,1
699,P_NOUN_9_ADJ_b,F,P,les poubelles avec le sac qui étaient là depuis hier ne sont pas très courtes <eos>,14,courtes,courts,12,M,S,courtes,-6.694211,courts,-7.945838,1
700,P_NOUN_9_ADJ_b,F,P,les poubelles avec le sac qui étaient là depuis hier ne sont pas très dures <eos>,14,dures,durs,12,M,S,dures,-5.4771957,durs,-6.2434483,1
701,P_NOUN_9_ADJ_b,F,P,les poubelles avec le sac qui étaient là depuis hier ne sont pas très claires <eos>,14,claires,clairs,12,M,S,claires,-4.6660995,clairs,-7.0455894,1
702,P_NOUN_9_ADJ_b,F,P,les poubelles avec le sac qui étaient là depuis hier ne sont pas très intéressantes <eos>,14,intéressantes,intéressants,12,M,S,intéressantes,-7.0315857,intéressants,-8.35802,1
703,P_NOUN_9_ADJ_b,F,P,les poubelles avec le sac qui étaient là depuis hier ne sont pas très brillantes <eos>,14,brillantes,brillants,12,M,S,brillantes,-8.522507,brillants,-9.634516,1
704,P_NOUN_9_ADJ_b,F,P,les poubelles avec le sac qui étaient là depuis hier ne sont pas très compliquées <eos>,14,compliquées,compliqués,12,M,S,compliquées,-7.7411823,compliqués,-8.140625,1
705,P_NOUN_9_ADJ_b,F,P,les poubelles avec le clavier qui étaient là depuis hier ne sont pas très vertes <eos>,14,vertes,verts,12,M,S,vertes,-10.521723,verts,-11.158286,1
706,P_NOUN_9_ADJ_b,F,P,les poubelles avec le clavier qui étaient là depuis hier ne sont pas très bleues <eos>,14,bleues,bleus,12,M,S,bleues,-12.047326,bleus,-12.460683,1
707,P_NOUN_9_ADJ_b,F,P,les poubelles avec le clavier qui étaient là depuis hier ne sont pas très noires <eos>,14,noires,noirs,12,M,S,noires,-10.188859,noirs,-12.982286,1
708,P_NOUN_9_ADJ_b,F,P,les poubelles avec le clavier qui étaient là depuis hier ne sont pas très délicates <eos>,14,délicates,délicats,12,M,S,délicates,-8.657951,délicats,-9.836201,1
709,P_NOUN_9_ADJ_b,F,P,les poubelles avec le clavier qui étaient là depuis hier ne sont pas très pointues <eos>,14,pointues,pointus,12,M,S,pointues,-8.823271,pointus,-12.075847,1
710,P_NOUN_9_ADJ_b,F,P,les poubelles avec le clavier qui étaient là depuis hier ne sont pas très rondes <eos>,14,rondes,ronds,12,M,S,rondes,-10.101145,ronds,-12.767565,1
711,P_NOUN_9_ADJ_b,F,P,les poubelles avec le clavier qui étaient là depuis hier ne sont pas très froides <eos>,14,froides,froids,12,M,S,froides,-6.791888,froids,-11.631867,1
712,P_NOUN_9_ADJ_b,F,P,les poubelles avec le clavier qui étaient là depuis hier ne sont pas très chaudes <eos>,14,chaudes,chauds,12,M,S,chaudes,-7.4775515,chauds,-9.283895,1
713,P_NOUN_9_ADJ_b,F,P,les poubelles avec le clavier qui étaient là depuis hier ne sont pas très importantes <eos>,14,importantes,importants,12,M,S,importantes,-5.6905193,importants,-8.483498,1
714,P_NOUN_9_ADJ_b,F,P,les poubelles avec le clavier qui étaient là depuis hier ne sont pas très courtes <eos>,14,courtes,courts,12,M,S,courtes,-6.3675256,courts,-8.402271,1
715,P_NOUN_9_ADJ_b,F,P,les poubelles avec le clavier qui étaient là depuis hier ne sont pas très dures <eos>,14,dures,durs,12,M,S,dures,-6.0635996,durs,-6.276613,1
716,P_NOUN_9_ADJ_b,F,P,les poubelles avec le clavier qui étaient là depuis hier ne sont pas très claires <eos>,14,claires,clairs,12,M,S,claires,-4.213355,clairs,-7.197443,1
717,P_NOUN_9_ADJ_b,F,P,les poubelles avec le clavier qui étaient là depuis hier ne sont pas très intéressantes <eos>,14,intéressantes,intéressants,12,M,S,intéressantes,-6.7391396,intéressants,-8.293388,1
718,P_NOUN_9_ADJ_b,F,P,les poubelles avec le clavier qui étaient là depuis hier ne sont pas très brillantes <eos>,14,brillantes,brillants,12,M,S,brillantes,-7.872695,brillants,-9.867882,1
719,P_NOUN_9_ADJ_b,F,P,les poubelles avec le clavier qui étaient là depuis hier ne sont pas très compliquées <eos>,14,compliquées,compliqués,12,M,S,compliquées,-6.672394,compliqués,-7.57463,1
720,P_NOUN_9_ADJ_b,F,P,les poubelles avec le raisin qui étaient là depuis hier ne sont pas très vertes <eos>,14,vertes,verts,12,M,S,vertes,-10.076202,verts,-11.064211,1
721,P_NOUN_9_ADJ_b,F,P,les poubelles avec le raisin qui étaient là depuis hier ne sont pas très bleues <eos>,14,bleues,bleus,12,M,S,bleues,-12.237657,bleus,-12.646651,1
722,P_NOUN_9_ADJ_b,F,P,les poubelles avec le raisin qui étaient là depuis hier ne sont pas très noires <eos>,14,noires,noirs,12,M,S,noires,-9.627325,noirs,-13.134841,1
723,P_NOUN_9_ADJ_b,F,P,les poubelles avec le raisin qui étaient là depuis hier ne sont pas très délicates <eos>,14,délicates,délicats,12,M,S,délicates,-8.903887,délicats,-9.135477,1
724,P_NOUN_9_ADJ_b,F,P,les poubelles avec le raisin qui étaient là depuis hier ne sont pas très pointues <eos>,14,pointues,pointus,12,M,S,pointues,-9.344023,pointus,-12.310312,1
725,P_NOUN_9_ADJ_b,F,P,les poubelles avec le raisin qui étaient là depuis hier ne sont pas très rondes <eos>,14,rondes,ronds,12,M,S,rondes,-10.328936,ronds,-12.831871,1
726,P_NOUN_9_ADJ_b,F,P,les poubelles avec le raisin qui étaient là depuis hier ne sont pas très froides <eos>,14,froides,froids,12,M,S,froides,-6.1647096,froids,-10.742067,1
727,P_NOUN_9_ADJ_b,F,P,les poubelles avec le raisin qui étaient là depuis hier ne sont pas très chaudes <eos>,14,chaudes,chauds,12,M,S,chaudes,-6.319867,chauds,-8.177412,1
728,P_NOUN_9_ADJ_b,F,P,les poubelles avec le raisin qui étaient là depuis hier ne sont pas très importantes <eos>,14,importantes,importants,12,M,S,importantes,-5.107622,importants,-8.295715,1
729,P_NOUN_9_ADJ_b,F,P,les poubelles avec le raisin qui étaient là depuis hier ne sont pas très courtes <eos>,14,courtes,courts,12,M,S,courtes,-7.1863093,courts,-8.886732,1
730,P_NOUN_9_ADJ_b,F,P,les poubelles avec le raisin qui étaient là depuis hier ne sont pas très dures <eos>,14,dures,durs,12,M,S,dures,-5.5183873,durs,-6.733893,1
731,P_NOUN_9_ADJ_b,F,P,les poubelles avec le raisin qui étaient là depuis hier ne sont pas très claires <eos>,14,claires,clairs,12,M,S,claires,-4.250242,clairs,-7.8364,1
732,P_NOUN_9_ADJ_b,F,P,les poubelles avec le raisin qui étaient là depuis hier ne sont pas très intéressantes <eos>,14,intéressantes,intéressants,12,M,S,intéressantes,-6.8115864,intéressants,-9.161626,1
733,P_NOUN_9_ADJ_b,F,P,les poubelles avec le raisin qui étaient là depuis hier ne sont pas très brillantes <eos>,14,brillantes,brillants,12,M,S,brillantes,-8.606407,brillants,-10.089215,1
734,P_NOUN_9_ADJ_b,F,P,les poubelles avec le raisin qui étaient là depuis hier ne sont pas très compliquées <eos>,14,compliquées,compliqués,12,M,S,compliquées,-8.608515,compliqués,-8.770431,1
735,P_NOUN_9_ADJ_b,F,P,les poubelles avec le chargeur qui étaient là depuis hier ne sont pas très vertes <eos>,14,vertes,verts,12,M,S,vertes,-10.460013,verts,-11.434311,1
736,P_NOUN_9_ADJ_b,F,P,les poubelles avec le chargeur qui étaient là depuis hier ne sont pas très bleues <eos>,14,bleues,bleus,12,M,S,bleues,-12.07382,bleus,-12.185219,1
737,P_NOUN_9_ADJ_b,F,P,les poubelles avec le chargeur qui étaient là depuis hier ne sont pas très noires <eos>,14,noires,noirs,12,M,S,noires,-9.622229,noirs,-12.471142,1
738,P_NOUN_9_ADJ_b,F,P,les poubelles avec le chargeur qui étaient là depuis hier ne sont pas très délicates <eos>,14,délicates,délicats,12,M,S,délicates,-9.351061,délicats,-10.420176,1
739,P_NOUN_9_ADJ_b,F,P,les poubelles avec le chargeur qui étaient là depuis hier ne sont pas très pointues <eos>,14,pointues,pointus,12,M,S,pointues,-9.08392,pointus,-11.70731,1
740,P_NOUN_9_ADJ_b,F,P,les poubelles avec le chargeur qui étaient là depuis hier ne sont pas très rondes <eos>,14,rondes,ronds,12,M,S,rondes,-10.50467,ronds,-12.948805,1
741,P_NOUN_9_ADJ_b,F,P,les poubelles avec le chargeur qui étaient là depuis hier ne sont pas très froides <eos>,14,froides,froids,12,M,S,froides,-6.4292946,froids,-11.382687,1
742,P_NOUN_9_ADJ_b,F,P,les poubelles avec le chargeur qui étaient là depuis hier ne sont pas très chaudes <eos>,14,chaudes,chauds,12,M,S,chaudes,-7.6079354,chauds,-8.391695,1
743,P_NOUN_9_ADJ_b,F,P,les poubelles avec le chargeur qui étaient là depuis hier ne sont pas très importantes <eos>,14,importantes,importants,12,M,S,importantes,-5.51153,importants,-8.500855,1
744,P_NOUN_9_ADJ_b,F,P,les poubelles avec le chargeur qui étaient là depuis hier ne sont pas très courtes <eos>,14,courtes,courts,12,M,S,courtes,-6.1706743,courts,-8.496955,1
745,P_NOUN_9_ADJ_b,F,P,les poubelles avec le chargeur qui étaient là depuis hier ne sont pas très dures <eos>,14,dures,durs,12,M,S,dures,-5.9271307,durs,-6.66282,1
746,P_NOUN_9_ADJ_b,F,P,les poubelles avec le chargeur qui étaient là depuis hier ne sont pas très claires <eos>,14,claires,clairs,12,M,S,claires,-5.264496,clairs,-7.8176956,1
747,P_NOUN_9_ADJ_b,F,P,les poubelles avec le chargeur qui étaient là depuis hier ne sont pas très intéressantes <eos>,14,intéressantes,intéressants,12,M,S,intéressantes,-7.1596785,intéressants,-8.871191,1
748,P_NOUN_9_ADJ_b,F,P,les poubelles avec le chargeur qui étaient là depuis hier ne sont pas très brillantes <eos>,14,brillantes,brillants,12,M,S,brillantes,-8.574648,brillants,-9.837833,1
749,P_NOUN_9_ADJ_b,F,P,les poubelles avec le chargeur qui étaient là depuis hier ne sont pas très compliquées <eos>,14,compliquées,compliqués,12,M,S,compliquées,-7.414674,compliqués,-8.006963,1
750,P_NOUN_9_ADJ_b,F,P,les poubelles avec le vase qui étaient là depuis hier ne sont pas très vertes <eos>,14,vertes,verts,12,M,S,vertes,-10.166119,verts,-10.630397,1
751,P_NOUN_9_ADJ_b,F,P,les poubelles avec le vase qui étaient là depuis hier ne sont pas très bleues <eos>,14,bleues,bleus,12,M,S,bleues,-12.0969515,bleus,-12.396876,1
752,P_NOUN_9_ADJ_b,F,P,les poubelles avec le vase qui étaient là depuis hier ne sont pas très noires <eos>,14,noires,noirs,12,M,S,noires,-9.825583,noirs,-13.225342,1
753,P_NOUN_9_ADJ_b,F,P,les poubelles avec le vase qui étaient là depuis hier ne sont pas très délicates <eos>,14,délicates,délicats,12,M,S,délicates,-8.213497,délicats,-9.304343,1
754,P_NOUN_9_ADJ_b,F,P,les poubelles avec le vase qui étaient là depuis hier ne sont pas très pointues <eos>,14,pointues,pointus,12,M,S,pointues,-9.248553,pointus,-11.321536,1
755,P_NOUN_9_ADJ_b,F,P,les poubelles avec le vase qui étaient là depuis hier ne sont pas très rondes <eos>,14,rondes,ronds,12,M,S,rondes,-10.681494,ronds,-12.851815,1
756,P_NOUN_9_ADJ_b,F,P,les poubelles avec le vase qui étaient là depuis hier ne sont pas très froides <eos>,14,froides,froids,12,M,S,froides,-6.2939415,froids,-10.809736,1
757,P_NOUN_9_ADJ_b,F,P,les poubelles avec le vase qui étaient là depuis hier ne sont pas très chaudes <eos>,14,chaudes,chauds,12,M,S,chaudes,-6.498169,chauds,-8.077346,1
758,P_NOUN_9_ADJ_b,F,P,les poubelles avec le vase qui étaient là depuis hier ne sont pas très importantes <eos>,14,importantes,importants,12,M,S,importantes,-4.78668,importants,-7.43898,1
759,P_NOUN_9_ADJ_b,F,P,les poubelles avec le vase qui étaient là depuis hier ne sont pas très courtes <eos>,14,courtes,courts,12,M,S,courtes,-7.273342,courts,-8.785258,1
760,P_NOUN_9_ADJ_b,F,P,les poubelles avec le vase qui étaient là depuis hier ne sont pas très dures <eos>,14,dures,durs,12,M,S,dures,-5.619376,durs,-6.9720736,1
761,P_NOUN_9_ADJ_b,F,P,les poubelles avec le vase qui étaient là depuis hier ne sont pas très claires <eos>,14,claires,clairs,12,M,S,claires,-4.500514,clairs,-7.13441,1
762,P_NOUN_9_ADJ_b,F,P,les poubelles avec le vase qui étaient là depuis hier ne sont pas très intéressantes <eos>,14,intéressantes,intéressants,12,M,S,intéressantes,-6.7448483,intéressants,-8.300504,1
763,P_NOUN_9_ADJ_b,F,P,les poubelles avec le vase qui étaient là depuis hier ne sont pas très brillantes <eos>,14,brillantes,brillants,12,M,S,brillantes,-8.433016,brillants,-9.924,1
764,P_NOUN_9_ADJ_b,F,P,les poubelles avec le vase qui étaient là depuis hier ne sont pas très compliquées <eos>,14,compliquées,compliqués,12,M,S,compliquées,-7.9008675,compliqués,-7.975357,1
765,P_NOUN_9_ADJ_b,F,P,les poubelles avec le panier qui étaient là depuis hier ne sont pas très vertes <eos>,14,vertes,verts,12,M,S,vertes,-10.286054,verts,-10.702626,1
766,P_NOUN_9_ADJ_b,F,P,les poubelles avec le panier qui étaient là depuis hier ne sont pas très bleues <eos>,14,bleues,bleus,12,M,S,bleues,-12.128147,bleus,-12.168966,1
767,P_NOUN_9_ADJ_b,F,P,les poubelles avec le panier qui étaient là depuis hier ne sont pas très noires <eos>,14,noires,noirs,12,M,S,noires,-9.840987,noirs,-12.65354,1
768,P_NOUN_9_ADJ_b,F,P,les poubelles avec le panier qui étaient là depuis hier ne sont pas très délicates <eos>,14,délicates,délicats,12,M,S,délicates,-8.777298,délicats,-9.678741,1
769,P_NOUN_9_ADJ_b,F,P,les poubelles avec le panier qui étaient là depuis hier ne sont pas très pointues <eos>,14,pointues,pointus,12,M,S,pointues,-9.076199,pointus,-11.331796,1
770,P_NOUN_9_ADJ_b,F,P,les poubelles avec le panier qui étaient là depuis hier ne sont pas très rondes <eos>,14,rondes,ronds,12,M,S,rondes,-10.057028,ronds,-12.270754,1
771,P_NOUN_9_ADJ_b,F,P,les poubelles avec le panier qui étaient là depuis hier ne sont pas très froides <eos>,14,froides,froids,12,M,S,froides,-6.482231,froids,-11.150038,1
772,P_NOUN_9_ADJ_b,F,P,les poubelles avec le panier qui étaient là depuis hier ne sont pas très chaudes <eos>,14,chaudes,chauds,12,M,S,chaudes,-7.1685023,chauds,-8.288414,1
773,P_NOUN_9_ADJ_b,F,P,les poubelles avec le panier qui étaient là depuis hier ne sont pas très importantes <eos>,14,importantes,importants,12,M,S,importantes,-5.33272,importants,-7.5984325,1
774,P_NOUN_9_ADJ_b,F,P,les poubelles avec le panier qui étaient là depuis hier ne sont pas très courtes <eos>,14,courtes,courts,12,M,S,courtes,-6.681882,courts,-7.999709,1
775,P_NOUN_9_ADJ_b,F,P,les poubelles avec le panier qui étaient là depuis hier ne sont pas très dures <eos>,14,dures,durs,12,M,S,dures,-5.798801,durs,-6.6075444,1
776,P_NOUN_9_ADJ_b,F,P,les poubelles avec le panier qui étaient là depuis hier ne sont pas très claires <eos>,14,claires,clairs,12,M,S,claires,-4.7798395,clairs,-7.355137,1
777,P_NOUN_9_ADJ_b,F,P,les poubelles avec le panier qui étaient là depuis hier ne sont pas très intéressantes <eos>,14,intéressantes,intéressants,12,M,S,intéressantes,-7.0645757,intéressants,-8.37381,1
778,P_NOUN_9_ADJ_b,F,P,les poubelles avec le panier qui étaient là depuis hier ne sont pas très brillantes <eos>,14,brillantes,brillants,12,M,S,brillantes,-8.993767,brillants,-9.829821,1
779,P_NOUN_9_ADJ_b,F,P,les poubelles avec le panier qui étaient là depuis hier ne sont pas très compliquées <eos>,14,compliquées,compliqués,12,M,S,compliquées,-8.058439,compliqués,-8.067359,1
780,P_NOUN_9_ADJ_b,F,P,les poubelles avec le collier qui étaient là depuis hier ne sont pas très vertes <eos>,14,vertes,verts,12,M,S,vertes,-10.131168,verts,-9.805694,0
781,P_NOUN_9_ADJ_b,F,P,les poubelles avec le collier qui étaient là depuis hier ne sont pas très bleues <eos>,14,bleues,bleus,12,M,S,bleues,-11.256557,bleus,-11.428743,1
782,P_NOUN_9_ADJ_b,F,P,les poubelles avec le collier qui étaient là depuis hier ne sont pas très noires <eos>,14,noires,noirs,12,M,S,noires,-9.539539,noirs,-11.898396,1
783,P_NOUN_9_ADJ_b,F,P,les poubelles avec le collier qui étaient là depuis hier ne sont pas très délicates <eos>,14,délicates,délicats,12,M,S,délicates,-8.378269,délicats,-9.674458,1
784,P_NOUN_9_ADJ_b,F,P,les poubelles avec le collier qui étaient là depuis hier ne sont pas très pointues <eos>,14,pointues,pointus,12,M,S,pointues,-8.872157,pointus,-10.928969,1
785,P_NOUN_9_ADJ_b,F,P,les poubelles avec le collier qui étaient là depuis hier ne sont pas très rondes <eos>,14,rondes,ronds,12,M,S,rondes,-9.920662,ronds,-12.129549,1
786,P_NOUN_9_ADJ_b,F,P,les poubelles avec le collier qui étaient là depuis hier ne sont pas très froides <eos>,14,froides,froids,12,M,S,froides,-6.4324074,froids,-10.966703,1
787,P_NOUN_9_ADJ_b,F,P,les poubelles avec le collier qui étaient là depuis hier ne sont pas très chaudes <eos>,14,chaudes,chauds,12,M,S,chaudes,-7.21163,chauds,-8.146334,1
788,P_NOUN_9_ADJ_b,F,P,les poubelles avec le collier qui étaient là depuis hier ne sont pas très importantes <eos>,14,importantes,importants,12,M,S,importantes,-5.572543,importants,-7.5235157,1
789,P_NOUN_9_ADJ_b,F,P,les poubelles avec le collier qui étaient là depuis hier ne sont pas très courtes <eos>,14,courtes,courts,12,M,S,courtes,-7.0259404,courts,-8.010088,1
790,P_NOUN_9_ADJ_b,F,P,les poubelles avec le collier qui étaient là depuis hier ne sont pas très dures <eos>,14,dures,durs,12,M,S,dures,-5.5772734,durs,-6.5107718,1
791,P_NOUN_9_ADJ_b,F,P,les poubelles avec le collier qui étaient là depuis hier ne sont pas très claires <eos>,14,claires,clairs,12,M,S,claires,-4.521244,clairs,-6.4350796,1
792,P_NOUN_9_ADJ_b,F,P,les poubelles avec le collier qui étaient là depuis hier ne sont pas très intéressantes <eos>,14,intéressantes,intéressants,12,M,S,intéressantes,-6.9873695,intéressants,-7.8620167,1
793,P_NOUN_9_ADJ_b,F,P,les poubelles avec le collier qui étaient là depuis hier ne sont pas très brillantes <eos>,14,brillantes,brillants,12,M,S,brillantes,-7.804101,brillants,-8.7694025,1
794,P_NOUN_9_ADJ_b,F,P,les poubelles avec le collier qui étaient là depuis hier ne sont pas très compliquées <eos>,14,compliquées,compliqués,12,M,S,compliquées,-7.499648,compliqués,-7.7329617,1
795,P_NOUN_9_ADJ_b,F,P,les poubelles avec le chapeau qui étaient là depuis hier ne sont pas très vertes <eos>,14,vertes,verts,12,M,S,vertes,-9.750648,verts,-10.33413,1
796,P_NOUN_9_ADJ_b,F,P,les poubelles avec le chapeau qui étaient là depuis hier ne sont pas très bleues <eos>,14,bleues,bleus,12,M,S,bleues,-10.850412,bleus,-11.391668,1
797,P_NOUN_9_ADJ_b,F,P,les poubelles avec le chapeau qui étaient là depuis hier ne sont pas très noires <eos>,14,noires,noirs,12,M,S,noires,-8.993528,noirs,-11.996114,1
798,P_NOUN_9_ADJ_b,F,P,les poubelles avec le chapeau qui étaient là depuis hier ne sont pas très délicates <eos>,14,délicates,délicats,12,M,S,délicates,-8.182528,délicats,-9.730223,1
799,P_NOUN_9_ADJ_b,F,P,les poubelles avec le chapeau qui étaient là depuis hier ne sont pas très pointues <eos>,14,pointues,pointus,12,M,S,pointues,-8.780573,pointus,-11.419807,1
800,P_NOUN_9_ADJ_b,F,P,les poubelles avec le chapeau qui étaient là depuis hier ne sont pas très rondes <eos>,14,rondes,ronds,12,M,S,rondes,-9.942503,ronds,-12.270685,1
801,P_NOUN_9_ADJ_b,F,P,les poubelles avec le chapeau qui étaient là depuis hier ne sont pas très froides <eos>,14,froides,froids,12,M,S,froides,-6.3892436,froids,-11.184099,1
802,P_NOUN_9_ADJ_b,F,P,les poubelles avec le chapeau qui étaient là depuis hier ne sont pas très chaudes <eos>,14,chaudes,chauds,12,M,S,chaudes,-6.926654,chauds,-8.603967,1
803,P_NOUN_9_ADJ_b,F,P,les poubelles avec le chapeau qui étaient là depuis hier ne sont pas très importantes <eos>,14,importantes,importants,12,M,S,importantes,-5.45455,importants,-8.292873,1
804,P_NOUN_9_ADJ_b,F,P,les poubelles avec le chapeau qui étaient là depuis hier ne sont pas très courtes <eos>,14,courtes,courts,12,M,S,courtes,-6.5580025,courts,-8.491919,1
805,P_NOUN_9_ADJ_b,F,P,les poubelles avec le chapeau qui étaient là depuis hier ne sont pas très dures <eos>,14,dures,durs,12,M,S,dures,-5.4154787,durs,-7.0170135,1
806,P_NOUN_9_ADJ_b,F,P,les poubelles avec le chapeau qui étaient là depuis hier ne sont pas très claires <eos>,14,claires,clairs,12,M,S,claires,-4.1384873,clairs,-6.8036065,1
807,P_NOUN_9_ADJ_b,F,P,les poubelles avec le chapeau qui étaient là depuis hier ne sont pas très intéressantes <eos>,14,intéressantes,intéressants,12,M,S,intéressantes,-6.84986,intéressants,-8.525686,1
808,P_NOUN_9_ADJ_b,F,P,les poubelles avec le chapeau qui étaient là depuis hier ne sont pas très brillantes <eos>,14,brillantes,brillants,12,M,S,brillantes,-7.6870017,brillants,-9.39299,1
809,P_NOUN_9_ADJ_b,F,P,les poubelles avec le chapeau qui étaient là depuis hier ne sont pas très compliquées <eos>,14,compliquées,compliqués,12,M,S,compliquées,-7.6775384,compliqués,-8.459953,1
810,P_NOUN_9_ADJ_b,F,P,les poubelles avec le pot qui étaient là depuis hier ne sont pas très vertes <eos>,14,vertes,verts,12,M,S,vertes,-9.9058485,verts,-10.055816,1
811,P_NOUN_9_ADJ_b,F,P,les poubelles avec le pot qui étaient là depuis hier ne sont pas très bleues <eos>,14,bleues,bleus,12,M,S,bleues,-11.68438,bleus,-11.709385,1
812,P_NOUN_9_ADJ_b,F,P,les poubelles avec le pot qui étaient là depuis hier ne sont pas très noires <eos>,14,noires,noirs,12,M,S,noires,-9.5644245,noirs,-12.390098,1
813,P_NOUN_9_ADJ_b,F,P,les poubelles avec le pot qui étaient là depuis hier ne sont pas très délicates <eos>,14,délicates,délicats,12,M,S,délicates,-8.438376,délicats,-9.483806,1
814,P_NOUN_9_ADJ_b,F,P,les poubelles avec le pot qui étaient là depuis hier ne sont pas très pointues <eos>,14,pointues,pointus,12,M,S,pointues,-9.401115,pointus,-11.509244,1
815,P_NOUN_9_ADJ_b,F,P,les poubelles avec le pot qui étaient là depuis hier ne sont pas très rondes <eos>,14,rondes,ronds,12,M,S,rondes,-10.349813,ronds,-12.521406,1
816,P_NOUN_9_ADJ_b,F,P,les poubelles avec le pot qui étaient là depuis hier ne sont pas très froides <eos>,14,froides,froids,12,M,S,froides,-6.171362,froids,-10.543892,1
817,P_NOUN_9_ADJ_b,F,P,les poubelles avec le pot qui étaient là depuis hier ne sont pas très chaudes <eos>,14,chaudes,chauds,12,M,S,chaudes,-6.5983844,chauds,-7.9199986,1
818,P_NOUN_9_ADJ_b,F,P,les poubelles avec le pot qui étaient là depuis hier ne sont pas très importantes <eos>,14,importantes,importants,12,M,S,importantes,-5.022748,importants,-7.668357,1
819,P_NOUN_9_ADJ_b,F,P,les poubelles avec le pot qui étaient là depuis hier ne sont pas très courtes <eos>,14,courtes,courts,12,M,S,courtes,-7.2885356,courts,-8.209795,1
820,P_NOUN_9_ADJ_b,F,P,les poubelles avec le pot qui étaient là depuis hier ne sont pas très dures <eos>,14,dures,durs,12,M,S,dures,-5.6487875,durs,-6.579442,1
821,P_NOUN_9_ADJ_b,F,P,les poubelles avec le pot qui étaient là depuis hier ne sont pas très claires <eos>,14,claires,clairs,12,M,S,claires,-4.4264994,clairs,-7.108721,1
822,P_NOUN_9_ADJ_b,F,P,les poubelles avec le pot qui étaient là depuis hier ne sont pas très intéressantes <eos>,14,intéressantes,intéressants,12,M,S,intéressantes,-6.6099977,intéressants,-8.278095,1
823,P_NOUN_9_ADJ_b,F,P,les poubelles avec le pot qui étaient là depuis hier ne sont pas très brillantes <eos>,14,brillantes,brillants,12,M,S,brillantes,-8.466272,brillants,-9.413219,1
824,P_NOUN_9_ADJ_b,F,P,les poubelles avec le pot qui étaient là depuis hier ne sont pas très compliquées <eos>,14,compliquées,compliqués,12,M,S,compliquées,-8.115497,compliqués,-8.231185,1
825,P_NOUN_9_ADJ_b,F,P,les poubelles avec le coussin qui étaient là depuis hier ne sont pas très vertes <eos>,14,vertes,verts,12,M,S,vertes,-10.196086,verts,-10.997873,1
826,P_NOUN_9_ADJ_b,F,P,les poubelles avec le coussin qui étaient là depuis hier ne sont pas très bleues <eos>,14,bleues,bleus,12,M,S,bleues,-11.733681,bleus,-11.896744,1
827,P_NOUN_9_ADJ_b,F,P,les poubelles avec le coussin qui étaient là depuis hier ne sont pas très noires <eos>,14,noires,noirs,12,M,S,noires,-9.575142,noirs,-12.452234,1
828,P_NOUN_9_ADJ_b,F,P,les poubelles avec le coussin qui étaient là depuis hier ne sont pas très délicates <eos>,14,délicates,délicats,12,M,S,délicates,-8.98842,délicats,-9.887279,1
829,P_NOUN_9_ADJ_b,F,P,les poubelles avec le coussin qui étaient là depuis hier ne sont pas très pointues <eos>,14,pointues,pointus,12,M,S,pointues,-8.709581,pointus,-11.187829,1
830,P_NOUN_9_ADJ_b,F,P,les poubelles avec le coussin qui étaient là depuis hier ne sont pas très rondes <eos>,14,rondes,ronds,12,M,S,rondes,-9.930702,ronds,-12.49641,1
831,P_NOUN_9_ADJ_b,F,P,les poubelles avec le coussin qui étaient là depuis hier ne sont pas très froides <eos>,14,froides,froids,12,M,S,froides,-6.5408087,froids,-11.237968,1
832,P_NOUN_9_ADJ_b,F,P,les poubelles avec le coussin qui étaient là depuis hier ne sont pas très chaudes <eos>,14,chaudes,chauds,12,M,S,chaudes,-7.440486,chauds,-8.601112,1
833,P_NOUN_9_ADJ_b,F,P,les poubelles avec le coussin qui étaient là depuis hier ne sont pas très importantes <eos>,14,importantes,importants,12,M,S,importantes,-5.5286574,importants,-8.06535,1
834,P_NOUN_9_ADJ_b,F,P,les poubelles avec le coussin qui étaient là depuis hier ne sont pas très courtes <eos>,14,courtes,courts,12,M,S,courtes,-6.0125375,courts,-7.785582,1
835,P_NOUN_9_ADJ_b,F,P,les poubelles avec le coussin qui étaient là depuis hier ne sont pas très dures <eos>,14,dures,durs,12,M,S,dures,-5.614672,durs,-6.661902,1
836,P_NOUN_9_ADJ_b,F,P,les poubelles avec le coussin qui étaient là depuis hier ne sont pas très claires <eos>,14,claires,clairs,12,M,S,claires,-4.8567677,clairs,-7.467869,1
837,P_NOUN_9_ADJ_b,F,P,les poubelles avec le coussin qui étaient là depuis hier ne sont pas très intéressantes <eos>,14,intéressantes,intéressants,12,M,S,intéressantes,-7.329248,intéressants,-8.737148,1
838,P_NOUN_9_ADJ_b,F,P,les poubelles avec le coussin qui étaient là depuis hier ne sont pas très brillantes <eos>,14,brillantes,brillants,12,M,S,brillantes,-8.75005,brillants,-10.073828,1
839,P_NOUN_9_ADJ_b,F,P,les poubelles avec le coussin qui étaient là depuis hier ne sont pas très compliquées <eos>,14,compliquées,compliqués,12,M,S,compliquées,-7.2190313,compliqués,-7.9967833,1
840,P_NOUN_9_ADJ_b,F,P,les poubelles avec le jouet qui étaient là depuis hier ne sont pas très vertes <eos>,14,vertes,verts,12,M,S,vertes,-9.902256,verts,-10.205166,1
841,P_NOUN_9_ADJ_b,F,P,les poubelles avec le jouet qui étaient là depuis hier ne sont pas très bleues <eos>,14,bleues,bleus,12,M,S,bleues,-11.466153,bleus,-11.75048,1
842,P_NOUN_9_ADJ_b,F,P,les poubelles avec le jouet qui étaient là depuis hier ne sont pas très noires <eos>,14,noires,noirs,12,M,S,noires,-9.621402,noirs,-12.47562,1
843,P_NOUN_9_ADJ_b,F,P,les poubelles avec le jouet qui étaient là depuis hier ne sont pas très délicates <eos>,14,délicates,délicats,12,M,S,délicates,-8.620703,délicats,-9.825414,1
844,P_NOUN_9_ADJ_b,F,P,les poubelles avec le jouet qui étaient là depuis hier ne sont pas très pointues <eos>,14,pointues,pointus,12,M,S,pointues,-8.805722,pointus,-11.267029,1
845,P_NOUN_9_ADJ_b,F,P,les poubelles avec le jouet qui étaient là depuis hier ne sont pas très rondes <eos>,14,rondes,ronds,12,M,S,rondes,-10.103586,ronds,-12.694635,1
846,P_NOUN_9_ADJ_b,F,P,les poubelles avec le jouet qui étaient là depuis hier ne sont pas très froides <eos>,14,froides,froids,12,M,S,froides,-6.2767344,froids,-11.0713,1
847,P_NOUN_9_ADJ_b,F,P,les poubelles avec le jouet qui étaient là depuis hier ne sont pas très chaudes <eos>,14,chaudes,chauds,12,M,S,chaudes,-7.0624456,chauds,-8.34536,1
848,P_NOUN_9_ADJ_b,F,P,les poubelles avec le jouet qui étaient là depuis hier ne sont pas très importantes <eos>,14,importantes,importants,12,M,S,importantes,-5.736674,importants,-8.34236,1
849,P_NOUN_9_ADJ_b,F,P,les poubelles avec le jouet qui étaient là depuis hier ne sont pas très courtes <eos>,14,courtes,courts,12,M,S,courtes,-6.657611,courts,-8.363879,1
850,P_NOUN_9_ADJ_b,F,P,les poubelles avec le jouet qui étaient là depuis hier ne sont pas très dures <eos>,14,dures,durs,12,M,S,dures,-5.977113,durs,-6.786828,1
851,P_NOUN_9_ADJ_b,F,P,les poubelles avec le jouet qui étaient là depuis hier ne sont pas très claires <eos>,14,claires,clairs,12,M,S,claires,-4.3664765,clairs,-7.159698,1
852,P_NOUN_9_ADJ_b,F,P,les poubelles avec le jouet qui étaient là depuis hier ne sont pas très intéressantes <eos>,14,intéressantes,intéressants,12,M,S,intéressantes,-7.101058,intéressants,-8.579925,1
853,P_NOUN_9_ADJ_b,F,P,les poubelles avec le jouet qui étaient là depuis hier ne sont pas très brillantes <eos>,14,brillantes,brillants,12,M,S,brillantes,-8.346263,brillants,-9.790791,1
854,P_NOUN_9_ADJ_b,F,P,les poubelles avec le jouet qui étaient là depuis hier ne sont pas très compliquées <eos>,14,compliquées,compliqués,12,M,S,compliquées,-7.6056843,compliqués,-8.097321,1
855,P_NOUN_9_ADJ_b,F,P,les poubelles avec le clou qui étaient là depuis hier ne sont pas très vertes <eos>,14,vertes,verts,12,M,S,vertes,-9.905716,verts,-10.74667,1
856,P_NOUN_9_ADJ_b,F,P,les poubelles avec le clou qui étaient là depuis hier ne sont pas très bleues <eos>,14,bleues,bleus,12,M,S,bleues,-11.140886,bleus,-11.622881,1
857,P_NOUN_9_ADJ_b,F,P,les poubelles avec le clou qui étaient là depuis hier ne sont pas très noires <eos>,14,noires,noirs,12,M,S,noires,-9.328136,noirs,-12.542607,1
858,P_NOUN_9_ADJ_b,F,P,les poubelles avec le clou qui étaient là depuis hier ne sont pas très délicates <eos>,14,délicates,délicats,12,M,S,délicates,-8.1750555,délicats,-9.701824,1
859,P_NOUN_9_ADJ_b,F,P,les poubelles avec le clou qui étaient là depuis hier ne sont pas très pointues <eos>,14,pointues,pointus,12,M,S,pointues,-8.824902,pointus,-11.134371,1
860,P_NOUN_9_ADJ_b,F,P,les poubelles avec le clou qui étaient là depuis hier ne sont pas très rondes <eos>,14,rondes,ronds,12,M,S,rondes,-9.830977,ronds,-12.063234,1
861,P_NOUN_9_ADJ_b,F,P,les poubelles avec le clou qui étaient là depuis hier ne sont pas très froides <eos>,14,froides,froids,12,M,S,froides,-6.600937,froids,-11.624069,1
862,P_NOUN_9_ADJ_b,F,P,les poubelles avec le clou qui étaient là depuis hier ne sont pas très chaudes <eos>,14,chaudes,chauds,12,M,S,chaudes,-7.316781,chauds,-8.799523,1
863,P_NOUN_9_ADJ_b,F,P,les poubelles avec le clou qui étaient là depuis hier ne sont pas très importantes <eos>,14,importantes,importants,12,M,S,importantes,-5.432456,importants,-8.345553,1
864,P_NOUN_9_ADJ_b,F,P,les poubelles avec le clou qui étaient là depuis hier ne sont pas très courtes <eos>,14,courtes,courts,12,M,S,courtes,-6.331177,courts,-8.444141,1
865,P_NOUN_9_ADJ_b,F,P,les poubelles avec le clou qui étaient là depuis hier ne sont pas très dures <eos>,14,dures,durs,12,M,S,dures,-5.8528743,durs,-7.168115,1
866,P_NOUN_9_ADJ_b,F,P,les poubelles avec le clou qui étaient là depuis hier ne sont pas très claires <eos>,14,claires,clairs,12,M,S,claires,-4.68664,clairs,-7.124878,1
867,P_NOUN_9_ADJ_b,F,P,les poubelles avec le clou qui étaient là depuis hier ne sont pas très intéressantes <eos>,14,intéressantes,intéressants,12,M,S,intéressantes,-7.02404,intéressants,-8.855004,1
868,P_NOUN_9_ADJ_b,F,P,les poubelles avec le clou qui étaient là depuis hier ne sont pas très brillantes <eos>,14,brillantes,brillants,12,M,S,brillantes,-8.064868,brillants,-9.79266,1
869,P_NOUN_9_ADJ_b,F,P,les poubelles avec le clou qui étaient là depuis hier ne sont pas très compliquées <eos>,14,compliquées,compliqués,12,M,S,compliquées,-7.467083,compliqués,-8.027336,1
870,P_NOUN_9_ADJ_b,F,P,les poubelles avec le billet qui étaient là depuis hier ne sont pas très vertes <eos>,14,vertes,verts,12,M,S,vertes,-10.331589,verts,-10.821739,1
871,P_NOUN_9_ADJ_b,F,P,les poubelles avec le billet qui étaient là depuis hier ne sont pas très bleues <eos>,14,bleues,bleus,12,M,S,bleues,-11.713034,bleus,-11.9266205,1
872,P_NOUN_9_ADJ_b,F,P,les poubelles avec le billet qui étaient là depuis hier ne sont pas très noires <eos>,14,noires,noirs,12,M,S,noires,-10.142213,noirs,-12.457693,1
873,P_NOUN_9_ADJ_b,F,P,les poubelles avec le billet qui étaient là depuis hier ne sont pas très délicates <eos>,14,délicates,délicats,12,M,S,délicates,-8.406655,délicats,-10.127852,1
874,P_NOUN_9_ADJ_b,F,P,les poubelles avec le billet qui étaient là depuis hier ne sont pas très pointues <eos>,14,pointues,pointus,12,M,S,pointues,-9.252378,pointus,-11.756057,1
875,P_NOUN_9_ADJ_b,F,P,les poubelles avec le billet qui étaient là depuis hier ne sont pas très rondes <eos>,14,rondes,ronds,12,M,S,rondes,-10.573257,ronds,-12.781929,1
876,P_NOUN_9_ADJ_b,F,P,les poubelles avec le billet qui étaient là depuis hier ne sont pas très froides <eos>,14,froides,froids,12,M,S,froides,-6.8676577,froids,-11.697217,1
877,P_NOUN_9_ADJ_b,F,P,les poubelles avec le billet qui étaient là depuis hier ne sont pas très chaudes <eos>,14,chaudes,chauds,12,M,S,chaudes,-7.799608,chauds,-8.954792,1
878,P_NOUN_9_ADJ_b,F,P,les poubelles avec le billet qui étaient là depuis hier ne sont pas très importantes <eos>,14,importantes,importants,12,M,S,importantes,-5.042778,importants,-7.7287455,1
879,P_NOUN_9_ADJ_b,F,P,les poubelles avec le billet qui étaient là depuis hier ne sont pas très courtes <eos>,14,courtes,courts,12,M,S,courtes,-6.4269676,courts,-8.227994,1
880,P_NOUN_9_ADJ_b,F,P,les poubelles avec le billet qui étaient là depuis hier ne sont pas très dures <eos>,14,dures,durs,12,M,S,dures,-5.55687,durs,-7.147946,1
881,P_NOUN_9_ADJ_b,F,P,les poubelles avec le billet qui étaient là depuis hier ne sont pas très claires <eos>,14,claires,clairs,12,M,S,claires,-5.2315884,clairs,-7.4306564,1
882,P_NOUN_9_ADJ_b,F,P,les poubelles avec le billet qui étaient là depuis hier ne sont pas très intéressantes <eos>,14,intéressantes,intéressants,12,M,S,intéressantes,-6.664965,intéressants,-8.030201,1
883,P_NOUN_9_ADJ_b,F,P,les poubelles avec le billet qui étaient là depuis hier ne sont pas très brillantes <eos>,14,brillantes,brillants,12,M,S,brillantes,-8.549503,brillants,-9.459154,1
884,P_NOUN_9_ADJ_b,F,P,les poubelles avec le billet qui étaient là depuis hier ne sont pas très compliquées <eos>,14,compliquées,compliqués,12,M,S,compliquées,-7.694275,compliqués,-8.425406,1
885,P_NOUN_9_ADJ_b,F,P,les poubelles avec le légume qui étaient là depuis hier ne sont pas très vertes <eos>,14,vertes,verts,12,M,S,vertes,-10.108379,verts,-10.487315,1
886,P_NOUN_9_ADJ_b,F,P,les poubelles avec le légume qui étaient là depuis hier ne sont pas très bleues <eos>,14,bleues,bleus,12,M,S,bleues,-11.989577,bleus,-12.088393,1
887,P_NOUN_9_ADJ_b,F,P,les poubelles avec le légume qui étaient là depuis hier ne sont pas très noires <eos>,14,noires,noirs,12,M,S,noires,-9.496928,noirs,-12.139978,1
888,P_NOUN_9_ADJ_b,F,P,les poubelles avec le légume qui étaient là depuis hier ne sont pas très délicates <eos>,14,délicates,délicats,12,M,S,délicates,-8.196575,délicats,-9.485761,1
889,P_NOUN_9_ADJ_b,F,P,les poubelles avec le légume qui étaient là depuis hier ne sont pas très pointues <eos>,14,pointues,pointus,12,M,S,pointues,-9.343704,pointus,-12.277466,1
890,P_NOUN_9_ADJ_b,F,P,les poubelles avec le légume qui étaient là depuis hier ne sont pas très rondes <eos>,14,rondes,ronds,12,M,S,rondes,-10.09944,ronds,-12.276137,1
891,P_NOUN_9_ADJ_b,F,P,les poubelles avec le légume qui étaient là depuis hier ne sont pas très froides <eos>,14,froides,froids,12,M,S,froides,-5.5996,froids,-10.198643,1
892,P_NOUN_9_ADJ_b,F,P,les poubelles avec le légume qui étaient là depuis hier ne sont pas très chaudes <eos>,14,chaudes,chauds,12,M,S,chaudes,-5.8365746,chauds,-8.089159,1
893,P_NOUN_9_ADJ_b,F,P,les poubelles avec le légume qui étaient là depuis hier ne sont pas très importantes <eos>,14,importantes,importants,12,M,S,importantes,-4.7932367,importants,-7.972493,1
894,P_NOUN_9_ADJ_b,F,P,les poubelles avec le légume qui étaient là depuis hier ne sont pas très courtes <eos>,14,courtes,courts,12,M,S,courtes,-7.5446396,courts,-9.056419,1
895,P_NOUN_9_ADJ_b,F,P,les poubelles avec le légume qui étaient là depuis hier ne sont pas très dures <eos>,14,dures,durs,12,M,S,dures,-5.2662153,durs,-7.217248,1
896,P_NOUN_9_ADJ_b,F,P,les poubelles avec le légume qui étaient là depuis hier ne sont pas très claires <eos>,14,claires,clairs,12,M,S,claires,-4.0145454,clairs,-7.774207,1
897,P_NOUN_9_ADJ_b,F,P,les poubelles avec le légume qui étaient là depuis hier ne sont pas très intéressantes <eos>,14,intéressantes,intéressants,12,M,S,intéressantes,-6.8927526,intéressants,-9.153832,1
898,P_NOUN_9_ADJ_b,F,P,les poubelles avec le légume qui étaient là depuis hier ne sont pas très brillantes <eos>,14,brillantes,brillants,12,M,S,brillantes,-8.363452,brillants,-10.096938,1
899,P_NOUN_9_ADJ_b,F,P,les poubelles avec le légume qui étaient là depuis hier ne sont pas très compliquées <eos>,14,compliquées,compliqués,12,M,S,compliquées,-8.681632,compliqués,-9.17052,1
900,P_NOUN_9_ADJ_b,F,P,les chemises avec le bracelet qui étaient là depuis hier ne sont pas très vertes <eos>,14,vertes,verts,12,M,S,vertes,-10.144635,verts,-8.596748,0
901,P_NOUN_9_ADJ_b,F,P,les chemises avec le bracelet qui étaient là depuis hier ne sont pas très bleues <eos>,14,bleues,bleus,12,M,S,bleues,-10.589025,bleus,-9.589561,0
902,P_NOUN_9_ADJ_b,F,P,les chemises avec le bracelet qui étaient là depuis hier ne sont pas très noires <eos>,14,noires,noirs,12,M,S,noires,-9.376178,noirs,-10.326949,1
903,P_NOUN_9_ADJ_b,F,P,les chemises avec le bracelet qui étaient là depuis hier ne sont pas très délicates <eos>,14,délicates,délicats,12,M,S,délicates,-8.118057,délicats,-9.544077,1
904,P_NOUN_9_ADJ_b,F,P,les chemises avec le bracelet qui étaient là depuis hier ne sont pas très pointues <eos>,14,pointues,pointus,12,M,S,pointues,-8.828224,pointus,-10.374982,1
905,P_NOUN_9_ADJ_b,F,P,les chemises avec le bracelet qui étaient là depuis hier ne sont pas très rondes <eos>,14,rondes,ronds,12,M,S,rondes,-10.319311,ronds,-11.981888,1
906,P_NOUN_9_ADJ_b,F,P,les chemises avec le bracelet qui étaient là depuis hier ne sont pas très froides <eos>,14,froides,froids,12,M,S,froides,-5.753702,froids,-10.020895,1
907,P_NOUN_9_ADJ_b,F,P,les chemises avec le bracelet qui étaient là depuis hier ne sont pas très chaudes <eos>,14,chaudes,chauds,12,M,S,chaudes,-7.1396675,chauds,-7.44335,1
908,P_NOUN_9_ADJ_b,F,P,les chemises avec le bracelet qui étaient là depuis hier ne sont pas très importantes <eos>,14,importantes,importants,12,M,S,importantes,-5.929863,importants,-7.078047,1
909,P_NOUN_9_ADJ_b,F,P,les chemises avec le bracelet qui étaient là depuis hier ne sont pas très courtes <eos>,14,courtes,courts,12,M,S,courtes,-7.4327164,courts,-7.4815893,1
910,P_NOUN_9_ADJ_b,F,P,les chemises avec le bracelet qui étaient là depuis hier ne sont pas très dures <eos>,14,dures,durs,12,M,S,dures,-5.5852833,durs,-6.3794565,1
911,P_NOUN_9_ADJ_b,F,P,les chemises avec le bracelet qui étaient là depuis hier ne sont pas très claires <eos>,14,claires,clairs,12,M,S,claires,-4.9684854,clairs,-5.3854947,1
912,P_NOUN_9_ADJ_b,F,P,les chemises avec le bracelet qui étaient là depuis hier ne sont pas très intéressantes <eos>,14,intéressantes,intéressants,12,M,S,intéressantes,-7.0197306,intéressants,-7.2447786,1
913,P_NOUN_9_ADJ_b,F,P,les chemises avec le bracelet qui étaient là depuis hier ne sont pas très brillantes <eos>,14,brillantes,brillants,12,M,S,brillantes,-7.1446495,brillants,-7.0768166,0
914,P_NOUN_9_ADJ_b,F,P,les chemises avec le bracelet qui étaient là depuis hier ne sont pas très compliquées <eos>,14,compliquées,compliqués,12,M,S,compliquées,-7.469417,compliqués,-7.354429,0
915,P_NOUN_9_ADJ_b,F,P,les chemises avec le miroir qui étaient là depuis hier ne sont pas très vertes <eos>,14,vertes,verts,12,M,S,vertes,-9.760872,verts,-9.863785,1
916,P_NOUN_9_ADJ_b,F,P,les chemises avec le miroir qui étaient là depuis hier ne sont pas très bleues <eos>,14,bleues,bleus,12,M,S,bleues,-10.139304,bleus,-10.037739,0
917,P_NOUN_9_ADJ_b,F,P,les chemises avec le miroir qui étaient là depuis hier ne sont pas très noires <eos>,14,noires,noirs,12,M,S,noires,-8.743242,noirs,-10.51387,1
918,P_NOUN_9_ADJ_b,F,P,les chemises avec le miroir qui étaient là depuis hier ne sont pas très délicates <eos>,14,délicates,délicats,12,M,S,délicates,-8.109769,délicats,-9.380992,1
919,P_NOUN_9_ADJ_b,F,P,les chemises avec le miroir qui étaient là depuis hier ne sont pas très pointues <eos>,14,pointues,pointus,12,M,S,pointues,-8.450131,pointus,-10.270197,1
920,P_NOUN_9_ADJ_b,F,P,les chemises avec le miroir qui étaient là depuis hier ne sont pas très rondes <eos>,14,rondes,ronds,12,M,S,rondes,-9.571502,ronds,-11.5307665,1
921,P_NOUN_9_ADJ_b,F,P,les chemises avec le miroir qui étaient là depuis hier ne sont pas très froides <eos>,14,froides,froids,12,M,S,froides,-6.0620794,froids,-10.34775,1
922,P_NOUN_9_ADJ_b,F,P,les chemises avec le miroir qui étaient là depuis hier ne sont pas très chaudes <eos>,14,chaudes,chauds,12,M,S,chaudes,-7.02143,chauds,-8.389213,1
923,P_NOUN_9_ADJ_b,F,P,les chemises avec le miroir qui étaient là depuis hier ne sont pas très importantes <eos>,14,importantes,importants,12,M,S,importantes,-5.878063,importants,-8.05096,1
924,P_NOUN_9_ADJ_b,F,P,les chemises avec le miroir qui étaient là depuis hier ne sont pas très courtes <eos>,14,courtes,courts,12,M,S,courtes,-6.1809497,courts,-7.6294923,1
925,P_NOUN_9_ADJ_b,F,P,les chemises avec le miroir qui étaient là depuis hier ne sont pas très dures <eos>,14,dures,durs,12,M,S,dures,-5.619301,durs,-7.2305593,1
926,P_NOUN_9_ADJ_b,F,P,les chemises avec le miroir qui étaient là depuis hier ne sont pas très claires <eos>,14,claires,clairs,12,M,S,claires,-4.6986523,clairs,-5.9430027,1
927,P_NOUN_9_ADJ_b,F,P,les chemises avec le miroir qui étaient là depuis hier ne sont pas très intéressantes <eos>,14,intéressantes,intéressants,12,M,S,intéressantes,-7.249756,intéressants,-8.278997,1
928,P_NOUN_9_ADJ_b,F,P,les chemises avec le miroir qui étaient là depuis hier ne sont pas très brillantes <eos>,14,brillantes,brillants,12,M,S,brillantes,-6.5496054,brillants,-8.168871,1
929,P_NOUN_9_ADJ_b,F,P,les chemises avec le miroir qui étaient là depuis hier ne sont pas très compliquées <eos>,14,compliquées,compliqués,12,M,S,compliquées,-7.041965,compliqués,-7.581429,1
930,P_NOUN_9_ADJ_b,F,P,les chemises avec le crayon qui étaient là depuis hier ne sont pas très vertes <eos>,14,vertes,verts,12,M,S,vertes,-9.432666,verts,-9.522799,1
931,P_NOUN_9_ADJ_b,F,P,les chemises avec le crayon qui étaient là depuis hier ne sont pas très bleues <eos>,14,bleues,bleus,12,M,S,bleues,-9.955517,bleus,-9.991847,1
932,P_NOUN_9_ADJ_b,F,P,les chemises avec le crayon qui étaient là depuis hier ne sont pas très noires <eos>,14,noires,noirs,12,M,S,noires,-8.84864,noirs,-10.528915,1
933,P_NOUN_9_ADJ_b,F,P,les chemises avec le crayon qui étaient là depuis hier ne sont pas très délicates <eos>,14,délicates,délicats,12,M,S,délicates,-7.95646,délicats,-8.976429,1
934,P_NOUN_9_ADJ_b,F,P,les chemises avec le crayon qui étaient là depuis hier ne sont pas très pointues <eos>,14,pointues,pointus,12,M,S,pointues,-9.098413,pointus,-10.59536,1
935,P_NOUN_9_ADJ_b,F,P,les chemises avec le crayon qui étaient là depuis hier ne sont pas très rondes <eos>,14,rondes,ronds,12,M,S,rondes,-10.1474085,ronds,-11.217981,1
936,P_NOUN_9_ADJ_b,F,P,les chemises avec le crayon qui étaient là depuis hier ne sont pas très froides <eos>,14,froides,froids,12,M,S,froides,-5.9260488,froids,-10.145191,1
937,P_NOUN_9_ADJ_b,F,P,les chemises avec le crayon qui étaient là depuis hier ne sont pas très chaudes <eos>,14,chaudes,chauds,12,M,S,chaudes,-6.8860836,chauds,-8.200036,1
938,P_NOUN_9_ADJ_b,F,P,les chemises avec le crayon qui étaient là depuis hier ne sont pas très importantes <eos>,14,importantes,importants,12,M,S,importantes,-6.0440984,importants,-8.0757065,1
939,P_NOUN_9_ADJ_b,F,P,les chemises avec le crayon qui étaient là depuis hier ne sont pas très courtes <eos>,14,courtes,courts,12,M,S,courtes,-6.57061,courts,-7.6690197,1
940,P_NOUN_9_ADJ_b,F,P,les chemises avec le crayon qui étaient là depuis hier ne sont pas très dures <eos>,14,dures,durs,12,M,S,dures,-5.338106,durs,-6.771718,1
941,P_NOUN_9_ADJ_b,F,P,les chemises avec le crayon qui étaient là depuis hier ne sont pas très claires <eos>,14,claires,clairs,12,M,S,claires,-4.379062,clairs,-5.297336,1
942,P_NOUN_9_ADJ_b,F,P,les chemises avec le crayon qui étaient là depuis hier ne sont pas très intéressantes <eos>,14,intéressantes,intéressants,12,M,S,intéressantes,-7.110856,intéressants,-8.137338,1
943,P_NOUN_9_ADJ_b,F,P,les chemises avec le crayon qui étaient là depuis hier ne sont pas très brillantes <eos>,14,brillantes,brillants,12,M,S,brillantes,-6.3045235,brillants,-7.690958,1
944,P_NOUN_9_ADJ_b,F,P,les chemises avec le crayon qui étaient là depuis hier ne sont pas très compliquées <eos>,14,compliquées,compliqués,12,M,S,compliquées,-7.410918,compliqués,-7.371542,0
945,P_NOUN_9_ADJ_b,F,P,les chemises avec le rideau qui étaient là depuis hier ne sont pas très vertes <eos>,14,vertes,verts,12,M,S,vertes,-10.081211,verts,-9.750105,0
946,P_NOUN_9_ADJ_b,F,P,les chemises avec le rideau qui étaient là depuis hier ne sont pas très bleues <eos>,14,bleues,bleus,12,M,S,bleues,-9.798047,bleus,-9.728874,0
947,P_NOUN_9_ADJ_b,F,P,les chemises avec le rideau qui étaient là depuis hier ne sont pas très noires <eos>,14,noires,noirs,12,M,S,noires,-8.362995,noirs,-10.324181,1
948,P_NOUN_9_ADJ_b,F,P,les chemises avec le rideau qui étaient là depuis hier ne sont pas très délicates <eos>,14,délicates,délicats,12,M,S,délicates,-7.9640284,délicats,-9.730396,1
949,P_NOUN_9_ADJ_b,F,P,les chemises avec le rideau qui étaient là depuis hier ne sont pas très pointues <eos>,14,pointues,pointus,12,M,S,pointues,-8.4861145,pointus,-10.950538,1
950,P_NOUN_9_ADJ_b,F,P,les chemises avec le rideau qui étaient là depuis hier ne sont pas très rondes <eos>,14,rondes,ronds,12,M,S,rondes,-9.613374,ronds,-11.358475,1
951,P_NOUN_9_ADJ_b,F,P,les chemises avec le rideau qui étaient là depuis hier ne sont pas très froides <eos>,14,froides,froids,12,M,S,froides,-5.937622,froids,-10.2077265,1
952,P_NOUN_9_ADJ_b,F,P,les chemises avec le rideau qui étaient là depuis hier ne sont pas très chaudes <eos>,14,chaudes,chauds,12,M,S,chaudes,-7.154816,chauds,-8.298176,1
953,P_NOUN_9_ADJ_b,F,P,les chemises avec le rideau qui étaient là depuis hier ne sont pas très importantes <eos>,14,importantes,importants,12,M,S,importantes,-5.69674,importants,-8.020695,1
954,P_NOUN_9_ADJ_b,F,P,les chemises avec le rideau qui étaient là depuis hier ne sont pas très courtes <eos>,14,courtes,courts,12,M,S,courtes,-6.4028163,courts,-7.85967,1
955,P_NOUN_9_ADJ_b,F,P,les chemises avec le rideau qui étaient là depuis hier ne sont pas très dures <eos>,14,dures,durs,12,M,S,dures,-5.2446575,durs,-7.064249,1
956,P_NOUN_9_ADJ_b,F,P,les chemises avec le rideau qui étaient là depuis hier ne sont pas très claires <eos>,14,claires,clairs,12,M,S,claires,-4.589981,clairs,-5.927926,1
957,P_NOUN_9_ADJ_b,F,P,les chemises avec le rideau qui étaient là depuis hier ne sont pas très intéressantes <eos>,14,intéressantes,intéressants,12,M,S,intéressantes,-7.43229,intéressants,-8.605345,1
958,P_NOUN_9_ADJ_b,F,P,les chemises avec le rideau qui étaient là depuis hier ne sont pas très brillantes <eos>,14,brillantes,brillants,12,M,S,brillantes,-6.54459,brillants,-8.318147,1
959,P_NOUN_9_ADJ_b,F,P,les chemises avec le rideau qui étaient là depuis hier ne sont pas très compliquées <eos>,14,compliquées,compliqués,12,M,S,compliquées,-7.5218925,compliqués,-8.128012,1
960,P_NOUN_9_ADJ_b,F,P,les chemises avec le cahier qui étaient là depuis hier ne sont pas très vertes <eos>,14,vertes,verts,12,M,S,vertes,-10.205858,verts,-9.374784,0
961,P_NOUN_9_ADJ_b,F,P,les chemises avec le cahier qui étaient là depuis hier ne sont pas très bleues <eos>,14,bleues,bleus,12,M,S,bleues,-10.536297,bleus,-9.790491,0
962,P_NOUN_9_ADJ_b,F,P,les chemises avec le cahier qui étaient là depuis hier ne sont pas très noires <eos>,14,noires,noirs,12,M,S,noires,-9.168521,noirs,-9.9969635,1
963,P_NOUN_9_ADJ_b,F,P,les chemises avec le cahier qui étaient là depuis hier ne sont pas très délicates <eos>,14,délicates,délicats,12,M,S,délicates,-8.03602,délicats,-9.094812,1
964,P_NOUN_9_ADJ_b,F,P,les chemises avec le cahier qui étaient là depuis hier ne sont pas très pointues <eos>,14,pointues,pointus,12,M,S,pointues,-8.895908,pointus,-10.155754,1
965,P_NOUN_9_ADJ_b,F,P,les chemises avec le cahier qui étaient là depuis hier ne sont pas très rondes <eos>,14,rondes,ronds,12,M,S,rondes,-9.81523,ronds,-11.048442,1
966,P_NOUN_9_ADJ_b,F,P,les chemises avec le cahier qui étaient là depuis hier ne sont pas très froides <eos>,14,froides,froids,12,M,S,froides,-6.076788,froids,-9.470248,1
967,P_NOUN_9_ADJ_b,F,P,les chemises avec le cahier qui étaient là depuis hier ne sont pas très chaudes <eos>,14,chaudes,chauds,12,M,S,chaudes,-7.2266884,chauds,-7.553938,1
968,P_NOUN_9_ADJ_b,F,P,les chemises avec le cahier qui étaient là depuis hier ne sont pas très importantes <eos>,14,importantes,importants,12,M,S,importantes,-6.3292,importants,-7.081628,1
969,P_NOUN_9_ADJ_b,F,P,les chemises avec le cahier qui étaient là depuis hier ne sont pas très courtes <eos>,14,courtes,courts,12,M,S,courtes,-6.4049387,courts,-6.9866095,1
970,P_NOUN_9_ADJ_b,F,P,les chemises avec le cahier qui étaient là depuis hier ne sont pas très dures <eos>,14,dures,durs,12,M,S,dures,-5.387554,durs,-6.564392,1
971,P_NOUN_9_ADJ_b,F,P,les chemises avec le cahier qui étaient là depuis hier ne sont pas très claires <eos>,14,claires,clairs,12,M,S,claires,-4.8131123,clairs,-5.0982714,1
972,P_NOUN_9_ADJ_b,F,P,les chemises avec le cahier qui étaient là depuis hier ne sont pas très intéressantes <eos>,14,intéressantes,intéressants,12,M,S,intéressantes,-7.3443,intéressants,-7.450522,1
973,P_NOUN_9_ADJ_b,F,P,les chemises avec le cahier qui étaient là depuis hier ne sont pas très brillantes <eos>,14,brillantes,brillants,12,M,S,brillantes,-7.091299,brillants,-7.5389633,1
974,P_NOUN_9_ADJ_b,F,P,les chemises avec le cahier qui étaient là depuis hier ne sont pas très compliquées <eos>,14,compliquées,compliqués,12,M,S,compliquées,-7.644946,compliqués,-7.4204664,0
975,P_NOUN_9_ADJ_b,F,P,les chemises avec le micro qui étaient là depuis hier ne sont pas très vertes <eos>,14,vertes,verts,12,M,S,vertes,-10.07874,verts,-9.92191,0
976,P_NOUN_9_ADJ_b,F,P,les chemises avec le micro qui étaient là depuis hier ne sont pas très bleues <eos>,14,bleues,bleus,12,M,S,bleues,-9.922029,bleus,-9.777333,0
977,P_NOUN_9_ADJ_b,F,P,les chemises avec le micro qui étaient là depuis hier ne sont pas très noires <eos>,14,noires,noirs,12,M,S,noires,-8.645544,noirs,-10.392643,1
978,P_NOUN_9_ADJ_b,F,P,les chemises avec le micro qui étaient là depuis hier ne sont pas très délicates <eos>,14,délicates,délicats,12,M,S,délicates,-8.343914,délicats,-9.640884,1
979,P_NOUN_9_ADJ_b,F,P,les chemises avec le micro qui étaient là depuis hier ne sont pas très pointues <eos>,14,pointues,pointus,12,M,S,pointues,-8.474524,pointus,-10.80842,1
980,P_NOUN_9_ADJ_b,F,P,les chemises avec le micro qui étaient là depuis hier ne sont pas très rondes <eos>,14,rondes,ronds,12,M,S,rondes,-9.541721,ronds,-11.373188,1
981,P_NOUN_9_ADJ_b,F,P,les chemises avec le micro qui étaient là depuis hier ne sont pas très froides <eos>,14,froides,froids,12,M,S,froides,-5.9439764,froids,-10.549676,1
982,P_NOUN_9_ADJ_b,F,P,les chemises avec le micro qui étaient là depuis hier ne sont pas très chaudes <eos>,14,chaudes,chauds,12,M,S,chaudes,-7.1972528,chauds,-8.479919,1
983,P_NOUN_9_ADJ_b,F,P,les chemises avec le micro qui étaient là depuis hier ne sont pas très importantes <eos>,14,importantes,importants,12,M,S,importantes,-5.789522,importants,-8.046675,1
984,P_NOUN_9_ADJ_b,F,P,les chemises avec le micro qui étaient là depuis hier ne sont pas très courtes <eos>,14,courtes,courts,12,M,S,courtes,-6.0322533,courts,-7.5343437,1
985,P_NOUN_9_ADJ_b,F,P,les chemises avec le micro qui étaient là depuis hier ne sont pas très dures <eos>,14,dures,durs,12,M,S,dures,-5.57526,durs,-7.120826,1
986,P_NOUN_9_ADJ_b,F,P,les chemises avec le micro qui étaient là depuis hier ne sont pas très claires <eos>,14,claires,clairs,12,M,S,claires,-4.4449463,clairs,-6.2883883,1
987,P_NOUN_9_ADJ_b,F,P,les chemises avec le micro qui étaient là depuis hier ne sont pas très intéressantes <eos>,14,intéressantes,intéressants,12,M,S,intéressantes,-7.093589,intéressants,-8.3867445,1
988,P_NOUN_9_ADJ_b,F,P,les chemises avec le micro qui étaient là depuis hier ne sont pas très brillantes <eos>,14,brillantes,brillants,12,M,S,brillantes,-7.02315,brillants,-8.688988,1
989,P_NOUN_9_ADJ_b,F,P,les chemises avec le micro qui étaient là depuis hier ne sont pas très compliquées <eos>,14,compliquées,compliqués,12,M,S,compliquées,-7.3954344,compliqués,-8.117367,1
990,P_NOUN_9_ADJ_b,F,P,les chemises avec le sac qui étaient là depuis hier ne sont pas très vertes <eos>,14,vertes,verts,12,M,S,vertes,-10.168163,verts,-9.3624935,0
991,P_NOUN_9_ADJ_b,F,P,les chemises avec le sac qui étaient là depuis hier ne sont pas très bleues <eos>,14,bleues,bleus,12,M,S,bleues,-10.430038,bleus,-9.719723,0
992,P_NOUN_9_ADJ_b,F,P,les chemises avec le sac qui étaient là depuis hier ne sont pas très noires <eos>,14,noires,noirs,12,M,S,noires,-8.930781,noirs,-10.097981,1
993,P_NOUN_9_ADJ_b,F,P,les chemises avec le sac qui étaient là depuis hier ne sont pas très délicates <eos>,14,délicates,délicats,12,M,S,délicates,-8.462929,délicats,-9.16921,1
994,P_NOUN_9_ADJ_b,F,P,les chemises avec le sac qui étaient là depuis hier ne sont pas très pointues <eos>,14,pointues,pointus,12,M,S,pointues,-8.50951,pointus,-10.358183,1
995,P_NOUN_9_ADJ_b,F,P,les chemises avec le sac qui étaient là depuis hier ne sont pas très rondes <eos>,14,rondes,ronds,12,M,S,rondes,-9.684498,ronds,-11.261693,1
996,P_NOUN_9_ADJ_b,F,P,les chemises avec le sac qui étaient là depuis hier ne sont pas très froides <eos>,14,froides,froids,12,M,S,froides,-5.8834615,froids,-9.78179,1
997,P_NOUN_9_ADJ_b,F,P,les chemises avec le sac qui étaient là depuis hier ne sont pas très chaudes <eos>,14,chaudes,chauds,12,M,S,chaudes,-7.153838,chauds,-7.6316204,1
998,P_NOUN_9_ADJ_b,F,P,les chemises avec le sac qui étaient là depuis hier ne sont pas très importantes <eos>,14,importantes,importants,12,M,S,importantes,-6.1084642,importants,-7.542081,1
999,P_NOUN_9_ADJ_b,F,P,les chemises avec le sac qui étaient là depuis hier ne sont pas très courtes <eos>,14,courtes,courts,12,M,S,courtes,-6.6521997,courts,-7.314481,1
1000,P_NOUN_9_ADJ_b,F,P,les chemises avec le sac qui étaient là depuis hier ne sont pas très dures <eos>,14,dures,durs,12,M,S,dures,-5.207509,durs,-6.285266,1
1001,P_NOUN_9_ADJ_b,F,P,les chemises avec le sac qui étaient là depuis hier ne sont pas très claires <eos>,14,claires,clairs,12,M,S,claires,-4.785797,clairs,-5.713622,1
1002,P_NOUN_9_ADJ_b,F,P,les chemises avec le sac qui étaient là depuis hier ne sont pas très intéressantes <eos>,14,intéressantes,intéressants,12,M,S,intéressantes,-7.332821,intéressants,-7.9687853,1
1003,P_NOUN_9_ADJ_b,F,P,les chemises avec le sac qui étaient là depuis hier ne sont pas très brillantes <eos>,14,brillantes,brillants,12,M,S,brillantes,-7.014323,brillants,-7.9357796,1
1004,P_NOUN_9_ADJ_b,F,P,les chemises avec le sac qui étaient là depuis hier ne sont pas très compliquées <eos>,14,compliquées,compliqués,12,M,S,compliquées,-7.5286736,compliqués,-7.748463,1
1005,P_NOUN_9_ADJ_b,F,P,les chemises avec le clavier qui étaient là depuis hier ne sont pas très vertes <eos>,14,vertes,verts,12,M,S,vertes,-10.60204,verts,-10.473376,0
1006,P_NOUN_9_ADJ_b,F,P,les chemises avec le clavier qui étaient là depuis hier ne sont pas très bleues <eos>,14,bleues,bleus,12,M,S,bleues,-10.888311,bleus,-11.036118,1
1007,P_NOUN_9_ADJ_b,F,P,les chemises avec le clavier qui étaient là depuis hier ne sont pas très noires <eos>,14,noires,noirs,12,M,S,noires,-9.6104555,noirs,-11.258585,1
1008,P_NOUN_9_ADJ_b,F,P,les chemises avec le clavier qui étaient là depuis hier ne sont pas très délicates <eos>,14,délicates,délicats,12,M,S,délicates,-8.645655,délicats,-9.695911,1
1009,P_NOUN_9_ADJ_b,F,P,les chemises avec le clavier qui étaient là depuis hier ne sont pas très pointues <eos>,14,pointues,pointus,12,M,S,pointues,-8.658459,pointus,-11.511876,1
1010,P_NOUN_9_ADJ_b,F,P,les chemises avec le clavier qui étaient là depuis hier ne sont pas très rondes <eos>,14,rondes,ronds,12,M,S,rondes,-9.925044,ronds,-11.924669,1
1011,P_NOUN_9_ADJ_b,F,P,les chemises avec le clavier qui étaient là depuis hier ne sont pas très froides <eos>,14,froides,froids,12,M,S,froides,-6.348664,froids,-10.914669,1
1012,P_NOUN_9_ADJ_b,F,P,les chemises avec le clavier qui étaient là depuis hier ne sont pas très chaudes <eos>,14,chaudes,chauds,12,M,S,chaudes,-7.5387616,chauds,-9.145134,1
1013,P_NOUN_9_ADJ_b,F,P,les chemises avec le clavier qui étaient là depuis hier ne sont pas très importantes <eos>,14,importantes,importants,12,M,S,importantes,-5.9323015,importants,-8.105746,1
1014,P_NOUN_9_ADJ_b,F,P,les chemises avec le clavier qui étaient là depuis hier ne sont pas très courtes <eos>,14,courtes,courts,12,M,S,courtes,-6.2701006,courts,-7.860223,1
1015,P_NOUN_9_ADJ_b,F,P,les chemises avec le clavier qui étaient là depuis hier ne sont pas très dures <eos>,14,dures,durs,12,M,S,dures,-5.3291655,durs,-6.3258038,1
1016,P_NOUN_9_ADJ_b,F,P,les chemises avec le clavier qui étaient là depuis hier ne sont pas très claires <eos>,14,claires,clairs,12,M,S,claires,-4.3047333,clairs,-5.9477243,1
1017,P_NOUN_9_ADJ_b,F,P,les chemises avec le clavier qui étaient là depuis hier ne sont pas très intéressantes <eos>,14,intéressantes,intéressants,12,M,S,intéressantes,-7.092148,intéressants,-8.176186,1
1018,P_NOUN_9_ADJ_b,F,P,les chemises avec le clavier qui étaient là depuis hier ne sont pas très brillantes <eos>,14,brillantes,brillants,12,M,S,brillantes,-6.6060095,brillants,-8.738052,1
1019,P_NOUN_9_ADJ_b,F,P,les chemises avec le clavier qui étaient là depuis hier ne sont pas très compliquées <eos>,14,compliquées,compliqués,12,M,S,compliquées,-6.716926,compliqués,-7.4184527,1
1020,P_NOUN_9_ADJ_b,F,P,les chemises avec le raisin qui étaient là depuis hier ne sont pas très vertes <eos>,14,vertes,verts,12,M,S,vertes,-9.693188,verts,-10.051606,1
1021,P_NOUN_9_ADJ_b,F,P,les chemises avec le raisin qui étaient là depuis hier ne sont pas très bleues <eos>,14,bleues,bleus,12,M,S,bleues,-10.635609,bleus,-10.509152,0
1022,P_NOUN_9_ADJ_b,F,P,les chemises avec le raisin qui étaient là depuis hier ne sont pas très noires <eos>,14,noires,noirs,12,M,S,noires,-8.784249,noirs,-11.071441,1
1023,P_NOUN_9_ADJ_b,F,P,les chemises avec le raisin qui étaient là depuis hier ne sont pas très délicates <eos>,14,délicates,délicats,12,M,S,délicates,-8.292604,délicats,-8.679903,1
1024,P_NOUN_9_ADJ_b,F,P,les chemises avec le raisin qui étaient là depuis hier ne sont pas très pointues <eos>,14,pointues,pointus,12,M,S,pointues,-8.862267,pointus,-11.640191,1
1025,P_NOUN_9_ADJ_b,F,P,les chemises avec le raisin qui étaient là depuis hier ne sont pas très rondes <eos>,14,rondes,ronds,12,M,S,rondes,-9.758775,ronds,-11.58867,1
1026,P_NOUN_9_ADJ_b,F,P,les chemises avec le raisin qui étaient là depuis hier ne sont pas très froides <eos>,14,froides,froids,12,M,S,froides,-5.586733,froids,-9.7056465,1
1027,P_NOUN_9_ADJ_b,F,P,les chemises avec le raisin qui étaient là depuis hier ne sont pas très chaudes <eos>,14,chaudes,chauds,12,M,S,chaudes,-6.119101,chauds,-7.803971,1
1028,P_NOUN_9_ADJ_b,F,P,les chemises avec le raisin qui étaient là depuis hier ne sont pas très importantes <eos>,14,importantes,importants,12,M,S,importantes,-5.456124,importants,-8.143274,1
1029,P_NOUN_9_ADJ_b,F,P,les chemises avec le raisin qui étaient là depuis hier ne sont pas très courtes <eos>,14,courtes,courts,12,M,S,courtes,-7.022975,courts,-8.154628,1
1030,P_NOUN_9_ADJ_b,F,P,les chemises avec le raisin qui étaient là depuis hier ne sont pas très dures <eos>,14,dures,durs,12,M,S,dures,-5.036111,durs,-6.7895813,1
1031,P_NOUN_9_ADJ_b,F,P,les chemises avec le raisin qui étaient là depuis hier ne sont pas très claires <eos>,14,claires,clairs,12,M,S,claires,-4.4129767,clairs,-6.736913,1
1032,P_NOUN_9_ADJ_b,F,P,les chemises avec le raisin qui étaient là depuis hier ne sont pas très intéressantes <eos>,14,intéressantes,intéressants,12,M,S,intéressantes,-6.9170504,intéressants,-8.994265,1
1033,P_NOUN_9_ADJ_b,F,P,les chemises avec le raisin qui étaient là depuis hier ne sont pas très brillantes <eos>,14,brillantes,brillants,12,M,S,brillantes,-6.876185,brillants,-8.372292,1
1034,P_NOUN_9_ADJ_b,F,P,les chemises avec le raisin qui étaient là depuis hier ne sont pas très compliquées <eos>,14,compliquées,compliqués,12,M,S,compliquées,-8.297667,compliqués,-8.65402,1
1035,P_NOUN_9_ADJ_b,F,P,les chemises avec le chargeur qui étaient là depuis hier ne sont pas très vertes <eos>,14,vertes,verts,12,M,S,vertes,-10.376924,verts,-10.596057,1
1036,P_NOUN_9_ADJ_b,F,P,les chemises avec le chargeur qui étaient là depuis hier ne sont pas très bleues <eos>,14,bleues,bleus,12,M,S,bleues,-10.925994,bleus,-10.652879,0
1037,P_NOUN_9_ADJ_b,F,P,les chemises avec le chargeur qui étaient là depuis hier ne sont pas très noires <eos>,14,noires,noirs,12,M,S,noires,-9.065165,noirs,-10.954042,1
1038,P_NOUN_9_ADJ_b,F,P,les chemises avec le chargeur qui étaient là depuis hier ne sont pas très délicates <eos>,14,délicates,délicats,12,M,S,délicates,-8.7279,délicats,-10.148248,1
1039,P_NOUN_9_ADJ_b,F,P,les chemises avec le chargeur qui étaient là depuis hier ne sont pas très pointues <eos>,14,pointues,pointus,12,M,S,pointues,-8.609549,pointus,-11.05957,1
1040,P_NOUN_9_ADJ_b,F,P,les chemises avec le chargeur qui étaient là depuis hier ne sont pas très rondes <eos>,14,rondes,ronds,12,M,S,rondes,-10.149447,ronds,-12.116446,1
1041,P_NOUN_9_ADJ_b,F,P,les chemises avec le chargeur qui étaient là depuis hier ne sont pas très froides <eos>,14,froides,froids,12,M,S,froides,-5.9142075,froids,-10.72646,1
1042,P_NOUN_9_ADJ_b,F,P,les chemises avec le chargeur qui étaient là depuis hier ne sont pas très chaudes <eos>,14,chaudes,chauds,12,M,S,chaudes,-7.3293076,chauds,-8.214745,1
1043,P_NOUN_9_ADJ_b,F,P,les chemises avec le chargeur qui étaient là depuis hier ne sont pas très importantes <eos>,14,importantes,importants,12,M,S,importantes,-5.8006983,importants,-8.266384,1
1044,P_NOUN_9_ADJ_b,F,P,les chemises avec le chargeur qui étaient là depuis hier ne sont pas très courtes <eos>,14,courtes,courts,12,M,S,courtes,-6.246503,courts,-8.190436,1
1045,P_NOUN_9_ADJ_b,F,P,les chemises avec le chargeur qui étaient là depuis hier ne sont pas très dures <eos>,14,dures,durs,12,M,S,dures,-5.3930206,durs,-6.9164925,1
1046,P_NOUN_9_ADJ_b,F,P,les chemises avec le chargeur qui étaient là depuis hier ne sont pas très claires <eos>,14,claires,clairs,12,M,S,claires,-5.0176325,clairs,-6.741558,1
1047,P_NOUN_9_ADJ_b,F,P,les chemises avec le chargeur qui étaient là depuis hier ne sont pas très intéressantes <eos>,14,intéressantes,intéressants,12,M,S,intéressantes,-7.2975283,intéressants,-8.709374,1
1048,P_NOUN_9_ADJ_b,F,P,les chemises avec le chargeur qui étaient là depuis hier ne sont pas très brillantes <eos>,14,brillantes,brillants,12,M,S,brillantes,-7.3028455,brillants,-8.499149,1
1049,P_NOUN_9_ADJ_b,F,P,les chemises avec le chargeur qui étaient là depuis hier ne sont pas très compliquées <eos>,14,compliquées,compliqués,12,M,S,compliquées,-7.3019514,compliqués,-7.8983173,1
1050,P_NOUN_9_ADJ_b,F,P,les chemises avec le vase qui étaient là depuis hier ne sont pas très vertes <eos>,14,vertes,verts,12,M,S,vertes,-10.142954,verts,-9.788906,0
1051,P_NOUN_9_ADJ_b,F,P,les chemises avec le vase qui étaient là depuis hier ne sont pas très bleues <eos>,14,bleues,bleus,12,M,S,bleues,-10.70304,bleus,-10.342036,0
1052,P_NOUN_9_ADJ_b,F,P,les chemises avec le vase qui étaient là depuis hier ne sont pas très noires <eos>,14,noires,noirs,12,M,S,noires,-9.050139,noirs,-10.905166,1
1053,P_NOUN_9_ADJ_b,F,P,les chemises avec le vase qui étaient là depuis hier ne sont pas très délicates <eos>,14,délicates,délicats,12,M,S,délicates,-7.9291344,délicats,-9.105525,1
1054,P_NOUN_9_ADJ_b,F,P,les chemises avec le vase qui étaient là depuis hier ne sont pas très pointues <eos>,14,pointues,pointus,12,M,S,pointues,-8.831196,pointus,-10.494606,1
1055,P_NOUN_9_ADJ_b,F,P,les chemises avec le vase qui étaient là depuis hier ne sont pas très rondes <eos>,14,rondes,ronds,12,M,S,rondes,-10.35267,ronds,-11.673086,1
1056,P_NOUN_9_ADJ_b,F,P,les chemises avec le vase qui étaient là depuis hier ne sont pas très froides <eos>,14,froides,froids,12,M,S,froides,-5.8131437,froids,-9.9696,1
1057,P_NOUN_9_ADJ_b,F,P,les chemises avec le vase qui étaient là depuis hier ne sont pas très chaudes <eos>,14,chaudes,chauds,12,M,S,chaudes,-6.634007,chauds,-7.903767,1
1058,P_NOUN_9_ADJ_b,F,P,les chemises avec le vase qui étaient là depuis hier ne sont pas très importantes <eos>,14,importantes,importants,12,M,S,importantes,-5.331716,importants,-7.2789006,1
1059,P_NOUN_9_ADJ_b,F,P,les chemises avec le vase qui étaient là depuis hier ne sont pas très courtes <eos>,14,courtes,courts,12,M,S,courtes,-7.1341553,courts,-8.062763,1
1060,P_NOUN_9_ADJ_b,F,P,les chemises avec le vase qui étaient là depuis hier ne sont pas très dures <eos>,14,dures,durs,12,M,S,dures,-5.2762,durs,-6.9136653,1
1061,P_NOUN_9_ADJ_b,F,P,les chemises avec le vase qui étaient là depuis hier ne sont pas très claires <eos>,14,claires,clairs,12,M,S,claires,-4.7557344,clairs,-5.8315916,1
1062,P_NOUN_9_ADJ_b,F,P,les chemises avec le vase qui étaient là depuis hier ne sont pas très intéressantes <eos>,14,intéressantes,intéressants,12,M,S,intéressantes,-7.0282354,intéressants,-8.060751,1
1063,P_NOUN_9_ADJ_b,F,P,les chemises avec le vase qui étaient là depuis hier ne sont pas très brillantes <eos>,14,brillantes,brillants,12,M,S,brillantes,-6.886345,brillants,-8.136191,1
1064,P_NOUN_9_ADJ_b,F,P,les chemises avec le vase qui étaient là depuis hier ne sont pas très compliquées <eos>,14,compliquées,compliqués,12,M,S,compliquées,-7.6719093,compliqués,-7.6638756,0
1065,P_NOUN_9_ADJ_b,F,P,les chemises avec le panier qui étaient là depuis hier ne sont pas très vertes <eos>,14,vertes,verts,12,M,S,vertes,-10.420557,verts,-9.530138,0
1066,P_NOUN_9_ADJ_b,F,P,les chemises avec le panier qui étaient là depuis hier ne sont pas très bleues <eos>,14,bleues,bleus,12,M,S,bleues,-10.753318,bleus,-9.914278,0
1067,P_NOUN_9_ADJ_b,F,P,les chemises avec le panier qui étaient là depuis hier ne sont pas très noires <eos>,14,noires,noirs,12,M,S,noires,-9.159467,noirs,-10.215425,1
1068,P_NOUN_9_ADJ_b,F,P,les chemises avec le panier qui étaient là depuis hier ne sont pas très délicates <eos>,14,délicates,délicats,12,M,S,délicates,-8.271742,délicats,-9.282476,1
1069,P_NOUN_9_ADJ_b,F,P,les chemises avec le panier qui étaient là depuis hier ne sont pas très pointues <eos>,14,pointues,pointus,12,M,S,pointues,-8.706594,pointus,-10.478657,1
1070,P_NOUN_9_ADJ_b,F,P,les chemises avec le panier qui étaient là depuis hier ne sont pas très rondes <eos>,14,rondes,ronds,12,M,S,rondes,-9.833621,ronds,-11.089854,1
1071,P_NOUN_9_ADJ_b,F,P,les chemises avec le panier qui étaient là depuis hier ne sont pas très froides <eos>,14,froides,froids,12,M,S,froides,-5.9355764,froids,-10.103507,1
1072,P_NOUN_9_ADJ_b,F,P,les chemises avec le panier qui étaient là depuis hier ne sont pas très chaudes <eos>,14,chaudes,chauds,12,M,S,chaudes,-7.275632,chauds,-7.825613,1
1073,P_NOUN_9_ADJ_b,F,P,les chemises avec le panier qui étaient là depuis hier ne sont pas très importantes <eos>,14,importantes,importants,12,M,S,importantes,-5.939681,importants,-7.209547,1
1074,P_NOUN_9_ADJ_b,F,P,les chemises avec le panier qui étaient là depuis hier ne sont pas très courtes <eos>,14,courtes,courts,12,M,S,courtes,-6.9150696,courts,-7.2982073,1
1075,P_NOUN_9_ADJ_b,F,P,les chemises avec le panier qui étaient là depuis hier ne sont pas très dures <eos>,14,dures,durs,12,M,S,dures,-5.346964,durs,-6.529169,1
1076,P_NOUN_9_ADJ_b,F,P,les chemises avec le panier qui étaient là depuis hier ne sont pas très claires <eos>,14,claires,clairs,12,M,S,claires,-4.934767,clairs,-5.64202,1
1077,P_NOUN_9_ADJ_b,F,P,les chemises avec le panier qui étaient là depuis hier ne sont pas très intéressantes <eos>,14,intéressantes,intéressants,12,M,S,intéressantes,-7.2814846,intéressants,-7.838854,1
1078,P_NOUN_9_ADJ_b,F,P,les chemises avec le panier qui étaient là depuis hier ne sont pas très brillantes <eos>,14,brillantes,brillants,12,M,S,brillantes,-7.2443695,brillants,-7.637165,1
1079,P_NOUN_9_ADJ_b,F,P,les chemises avec le panier qui étaient là depuis hier ne sont pas très compliquées <eos>,14,compliquées,compliqués,12,M,S,compliquées,-7.7058473,compliqués,-7.553449,0
1080,P_NOUN_9_ADJ_b,F,P,les chemises avec le collier qui étaient là depuis hier ne sont pas très vertes <eos>,14,vertes,verts,12,M,S,vertes,-10.371267,verts,-9.018677,0
1081,P_NOUN_9_ADJ_b,F,P,les chemises avec le collier qui étaient là depuis hier ne sont pas très bleues <eos>,14,bleues,bleus,12,M,S,bleues,-10.310507,bleus,-9.595148,0
1082,P_NOUN_9_ADJ_b,F,P,les chemises avec le collier qui étaient là depuis hier ne sont pas très noires <eos>,14,noires,noirs,12,M,S,noires,-9.099861,noirs,-9.923744,1
1083,P_NOUN_9_ADJ_b,F,P,les chemises avec le collier qui étaient là depuis hier ne sont pas très délicates <eos>,14,délicates,délicats,12,M,S,délicates,-8.196643,délicats,-9.590838,1
1084,P_NOUN_9_ADJ_b,F,P,les chemises avec le collier qui étaient là depuis hier ne sont pas très pointues <eos>,14,pointues,pointus,12,M,S,pointues,-8.5681095,pointus,-10.175898,1
1085,P_NOUN_9_ADJ_b,F,P,les chemises avec le collier qui étaient là depuis hier ne sont pas très rondes <eos>,14,rondes,ronds,12,M,S,rondes,-10.01746,ronds,-11.329033,1
1086,P_NOUN_9_ADJ_b,F,P,les chemises avec le collier qui étaient là depuis hier ne sont pas très froides <eos>,14,froides,froids,12,M,S,froides,-6.038891,froids,-10.154593,1
1087,P_NOUN_9_ADJ_b,F,P,les chemises avec le collier qui étaient là depuis hier ne sont pas très chaudes <eos>,14,chaudes,chauds,12,M,S,chaudes,-7.4490047,chauds,-7.8054347,1
1088,P_NOUN_9_ADJ_b,F,P,les chemises avec le collier qui étaient là depuis hier ne sont pas très importantes <eos>,14,importantes,importants,12,M,S,importantes,-6.100116,importants,-7.0727596,1
1089,P_NOUN_9_ADJ_b,F,P,les chemises avec le collier qui étaient là depuis hier ne sont pas très courtes <eos>,14,courtes,courts,12,M,S,courtes,-7.114403,courts,-7.4109087,1
1090,P_NOUN_9_ADJ_b,F,P,les chemises avec le collier qui étaient là depuis hier ne sont pas très dures <eos>,14,dures,durs,12,M,S,dures,-5.491329,durs,-6.6338177,1
1091,P_NOUN_9_ADJ_b,F,P,les chemises avec le collier qui étaient là depuis hier ne sont pas très claires <eos>,14,claires,clairs,12,M,S,claires,-4.889284,clairs,-5.166501,1
1092,P_NOUN_9_ADJ_b,F,P,les chemises avec le collier qui étaient là depuis hier ne sont pas très intéressantes <eos>,14,intéressantes,intéressants,12,M,S,intéressantes,-7.3719883,intéressants,-7.4248533,1
1093,P_NOUN_9_ADJ_b,F,P,les chemises avec le collier qui étaient là depuis hier ne sont pas très brillantes <eos>,14,brillantes,brillants,12,M,S,brillantes,-6.713315,brillants,-7.212761,1
1094,P_NOUN_9_ADJ_b,F,P,les chemises avec le collier qui étaient là depuis hier ne sont pas très compliquées <eos>,14,compliquées,compliqués,12,M,S,compliquées,-7.411272,compliqués,-7.417116,1
1095,P_NOUN_9_ADJ_b,F,P,les chemises avec le chapeau qui étaient là depuis hier ne sont pas très vertes <eos>,14,vertes,verts,12,M,S,vertes,-9.796082,verts,-9.823706,1
1096,P_NOUN_9_ADJ_b,F,P,les chemises avec le chapeau qui étaient là depuis hier ne sont pas très bleues <eos>,14,bleues,bleus,12,M,S,bleues,-9.495314,bleus,-9.503502,1
1097,P_NOUN_9_ADJ_b,F,P,les chemises avec le chapeau qui étaient là depuis hier ne sont pas très noires <eos>,14,noires,noirs,12,M,S,noires,-8.093126,noirs,-10.017609,1
1098,P_NOUN_9_ADJ_b,F,P,les chemises avec le chapeau qui étaient là depuis hier ne sont pas très délicates <eos>,14,délicates,délicats,12,M,S,délicates,-7.9868836,délicats,-9.826759,1
1099,P_NOUN_9_ADJ_b,F,P,les chemises avec le chapeau qui étaient là depuis hier ne sont pas très pointues <eos>,14,pointues,pointus,12,M,S,pointues,-8.239611,pointus,-10.811855,1
1100,P_NOUN_9_ADJ_b,F,P,les chemises avec le chapeau qui étaient là depuis hier ne sont pas très rondes <eos>,14,rondes,ronds,12,M,S,rondes,-9.6201315,ronds,-11.379083,1
1101,P_NOUN_9_ADJ_b,F,P,les chemises avec le chapeau qui étaient là depuis hier ne sont pas très froides <eos>,14,froides,froids,12,M,S,froides,-5.766816,froids,-10.509343,1
1102,P_NOUN_9_ADJ_b,F,P,les chemises avec le chapeau qui étaient là depuis hier ne sont pas très chaudes <eos>,14,chaudes,chauds,12,M,S,chaudes,-6.8645964,chauds,-8.316416,1
1103,P_NOUN_9_ADJ_b,F,P,les chemises avec le chapeau qui étaient là depuis hier ne sont pas très importantes <eos>,14,importantes,importants,12,M,S,importantes,-5.817771,importants,-8.285731,1
1104,P_NOUN_9_ADJ_b,F,P,les chemises avec le chapeau qui étaient là depuis hier ne sont pas très courtes <eos>,14,courtes,courts,12,M,S,courtes,-6.329344,courts,-7.9694843,1
1105,P_NOUN_9_ADJ_b,F,P,les chemises avec le chapeau qui étaient là depuis hier ne sont pas très dures <eos>,14,dures,durs,12,M,S,dures,-5.269625,durs,-7.2759356,1
1106,P_NOUN_9_ADJ_b,F,P,les chemises avec le chapeau qui étaient là depuis hier ne sont pas très claires <eos>,14,claires,clairs,12,M,S,claires,-4.242294,clairs,-5.717358,1
1107,P_NOUN_9_ADJ_b,F,P,les chemises avec le chapeau qui étaient là depuis hier ne sont pas très intéressantes <eos>,14,intéressantes,intéressants,12,M,S,intéressantes,-7.293709,intéressants,-8.682357,1
1108,P_NOUN_9_ADJ_b,F,P,les chemises avec le chapeau qui étaient là depuis hier ne sont pas très brillantes <eos>,14,brillantes,brillants,12,M,S,brillantes,-6.339028,brillants,-8.122025,1
1109,P_NOUN_9_ADJ_b,F,P,les chemises avec le chapeau qui étaient là depuis hier ne sont pas très compliquées <eos>,14,compliquées,compliqués,12,M,S,compliquées,-7.636857,compliqués,-8.382845,1
1110,P_NOUN_9_ADJ_b,F,P,les chemises avec le pot qui étaient là depuis hier ne sont pas très vertes <eos>,14,vertes,verts,12,M,S,vertes,-10.031044,verts,-9.223724,0
1111,P_NOUN_9_ADJ_b,F,P,les chemises avec le pot qui étaient là depuis hier ne sont pas très bleues <eos>,14,bleues,bleus,12,M,S,bleues,-10.297257,bleus,-9.569573,0
1112,P_NOUN_9_ADJ_b,F,P,les chemises avec le pot qui étaient là depuis hier ne sont pas très noires <eos>,14,noires,noirs,12,M,S,noires,-8.842323,noirs,-10.140867,1
1113,P_NOUN_9_ADJ_b,F,P,les chemises avec le pot qui étaient là depuis hier ne sont pas très délicates <eos>,14,délicates,délicats,12,M,S,délicates,-8.055449,délicats,-9.215833,1
1114,P_NOUN_9_ADJ_b,F,P,les chemises avec le pot qui étaient là depuis hier ne sont pas très pointues <eos>,14,pointues,pointus,12,M,S,pointues,-8.897164,pointus,-10.727783,1
1115,P_NOUN_9_ADJ_b,F,P,les chemises avec le pot qui étaient là depuis hier ne sont pas très rondes <eos>,14,rondes,ronds,12,M,S,rondes,-10.112523,ronds,-11.372782,1
1116,P_NOUN_9_ADJ_b,F,P,les chemises avec le pot qui étaient là depuis hier ne sont pas très froides <eos>,14,froides,froids,12,M,S,froides,-5.6987133,froids,-9.581717,1
1117,P_NOUN_9_ADJ_b,F,P,les chemises avec le pot qui étaient là depuis hier ne sont pas très chaudes <eos>,14,chaudes,chauds,12,M,S,chaudes,-6.7144356,chauds,-7.5631685,1
1118,P_NOUN_9_ADJ_b,F,P,les chemises avec le pot qui étaient là depuis hier ne sont pas très importantes <eos>,14,importantes,importants,12,M,S,importantes,-5.595911,importants,-7.404704,1
1119,P_NOUN_9_ADJ_b,F,P,les chemises avec le pot qui étaient là depuis hier ne sont pas très courtes <eos>,14,courtes,courts,12,M,S,courtes,-7.183815,courts,-7.613158,1
1120,P_NOUN_9_ADJ_b,F,P,les chemises avec le pot qui étaient là depuis hier ne sont pas très dures <eos>,14,dures,durs,12,M,S,dures,-5.2209253,durs,-6.6269855,1
1121,P_NOUN_9_ADJ_b,F,P,les chemises avec le pot qui étaient là depuis hier ne sont pas très claires <eos>,14,claires,clairs,12,M,S,claires,-4.6275034,clairs,-5.6399755,1
1122,P_NOUN_9_ADJ_b,F,P,les chemises avec le pot qui étaient là depuis hier ne sont pas très intéressantes <eos>,14,intéressantes,intéressants,12,M,S,intéressantes,-6.948901,intéressants,-7.968815,1
1123,P_NOUN_9_ADJ_b,F,P,les chemises avec le pot qui étaient là depuis hier ne sont pas très brillantes <eos>,14,brillantes,brillants,12,M,S,brillantes,-6.8433695,brillants,-7.6014414,1
1124,P_NOUN_9_ADJ_b,F,P,les chemises avec le pot qui étaient là depuis hier ne sont pas très compliquées <eos>,14,compliquées,compliqués,12,M,S,compliquées,-7.872389,compliqués,-7.9545746,1
1125,P_NOUN_9_ADJ_b,F,P,les chemises avec le coussin qui étaient là depuis hier ne sont pas très vertes <eos>,14,vertes,verts,12,M,S,vertes,-10.187939,verts,-10.124127,0
1126,P_NOUN_9_ADJ_b,F,P,les chemises avec le coussin qui étaient là depuis hier ne sont pas très bleues <eos>,14,bleues,bleus,12,M,S,bleues,-10.223592,bleus,-9.954272,0
1127,P_NOUN_9_ADJ_b,F,P,les chemises avec le coussin qui étaient là depuis hier ne sont pas très noires <eos>,14,noires,noirs,12,M,S,noires,-8.732891,noirs,-10.271419,1
1128,P_NOUN_9_ADJ_b,F,P,les chemises avec le coussin qui étaient là depuis hier ne sont pas très délicates <eos>,14,délicates,délicats,12,M,S,délicates,-8.818415,délicats,-9.671169,1
1129,P_NOUN_9_ADJ_b,F,P,les chemises avec le coussin qui étaient là depuis hier ne sont pas très pointues <eos>,14,pointues,pointus,12,M,S,pointues,-8.343237,pointus,-10.578911,1
1130,P_NOUN_9_ADJ_b,F,P,les chemises avec le coussin qui étaient là depuis hier ne sont pas très rondes <eos>,14,rondes,ronds,12,M,S,rondes,-9.643517,ronds,-11.416092,1
1131,P_NOUN_9_ADJ_b,F,P,les chemises avec le coussin qui étaient là depuis hier ne sont pas très froides <eos>,14,froides,froids,12,M,S,froides,-6.1013365,froids,-10.481147,1
1132,P_NOUN_9_ADJ_b,F,P,les chemises avec le coussin qui étaient là depuis hier ne sont pas très chaudes <eos>,14,chaudes,chauds,12,M,S,chaudes,-7.4657145,chauds,-8.360982,1
1133,P_NOUN_9_ADJ_b,F,P,les chemises avec le coussin qui étaient là depuis hier ne sont pas très importantes <eos>,14,importantes,importants,12,M,S,importantes,-6.013632,importants,-7.8594694,1
1134,P_NOUN_9_ADJ_b,F,P,les chemises avec le coussin qui étaient là depuis hier ne sont pas très courtes <eos>,14,courtes,courts,12,M,S,courtes,-6.028878,courts,-7.257002,1
1135,P_NOUN_9_ADJ_b,F,P,les chemises avec le coussin qui étaient là depuis hier ne sont pas très dures <eos>,14,dures,durs,12,M,S,dures,-5.3373384,durs,-6.883419,1
1136,P_NOUN_9_ADJ_b,F,P,les chemises avec le coussin qui étaient là depuis hier ne sont pas très claires <eos>,14,claires,clairs,12,M,S,claires,-4.7686443,clairs,-5.9071608,1
1137,P_NOUN_9_ADJ_b,F,P,les chemises avec le coussin qui étaient là depuis hier ne sont pas très intéressantes <eos>,14,intéressantes,intéressants,12,M,S,intéressantes,-7.527381,intéressants,-8.519227,1
1138,P_NOUN_9_ADJ_b,F,P,les chemises avec le coussin qui étaient là depuis hier ne sont pas très brillantes <eos>,14,brillantes,brillants,12,M,S,brillantes,-7.1104994,brillants,-8.349376,1
1139,P_NOUN_9_ADJ_b,F,P,les chemises avec le coussin qui étaient là depuis hier ne sont pas très compliquées <eos>,14,compliquées,compliqués,12,M,S,compliquées,-7.2793183,compliqués,-7.8711543,1
1140,P_NOUN_9_ADJ_b,F,P,les chemises avec le jouet qui étaient là depuis hier ne sont pas très vertes <eos>,14,vertes,verts,12,M,S,vertes,-9.934684,verts,-9.389859,0
1141,P_NOUN_9_ADJ_b,F,P,les chemises avec le jouet qui étaient là depuis hier ne sont pas très bleues <eos>,14,bleues,bleus,12,M,S,bleues,-10.01114,bleus,-9.728749,0
1142,P_NOUN_9_ADJ_b,F,P,les chemises avec le jouet qui étaient là depuis hier ne sont pas très noires <eos>,14,noires,noirs,12,M,S,noires,-8.854282,noirs,-10.28386,1
1143,P_NOUN_9_ADJ_b,F,P,les chemises avec le jouet qui étaient là depuis hier ne sont pas très délicates <eos>,14,délicates,délicats,12,M,S,délicates,-8.437985,délicats,-9.542281,1
1144,P_NOUN_9_ADJ_b,F,P,les chemises avec le jouet qui étaient là depuis hier ne sont pas très pointues <eos>,14,pointues,pointus,12,M,S,pointues,-8.433932,pointus,-10.561036,1
1145,P_NOUN_9_ADJ_b,F,P,les chemises avec le jouet qui étaient là depuis hier ne sont pas très rondes <eos>,14,rondes,ronds,12,M,S,rondes,-9.674158,ronds,-11.533854,1
1146,P_NOUN_9_ADJ_b,F,P,les chemises avec le jouet qui étaient là depuis hier ne sont pas très froides <eos>,14,froides,froids,12,M,S,froides,-5.908713,froids,-10.358191,1
1147,P_NOUN_9_ADJ_b,F,P,les chemises avec le jouet qui étaient là depuis hier ne sont pas très chaudes <eos>,14,chaudes,chauds,12,M,S,chaudes,-7.216243,chauds,-8.168536,1
1148,P_NOUN_9_ADJ_b,F,P,les chemises avec le jouet qui étaient là depuis hier ne sont pas très importantes <eos>,14,importantes,importants,12,M,S,importantes,-6.1660547,importants,-8.043741,1
1149,P_NOUN_9_ADJ_b,F,P,les chemises avec le jouet qui étaient là depuis hier ne sont pas très courtes <eos>,14,courtes,courts,12,M,S,courtes,-6.5257015,courts,-7.6482973,1
1150,P_NOUN_9_ADJ_b,F,P,les chemises avec le jouet qui étaient là depuis hier ne sont pas très dures <eos>,14,dures,durs,12,M,S,dures,-5.696583,durs,-6.8708134,1
1151,P_NOUN_9_ADJ_b,F,P,les chemises avec le jouet qui étaient là depuis hier ne sont pas très claires <eos>,14,claires,clairs,12,M,S,claires,-4.5638695,clairs,-5.9388475,1
1152,P_NOUN_9_ADJ_b,F,P,les chemises avec le jouet qui étaient là depuis hier ne sont pas très intéressantes <eos>,14,intéressantes,intéressants,12,M,S,intéressantes,-7.256027,intéressants,-8.188662,1
1153,P_NOUN_9_ADJ_b,F,P,les chemises avec le jouet qui étaient là depuis hier ne sont pas très brillantes <eos>,14,brillantes,brillants,12,M,S,brillantes,-6.8550644,brillants,-8.335698,1
1154,P_NOUN_9_ADJ_b,F,P,les chemises avec le jouet qui étaient là depuis hier ne sont pas très compliquées <eos>,14,compliquées,compliqués,12,M,S,compliquées,-7.3613605,compliqués,-7.8899336,1
1155,P_NOUN_9_ADJ_b,F,P,les chemises avec le clou qui étaient là depuis hier ne sont pas très vertes <eos>,14,vertes,verts,12,M,S,vertes,-9.871027,verts,-10.176828,1
1156,P_NOUN_9_ADJ_b,F,P,les chemises avec le clou qui étaient là depuis hier ne sont pas très bleues <eos>,14,bleues,bleus,12,M,S,bleues,-9.726449,bleus,-9.8839035,1
1157,P_NOUN_9_ADJ_b,F,P,les chemises avec le clou qui étaient là depuis hier ne sont pas très noires <eos>,14,noires,noirs,12,M,S,noires,-8.53384,noirs,-10.649702,1
1158,P_NOUN_9_ADJ_b,F,P,les chemises avec le clou qui étaient là depuis hier ne sont pas très délicates <eos>,14,délicates,délicats,12,M,S,délicates,-7.8512697,délicats,-9.719714,1
1159,P_NOUN_9_ADJ_b,F,P,les chemises avec le clou qui étaient là depuis hier ne sont pas très pointues <eos>,14,pointues,pointus,12,M,S,pointues,-8.428295,pointus,-10.661545,1
1160,P_NOUN_9_ADJ_b,F,P,les chemises avec le clou qui étaient là depuis hier ne sont pas très rondes <eos>,14,rondes,ronds,12,M,S,rondes,-9.48464,ronds,-11.244566,1
1161,P_NOUN_9_ADJ_b,F,P,les chemises avec le clou qui étaient là depuis hier ne sont pas très froides <eos>,14,froides,froids,12,M,S,froides,-6.1143126,froids,-11.01004,1
1162,P_NOUN_9_ADJ_b,F,P,les chemises avec le clou qui étaient là depuis hier ne sont pas très chaudes <eos>,14,chaudes,chauds,12,M,S,chaudes,-7.338005,chauds,-8.884423,1
1163,P_NOUN_9_ADJ_b,F,P,les chemises avec le clou qui étaient là depuis hier ne sont pas très importantes <eos>,14,importantes,importants,12,M,S,importantes,-5.679162,importants,-8.193094,1
1164,P_NOUN_9_ADJ_b,F,P,les chemises avec le clou qui étaient là depuis hier ne sont pas très courtes <eos>,14,courtes,courts,12,M,S,courtes,-6.152238,courts,-8.012992,1
1165,P_NOUN_9_ADJ_b,F,P,les chemises avec le clou qui étaient là depuis hier ne sont pas très dures <eos>,14,dures,durs,12,M,S,dures,-5.6301603,durs,-7.6035414,1
1166,P_NOUN_9_ADJ_b,F,P,les chemises avec le clou qui étaient là depuis hier ne sont pas très claires <eos>,14,claires,clairs,12,M,S,claires,-4.8507633,clairs,-6.120096,1
1167,P_NOUN_9_ADJ_b,F,P,les chemises avec le clou qui étaient là depuis hier ne sont pas très intéressantes <eos>,14,intéressantes,intéressants,12,M,S,intéressantes,-7.177027,intéressants,-8.628387,1
1168,P_NOUN_9_ADJ_b,F,P,les chemises avec le clou qui étaient là depuis hier ne sont pas très brillantes <eos>,14,brillantes,brillants,12,M,S,brillantes,-6.6795063,brillants,-8.550399,1
1169,P_NOUN_9_ADJ_b,F,P,les chemises avec le clou qui étaient là depuis hier ne sont pas très compliquées <eos>,14,compliquées,compliqués,12,M,S,compliquées,-7.301333,compliqués,-8.063343,1
1170,P_NOUN_9_ADJ_b,F,P,les chemises avec le billet qui étaient là depuis hier ne sont pas très vertes <eos>,14,vertes,verts,12,M,S,vertes,-10.50337,verts,-10.082977,0
1171,P_NOUN_9_ADJ_b,F,P,les chemises avec le billet qui étaient là depuis hier ne sont pas très bleues <eos>,14,bleues,bleus,12,M,S,bleues,-10.528803,bleus,-9.977924,0
1172,P_NOUN_9_ADJ_b,F,P,les chemises avec le billet qui étaient là depuis hier ne sont pas très noires <eos>,14,noires,noirs,12,M,S,noires,-9.497645,noirs,-10.581855,1
1173,P_NOUN_9_ADJ_b,F,P,les chemises avec le billet qui étaient là depuis hier ne sont pas très délicates <eos>,14,délicates,délicats,12,M,S,délicates,-8.118095,délicats,-10.042557,1
1174,P_NOUN_9_ADJ_b,F,P,les chemises avec le billet qui étaient là depuis hier ne sont pas très pointues <eos>,14,pointues,pointus,12,M,S,pointues,-8.930212,pointus,-11.092474,1
1175,P_NOUN_9_ADJ_b,F,P,les chemises avec le billet qui étaient là depuis hier ne sont pas très rondes <eos>,14,rondes,ronds,12,M,S,rondes,-10.464303,ronds,-11.910125,1
1176,P_NOUN_9_ADJ_b,F,P,les chemises avec le billet qui étaient là depuis hier ne sont pas très froides <eos>,14,froides,froids,12,M,S,froides,-6.1403418,froids,-10.861306,1
1177,P_NOUN_9_ADJ_b,F,P,les chemises avec le billet qui étaient là depuis hier ne sont pas très chaudes <eos>,14,chaudes,chauds,12,M,S,chaudes,-7.783291,chauds,-8.458621,1
1178,P_NOUN_9_ADJ_b,F,P,les chemises avec le billet qui étaient là depuis hier ne sont pas très importantes <eos>,14,importantes,importants,12,M,S,importantes,-5.418023,importants,-7.4852057,1
1179,P_NOUN_9_ADJ_b,F,P,les chemises avec le billet qui étaient là depuis hier ne sont pas très courtes <eos>,14,courtes,courts,12,M,S,courtes,-6.482414,courts,-7.7421117,1
1180,P_NOUN_9_ADJ_b,F,P,les chemises avec le billet qui étaient là depuis hier ne sont pas très dures <eos>,14,dures,durs,12,M,S,dures,-5.251856,durs,-7.289319,1
1181,P_NOUN_9_ADJ_b,F,P,les chemises avec le billet qui étaient là depuis hier ne sont pas très claires <eos>,14,claires,clairs,12,M,S,claires,-5.319101,clairs,-6.2149777,1
1182,P_NOUN_9_ADJ_b,F,P,les chemises avec le billet qui étaient là depuis hier ne sont pas très intéressantes <eos>,14,intéressantes,intéressants,12,M,S,intéressantes,-6.8561296,intéressants,-7.808013,1
1183,P_NOUN_9_ADJ_b,F,P,les chemises avec le billet qui étaient là depuis hier ne sont pas très brillantes <eos>,14,brillantes,brillants,12,M,S,brillantes,-7.1388454,brillants,-7.8182898,1
1184,P_NOUN_9_ADJ_b,F,P,les chemises avec le billet qui étaient là depuis hier ne sont pas très compliquées <eos>,14,compliquées,compliqués,12,M,S,compliquées,-7.553722,compliqués,-8.081076,1
1185,P_NOUN_9_ADJ_b,F,P,les chemises avec le légume qui étaient là depuis hier ne sont pas très vertes <eos>,14,vertes,verts,12,M,S,vertes,-9.832439,verts,-9.613173,0
1186,P_NOUN_9_ADJ_b,F,P,les chemises avec le légume qui étaient là depuis hier ne sont pas très bleues <eos>,14,bleues,bleus,12,M,S,bleues,-10.587038,bleus,-10.200047,0
1187,P_NOUN_9_ADJ_b,F,P,les chemises avec le légume qui étaient là depuis hier ne sont pas très noires <eos>,14,noires,noirs,12,M,S,noires,-8.8011265,noirs,-10.385202,1
1188,P_NOUN_9_ADJ_b,F,P,les chemises avec le légume qui étaient là depuis hier ne sont pas très délicates <eos>,14,délicates,délicats,12,M,S,délicates,-7.7811155,délicats,-9.059034,1
1189,P_NOUN_9_ADJ_b,F,P,les chemises avec le légume qui étaient là depuis hier ne sont pas très pointues <eos>,14,pointues,pointus,12,M,S,pointues,-9.029692,pointus,-11.7485485,1
1190,P_NOUN_9_ADJ_b,F,P,les chemises avec le légume qui étaient là depuis hier ne sont pas très rondes <eos>,14,rondes,ronds,12,M,S,rondes,-9.912249,ronds,-11.301624,1
1191,P_NOUN_9_ADJ_b,F,P,les chemises avec le légume qui étaient là depuis hier ne sont pas très froides <eos>,14,froides,froids,12,M,S,froides,-5.14188,froids,-9.217063,1
1192,P_NOUN_9_ADJ_b,F,P,les chemises avec le légume qui étaient là depuis hier ne sont pas très chaudes <eos>,14,chaudes,chauds,12,M,S,chaudes,-5.775444,chauds,-7.6863003,1
1193,P_NOUN_9_ADJ_b,F,P,les chemises avec le légume qui étaient là depuis hier ne sont pas très importantes <eos>,14,importantes,importants,12,M,S,importantes,-5.2563643,importants,-7.844277,1
1194,P_NOUN_9_ADJ_b,F,P,les chemises avec le légume qui étaient là depuis hier ne sont pas très courtes <eos>,14,courtes,courts,12,M,S,courtes,-7.5310025,courts,-8.635742,1
1195,P_NOUN_9_ADJ_b,F,P,les chemises avec le légume qui étaient là depuis hier ne sont pas très dures <eos>,14,dures,durs,12,M,S,dures,-4.8921247,durs,-7.227616,1
1196,P_NOUN_9_ADJ_b,F,P,les chemises avec le légume qui étaient là depuis hier ne sont pas très claires <eos>,14,claires,clairs,12,M,S,claires,-4.2340994,clairs,-6.6738186,1
1197,P_NOUN_9_ADJ_b,F,P,les chemises avec le légume qui étaient là depuis hier ne sont pas très intéressantes <eos>,14,intéressantes,intéressants,12,M,S,intéressantes,-6.9542437,intéressants,-8.831278,1
1198,P_NOUN_9_ADJ_b,F,P,les chemises avec le légume qui étaient là depuis hier ne sont pas très brillantes <eos>,14,brillantes,brillants,12,M,S,brillantes,-6.6561823,brillants,-8.463753,1
1199,P_NOUN_9_ADJ_b,F,P,les chemises avec le légume qui étaient là depuis hier ne sont pas très compliquées <eos>,14,compliquées,compliqués,12,M,S,compliquées,-8.364003,compliqués,-9.020139,1
1200,P_NOUN_9_ADJ_b,F,P,les recettes avec le bracelet qui étaient là depuis hier ne sont pas très vertes <eos>,14,vertes,verts,12,M,S,vertes,-12.669876,verts,-12.987938,1
1201,P_NOUN_9_ADJ_b,F,P,les recettes avec le bracelet qui étaient là depuis hier ne sont pas très bleues <eos>,14,bleues,bleus,12,M,S,bleues,-14.214107,bleus,-13.875434,0
1202,P_NOUN_9_ADJ_b,F,P,les recettes avec le bracelet qui étaient là depuis hier ne sont pas très noires <eos>,14,noires,noirs,12,M,S,noires,-12.55942,noirs,-14.3371105,1
1203,P_NOUN_9_ADJ_b,F,P,les recettes avec le bracelet qui étaient là depuis hier ne sont pas très délicates <eos>,14,délicates,délicats,12,M,S,délicates,-9.231852,délicats,-10.753782,1
1204,P_NOUN_9_ADJ_b,F,P,les recettes avec le bracelet qui étaient là depuis hier ne sont pas très pointues <eos>,14,pointues,pointus,12,M,S,pointues,-9.917234,pointus,-12.611954,1
1205,P_NOUN_9_ADJ_b,F,P,les recettes avec le bracelet qui étaient là depuis hier ne sont pas très rondes <eos>,14,rondes,ronds,12,M,S,rondes,-13.1311,ronds,-14.78386,1
1206,P_NOUN_9_ADJ_b,F,P,les recettes avec le bracelet qui étaient là depuis hier ne sont pas très froides <eos>,14,froides,froids,12,M,S,froides,-7.5831833,froids,-13.381145,1
1207,P_NOUN_9_ADJ_b,F,P,les recettes avec le bracelet qui étaient là depuis hier ne sont pas très chaudes <eos>,14,chaudes,chauds,12,M,S,chaudes,-8.910135,chauds,-10.175128,1
1208,P_NOUN_9_ADJ_b,F,P,les recettes avec le bracelet qui étaient là depuis hier ne sont pas très importantes <eos>,14,importantes,importants,12,M,S,importantes,-3.5030832,importants,-6.811926,1
1209,P_NOUN_9_ADJ_b,F,P,les recettes avec le bracelet qui étaient là depuis hier ne sont pas très courtes <eos>,14,courtes,courts,12,M,S,courtes,-7.4710793,courts,-8.978111,1
1210,P_NOUN_9_ADJ_b,F,P,les recettes avec le bracelet qui étaient là depuis hier ne sont pas très dures <eos>,14,dures,durs,12,M,S,dures,-5.882133,durs,-7.9088025,1
1211,P_NOUN_9_ADJ_b,F,P,les recettes avec le bracelet qui étaient là depuis hier ne sont pas très claires <eos>,14,claires,clairs,12,M,S,claires,-5.142744,clairs,-7.7517853,1
1212,P_NOUN_9_ADJ_b,F,P,les recettes avec le bracelet qui étaient là depuis hier ne sont pas très intéressantes <eos>,14,intéressantes,intéressants,12,M,S,intéressantes,-6.3137136,intéressants,-8.860147,1
1213,P_NOUN_9_ADJ_b,F,P,les recettes avec le bracelet qui étaient là depuis hier ne sont pas très brillantes <eos>,14,brillantes,brillants,12,M,S,brillantes,-8.051194,brillants,-8.499685,1
1214,P_NOUN_9_ADJ_b,F,P,les recettes avec le bracelet qui étaient là depuis hier ne sont pas très compliquées <eos>,14,compliquées,compliqués,12,M,S,compliquées,-7.7195005,compliqués,-8.10754,1
1215,P_NOUN_9_ADJ_b,F,P,les recettes avec le miroir qui étaient là depuis hier ne sont pas très vertes <eos>,14,vertes,verts,12,M,S,vertes,-12.476446,verts,-13.0798,1
1216,P_NOUN_9_ADJ_b,F,P,les recettes avec le miroir qui étaient là depuis hier ne sont pas très bleues <eos>,14,bleues,bleus,12,M,S,bleues,-14.082239,bleus,-13.693369,0
1217,P_NOUN_9_ADJ_b,F,P,les recettes avec le miroir qui étaient là depuis hier ne sont pas très noires <eos>,14,noires,noirs,12,M,S,noires,-12.562719,noirs,-14.04668,1
1218,P_NOUN_9_ADJ_b,F,P,les recettes avec le miroir qui étaient là depuis hier ne sont pas très délicates <eos>,14,délicates,délicats,12,M,S,délicates,-8.693775,délicats,-9.904346,1
1219,P_NOUN_9_ADJ_b,F,P,les recettes avec le miroir qui étaient là depuis hier ne sont pas très pointues <eos>,14,pointues,pointus,12,M,S,pointues,-9.822342,pointus,-12.2501545,1
1220,P_NOUN_9_ADJ_b,F,P,les recettes avec le miroir qui étaient là depuis hier ne sont pas très rondes <eos>,14,rondes,ronds,12,M,S,rondes,-12.80459,ronds,-14.27798,1
1221,P_NOUN_9_ADJ_b,F,P,les recettes avec le miroir qui étaient là depuis hier ne sont pas très froides <eos>,14,froides,froids,12,M,S,froides,-7.3893104,froids,-12.588947,1
1222,P_NOUN_9_ADJ_b,F,P,les recettes avec le miroir qui étaient là depuis hier ne sont pas très chaudes <eos>,14,chaudes,chauds,12,M,S,chaudes,-8.6897335,chauds,-10.356659,1
1223,P_NOUN_9_ADJ_b,F,P,les recettes avec le miroir qui étaient là depuis hier ne sont pas très importantes <eos>,14,importantes,importants,12,M,S,importantes,-3.3285248,importants,-6.8349323,1
1224,P_NOUN_9_ADJ_b,F,P,les recettes avec le miroir qui étaient là depuis hier ne sont pas très courtes <eos>,14,courtes,courts,12,M,S,courtes,-6.5701814,courts,-8.839533,1
1225,P_NOUN_9_ADJ_b,F,P,les recettes avec le miroir qui étaient là depuis hier ne sont pas très dures <eos>,14,dures,durs,12,M,S,dures,-6.0233293,durs,-8.056009,1
1226,P_NOUN_9_ADJ_b,F,P,les recettes avec le miroir qui étaient là depuis hier ne sont pas très claires <eos>,14,claires,clairs,12,M,S,claires,-5.1747036,clairs,-7.740265,1
1227,P_NOUN_9_ADJ_b,F,P,les recettes avec le miroir qui étaient là depuis hier ne sont pas très intéressantes <eos>,14,intéressantes,intéressants,12,M,S,intéressantes,-6.0933337,intéressants,-8.877895,1
1228,P_NOUN_9_ADJ_b,F,P,les recettes avec le miroir qui étaient là depuis hier ne sont pas très brillantes <eos>,14,brillantes,brillants,12,M,S,brillantes,-6.9059153,brillants,-8.408366,1
1229,P_NOUN_9_ADJ_b,F,P,les recettes avec le miroir qui étaient là depuis hier ne sont pas très compliquées <eos>,14,compliquées,compliqués,12,M,S,compliquées,-7.1313705,compliqués,-8.060316,1
1230,P_NOUN_9_ADJ_b,F,P,les recettes avec le crayon qui étaient là depuis hier ne sont pas très vertes <eos>,14,vertes,verts,12,M,S,vertes,-12.196484,verts,-12.850223,1
1231,P_NOUN_9_ADJ_b,F,P,les recettes avec le crayon qui étaient là depuis hier ne sont pas très bleues <eos>,14,bleues,bleus,12,M,S,bleues,-14.159777,bleus,-13.698295,0
1232,P_NOUN_9_ADJ_b,F,P,les recettes avec le crayon qui étaient là depuis hier ne sont pas très noires <eos>,14,noires,noirs,12,M,S,noires,-12.720228,noirs,-14.120325,1
1233,P_NOUN_9_ADJ_b,F,P,les recettes avec le crayon qui étaient là depuis hier ne sont pas très délicates <eos>,14,délicates,délicats,12,M,S,délicates,-8.793947,délicats,-9.908386,1
1234,P_NOUN_9_ADJ_b,F,P,les recettes avec le crayon qui étaient là depuis hier ne sont pas très pointues <eos>,14,pointues,pointus,12,M,S,pointues,-10.596649,pointus,-12.702667,1
1235,P_NOUN_9_ADJ_b,F,P,les recettes avec le crayon qui étaient là depuis hier ne sont pas très rondes <eos>,14,rondes,ronds,12,M,S,rondes,-13.523066,ronds,-14.441679,1
1236,P_NOUN_9_ADJ_b,F,P,les recettes avec le crayon qui étaient là depuis hier ne sont pas très froides <eos>,14,froides,froids,12,M,S,froides,-7.3743258,froids,-12.583248,1
1237,P_NOUN_9_ADJ_b,F,P,les recettes avec le crayon qui étaient là depuis hier ne sont pas très chaudes <eos>,14,chaudes,chauds,12,M,S,chaudes,-8.692848,chauds,-10.343621,1
1238,P_NOUN_9_ADJ_b,F,P,les recettes avec le crayon qui étaient là depuis hier ne sont pas très importantes <eos>,14,importantes,importants,12,M,S,importantes,-3.4911559,importants,-7.059765,1
1239,P_NOUN_9_ADJ_b,F,P,les recettes avec le crayon qui étaient là depuis hier ne sont pas très courtes <eos>,14,courtes,courts,12,M,S,courtes,-7.3329725,courts,-9.555873,1
1240,P_NOUN_9_ADJ_b,F,P,les recettes avec le crayon qui étaient là depuis hier ne sont pas très dures <eos>,14,dures,durs,12,M,S,dures,-5.873738,durs,-7.76557,1
1241,P_NOUN_9_ADJ_b,F,P,les recettes avec le crayon qui étaient là depuis hier ne sont pas très claires <eos>,14,claires,clairs,12,M,S,claires,-5.1051846,clairs,-7.453622,1
1242,P_NOUN_9_ADJ_b,F,P,les recettes avec le crayon qui étaient là depuis hier ne sont pas très intéressantes <eos>,14,intéressantes,intéressants,12,M,S,intéressantes,-6.0842733,intéressants,-8.906074,1
1243,P_NOUN_9_ADJ_b,F,P,les recettes avec le crayon qui étaient là depuis hier ne sont pas très brillantes <eos>,14,brillantes,brillants,12,M,S,brillantes,-7.1617537,brillants,-8.330705,1
1244,P_NOUN_9_ADJ_b,F,P,les recettes avec le crayon qui étaient là depuis hier ne sont pas très compliquées <eos>,14,compliquées,compliqués,12,M,S,compliquées,-7.8945513,compliqués,-8.208578,1
1245,P_NOUN_9_ADJ_b,F,P,les recettes avec le rideau qui étaient là depuis hier ne sont pas très vertes <eos>,14,vertes,verts,12,M,S,vertes,-12.479689,verts,-12.923872,1
1246,P_NOUN_9_ADJ_b,F,P,les recettes avec le rideau qui étaient là depuis hier ne sont pas très bleues <eos>,14,bleues,bleus,12,M,S,bleues,-13.584255,bleus,-13.08279,0
1247,P_NOUN_9_ADJ_b,F,P,les recettes avec le rideau qui étaient là depuis hier ne sont pas très noires <eos>,14,noires,noirs,12,M,S,noires,-12.200779,noirs,-13.980307,1
1248,P_NOUN_9_ADJ_b,F,P,les recettes avec le rideau qui étaient là depuis hier ne sont pas très délicates <eos>,14,délicates,délicats,12,M,S,délicates,-8.5395975,délicats,-10.279389,1
1249,P_NOUN_9_ADJ_b,F,P,les recettes avec le rideau qui étaient là depuis hier ne sont pas très pointues <eos>,14,pointues,pointus,12,M,S,pointues,-10.091356,pointus,-12.809204,1
1250,P_NOUN_9_ADJ_b,F,P,les recettes avec le rideau qui étaient là depuis hier ne sont pas très rondes <eos>,14,rondes,ronds,12,M,S,rondes,-13.0112505,ronds,-14.6056185,1
1251,P_NOUN_9_ADJ_b,F,P,les recettes avec le rideau qui étaient là depuis hier ne sont pas très froides <eos>,14,froides,froids,12,M,S,froides,-7.1064253,froids,-12.380563,1
1252,P_NOUN_9_ADJ_b,F,P,les recettes avec le rideau qui étaient là depuis hier ne sont pas très chaudes <eos>,14,chaudes,chauds,12,M,S,chaudes,-8.629136,chauds,-10.31321,1
1253,P_NOUN_9_ADJ_b,F,P,les recettes avec le rideau qui étaient là depuis hier ne sont pas très importantes <eos>,14,importantes,importants,12,M,S,importantes,-3.2262015,importants,-6.8612876,1
1254,P_NOUN_9_ADJ_b,F,P,les recettes avec le rideau qui étaient là depuis hier ne sont pas très courtes <eos>,14,courtes,courts,12,M,S,courtes,-7.144891,courts,-9.27429,1
1255,P_NOUN_9_ADJ_b,F,P,les recettes avec le rideau qui étaient là depuis hier ne sont pas très dures <eos>,14,dures,durs,12,M,S,dures,-5.576393,durs,-7.8341208,1
1256,P_NOUN_9_ADJ_b,F,P,les recettes avec le rideau qui étaient là depuis hier ne sont pas très claires <eos>,14,claires,clairs,12,M,S,claires,-4.588161,clairs,-7.6064153,1
1257,P_NOUN_9_ADJ_b,F,P,les recettes avec le rideau qui étaient là depuis hier ne sont pas très intéressantes <eos>,14,intéressantes,intéressants,12,M,S,intéressantes,-6.173753,intéressants,-9.149852,1
1258,P_NOUN_9_ADJ_b,F,P,les recettes avec le rideau qui étaient là depuis hier ne sont pas très brillantes <eos>,14,brillantes,brillants,12,M,S,brillantes,-6.9082546,brillants,-8.531484,1
1259,P_NOUN_9_ADJ_b,F,P,les recettes avec le rideau qui étaient là depuis hier ne sont pas très compliquées <eos>,14,compliquées,compliqués,12,M,S,compliquées,-7.6969204,compliqués,-8.552092,1
1260,P_NOUN_9_ADJ_b,F,P,les recettes avec le cahier qui étaient là depuis hier ne sont pas très vertes <eos>,14,vertes,verts,12,M,S,vertes,-12.794929,verts,-13.465194,1
1261,P_NOUN_9_ADJ_b,F,P,les recettes avec le cahier qui étaient là depuis hier ne sont pas très bleues <eos>,14,bleues,bleus,12,M,S,bleues,-14.682831,bleus,-14.142422,0
1262,P_NOUN_9_ADJ_b,F,P,les recettes avec le cahier qui étaient là depuis hier ne sont pas très noires <eos>,14,noires,noirs,12,M,S,noires,-13.041952,noirs,-14.3834305,1
1263,P_NOUN_9_ADJ_b,F,P,les recettes avec le cahier qui étaient là depuis hier ne sont pas très délicates <eos>,14,délicates,délicats,12,M,S,délicates,-8.997357,délicats,-10.214359,1
1264,P_NOUN_9_ADJ_b,F,P,les recettes avec le cahier qui étaient là depuis hier ne sont pas très pointues <eos>,14,pointues,pointus,12,M,S,pointues,-10.395885,pointus,-12.87464,1
1265,P_NOUN_9_ADJ_b,F,P,les recettes avec le cahier qui étaient là depuis hier ne sont pas très rondes <eos>,14,rondes,ronds,12,M,S,rondes,-13.087798,ronds,-15.07281,1
1266,P_NOUN_9_ADJ_b,F,P,les recettes avec le cahier qui étaient là depuis hier ne sont pas très froides <eos>,14,froides,froids,12,M,S,froides,-7.703479,froids,-12.600787,1
1267,P_NOUN_9_ADJ_b,F,P,les recettes avec le cahier qui étaient là depuis hier ne sont pas très chaudes <eos>,14,chaudes,chauds,12,M,S,chaudes,-9.154503,chauds,-10.673846,1
1268,P_NOUN_9_ADJ_b,F,P,les recettes avec le cahier qui étaient là depuis hier ne sont pas très importantes <eos>,14,importantes,importants,12,M,S,importantes,-3.2787864,importants,-6.196954,1
1269,P_NOUN_9_ADJ_b,F,P,les recettes avec le cahier qui étaient là depuis hier ne sont pas très courtes <eos>,14,courtes,courts,12,M,S,courtes,-7.093807,courts,-9.012065,1
1270,P_NOUN_9_ADJ_b,F,P,les recettes avec le cahier qui étaient là depuis hier ne sont pas très dures <eos>,14,dures,durs,12,M,S,dures,-5.8757052,durs,-8.222033,1
1271,P_NOUN_9_ADJ_b,F,P,les recettes avec le cahier qui étaient là depuis hier ne sont pas très claires <eos>,14,claires,clairs,12,M,S,claires,-4.8477297,clairs,-7.595993,1
1272,P_NOUN_9_ADJ_b,F,P,les recettes avec le cahier qui étaient là depuis hier ne sont pas très intéressantes <eos>,14,intéressantes,intéressants,12,M,S,intéressantes,-6.3251324,intéressants,-8.738448,1
1273,P_NOUN_9_ADJ_b,F,P,les recettes avec le cahier qui étaient là depuis hier ne sont pas très brillantes <eos>,14,brillantes,brillants,12,M,S,brillantes,-7.875494,brillants,-8.569031,1
1274,P_NOUN_9_ADJ_b,F,P,les recettes avec le cahier qui étaient là depuis hier ne sont pas très compliquées <eos>,14,compliquées,compliqués,12,M,S,compliquées,-7.787335,compliqués,-8.496557,1
1275,P_NOUN_9_ADJ_b,F,P,les recettes avec le micro qui étaient là depuis hier ne sont pas très vertes <eos>,14,vertes,verts,12,M,S,vertes,-12.925482,verts,-13.574316,1
1276,P_NOUN_9_ADJ_b,F,P,les recettes avec le micro qui étaient là depuis hier ne sont pas très bleues <eos>,14,bleues,bleus,12,M,S,bleues,-14.354019,bleus,-13.796159,0
1277,P_NOUN_9_ADJ_b,F,P,les recettes avec le micro qui étaient là depuis hier ne sont pas très noires <eos>,14,noires,noirs,12,M,S,noires,-12.942438,noirs,-14.396339,1
1278,P_NOUN_9_ADJ_b,F,P,les recettes avec le micro qui étaient là depuis hier ne sont pas très délicates <eos>,14,délicates,délicats,12,M,S,délicates,-9.20797,délicats,-10.528312,1
1279,P_NOUN_9_ADJ_b,F,P,les recettes avec le micro qui étaient là depuis hier ne sont pas très pointues <eos>,14,pointues,pointus,12,M,S,pointues,-10.166315,pointus,-13.109409,1
1280,P_NOUN_9_ADJ_b,F,P,les recettes avec le micro qui étaient là depuis hier ne sont pas très rondes <eos>,14,rondes,ronds,12,M,S,rondes,-13.467323,ronds,-15.038145,1
1281,P_NOUN_9_ADJ_b,F,P,les recettes avec le micro qui étaient là depuis hier ne sont pas très froides <eos>,14,froides,froids,12,M,S,froides,-7.5309196,froids,-12.73955,1
1282,P_NOUN_9_ADJ_b,F,P,les recettes avec le micro qui étaient là depuis hier ne sont pas très chaudes <eos>,14,chaudes,chauds,12,M,S,chaudes,-9.063769,chauds,-10.933097,1
1283,P_NOUN_9_ADJ_b,F,P,les recettes avec le micro qui étaient là depuis hier ne sont pas très importantes <eos>,14,importantes,importants,12,M,S,importantes,-3.017626,importants,-6.550435,1
1284,P_NOUN_9_ADJ_b,F,P,les recettes avec le micro qui étaient là depuis hier ne sont pas très courtes <eos>,14,courtes,courts,12,M,S,courtes,-6.881823,courts,-9.029484,1
1285,P_NOUN_9_ADJ_b,F,P,les recettes avec le micro qui étaient là depuis hier ne sont pas très dures <eos>,14,dures,durs,12,M,S,dures,-6.110276,durs,-8.20096,1
1286,P_NOUN_9_ADJ_b,F,P,les recettes avec le micro qui étaient là depuis hier ne sont pas très claires <eos>,14,claires,clairs,12,M,S,claires,-5.072741,clairs,-8.429029,1
1287,P_NOUN_9_ADJ_b,F,P,les recettes avec le micro qui étaient là depuis hier ne sont pas très intéressantes <eos>,14,intéressantes,intéressants,12,M,S,intéressantes,-6.001376,intéressants,-8.9533,1
1288,P_NOUN_9_ADJ_b,F,P,les recettes avec le micro qui étaient là depuis hier ne sont pas très brillantes <eos>,14,brillantes,brillants,12,M,S,brillantes,-7.8658853,brillants,-9.036884,1
1289,P_NOUN_9_ADJ_b,F,P,les recettes avec le micro qui étaient là depuis hier ne sont pas très compliquées <eos>,14,compliquées,compliqués,12,M,S,compliquées,-7.8154526,compliqués,-8.690275,1
1290,P_NOUN_9_ADJ_b,F,P,les recettes avec le sac qui étaient là depuis hier ne sont pas très vertes <eos>,14,vertes,verts,12,M,S,vertes,-12.763546,verts,-13.366449,1
1291,P_NOUN_9_ADJ_b,F,P,les recettes avec le sac qui étaient là depuis hier ne sont pas très bleues <eos>,14,bleues,bleus,12,M,S,bleues,-14.369158,bleus,-13.764897,0
1292,P_NOUN_9_ADJ_b,F,P,les recettes avec le sac qui étaient là depuis hier ne sont pas très noires <eos>,14,noires,noirs,12,M,S,noires,-12.603378,noirs,-14.112844,1
1293,P_NOUN_9_ADJ_b,F,P,les recettes avec le sac qui étaient là depuis hier ne sont pas très délicates <eos>,14,délicates,délicats,12,M,S,délicates,-9.30029,délicats,-10.257043,1
1294,P_NOUN_9_ADJ_b,F,P,les recettes avec le sac qui étaient là depuis hier ne sont pas très pointues <eos>,14,pointues,pointus,12,M,S,pointues,-9.951604,pointus,-12.666114,1
1295,P_NOUN_9_ADJ_b,F,P,les recettes avec le sac qui étaient là depuis hier ne sont pas très rondes <eos>,14,rondes,ronds,12,M,S,rondes,-13.120516,ronds,-14.759571,1
1296,P_NOUN_9_ADJ_b,F,P,les recettes avec le sac qui étaient là depuis hier ne sont pas très froides <eos>,14,froides,froids,12,M,S,froides,-7.286319,froids,-12.719624,1
1297,P_NOUN_9_ADJ_b,F,P,les recettes avec le sac qui étaient là depuis hier ne sont pas très chaudes <eos>,14,chaudes,chauds,12,M,S,chaudes,-8.715786,chauds,-10.255435,1
1298,P_NOUN_9_ADJ_b,F,P,les recettes avec le sac qui étaient là depuis hier ne sont pas très importantes <eos>,14,importantes,importants,12,M,S,importantes,-3.367549,importants,-6.8437204,1
1299,P_NOUN_9_ADJ_b,F,P,les recettes avec le sac qui étaient là depuis hier ne sont pas très courtes <eos>,14,courtes,courts,12,M,S,courtes,-7.1310635,courts,-9.103896,1
1300,P_NOUN_9_ADJ_b,F,P,les recettes avec le sac qui étaient là depuis hier ne sont pas très dures <eos>,14,dures,durs,12,M,S,dures,-5.4628563,durs,-7.5260153,1
1301,P_NOUN_9_ADJ_b,F,P,les recettes avec le sac qui étaient là depuis hier ne sont pas très claires <eos>,14,claires,clairs,12,M,S,claires,-5.014432,clairs,-7.881444,1
1302,P_NOUN_9_ADJ_b,F,P,les recettes avec le sac qui étaient là depuis hier ne sont pas très intéressantes <eos>,14,intéressantes,intéressants,12,M,S,intéressantes,-6.15423,intéressants,-9.088046,1
1303,P_NOUN_9_ADJ_b,F,P,les recettes avec le sac qui étaient là depuis hier ne sont pas très brillantes <eos>,14,brillantes,brillants,12,M,S,brillantes,-7.6054897,brillants,-8.744756,1
1304,P_NOUN_9_ADJ_b,F,P,les recettes avec le sac qui étaient là depuis hier ne sont pas très compliquées <eos>,14,compliquées,compliqués,12,M,S,compliquées,-7.7139664,compliqués,-8.606569,1
1305,P_NOUN_9_ADJ_b,F,P,les recettes avec le clavier qui étaient là depuis hier ne sont pas très vertes <eos>,14,vertes,verts,12,M,S,vertes,-12.754658,verts,-13.203028,1
1306,P_NOUN_9_ADJ_b,F,P,les recettes avec le clavier qui étaient là depuis hier ne sont pas très bleues <eos>,14,bleues,bleus,12,M,S,bleues,-14.47457,bleus,-14.196919,0
1307,P_NOUN_9_ADJ_b,F,P,les recettes avec le clavier qui étaient là depuis hier ne sont pas très noires <eos>,14,noires,noirs,12,M,S,noires,-13.111724,noirs,-14.518926,1
1308,P_NOUN_9_ADJ_b,F,P,les recettes avec le clavier qui étaient là depuis hier ne sont pas très délicates <eos>,14,délicates,délicats,12,M,S,délicates,-9.150883,délicats,-10.559744,1
1309,P_NOUN_9_ADJ_b,F,P,les recettes avec le clavier qui étaient là depuis hier ne sont pas très pointues <eos>,14,pointues,pointus,12,M,S,pointues,-9.748049,pointus,-13.291694,1
1310,P_NOUN_9_ADJ_b,F,P,les recettes avec le clavier qui étaient là depuis hier ne sont pas très rondes <eos>,14,rondes,ronds,12,M,S,rondes,-12.812586,ronds,-15.069401,1
1311,P_NOUN_9_ADJ_b,F,P,les recettes avec le clavier qui étaient là depuis hier ne sont pas très froides <eos>,14,froides,froids,12,M,S,froides,-7.7425585,froids,-13.079966,1
1312,P_NOUN_9_ADJ_b,F,P,les recettes avec le clavier qui étaient là depuis hier ne sont pas très chaudes <eos>,14,chaudes,chauds,12,M,S,chaudes,-9.27988,chauds,-11.169939,1
1313,P_NOUN_9_ADJ_b,F,P,les recettes avec le clavier qui étaient là depuis hier ne sont pas très importantes <eos>,14,importantes,importants,12,M,S,importantes,-3.9348876,importants,-7.3205566,1
1314,P_NOUN_9_ADJ_b,F,P,les recettes avec le clavier qui étaient là depuis hier ne sont pas très courtes <eos>,14,courtes,courts,12,M,S,courtes,-6.9126225,courts,-9.4586525,1
1315,P_NOUN_9_ADJ_b,F,P,les recettes avec le clavier qui étaient là depuis hier ne sont pas très dures <eos>,14,dures,durs,12,M,S,dures,-6.435487,durs,-6.900421,1
1316,P_NOUN_9_ADJ_b,F,P,les recettes avec le clavier qui étaient là depuis hier ne sont pas très claires <eos>,14,claires,clairs,12,M,S,claires,-4.5813,clairs,-7.4339237,1
1317,P_NOUN_9_ADJ_b,F,P,les recettes avec le clavier qui étaient là depuis hier ne sont pas très intéressantes <eos>,14,intéressantes,intéressants,12,M,S,intéressantes,-6.1568527,intéressants,-8.735791,1
1318,P_NOUN_9_ADJ_b,F,P,les recettes avec le clavier qui étaient là depuis hier ne sont pas très brillantes <eos>,14,brillantes,brillants,12,M,S,brillantes,-7.09988,brillants,-8.918228,1
1319,P_NOUN_9_ADJ_b,F,P,les recettes avec le clavier qui étaient là depuis hier ne sont pas très compliquées <eos>,14,compliquées,compliqués,12,M,S,compliquées,-6.80427,compliqués,-7.810541,1
1320,P_NOUN_9_ADJ_b,F,P,les recettes avec le raisin qui étaient là depuis hier ne sont pas très vertes <eos>,14,vertes,verts,12,M,S,vertes,-12.22312,verts,-13.26779,1
1321,P_NOUN_9_ADJ_b,F,P,les recettes avec le raisin qui étaient là depuis hier ne sont pas très bleues <eos>,14,bleues,bleus,12,M,S,bleues,-14.747799,bleus,-14.195801,0
1322,P_NOUN_9_ADJ_b,F,P,les recettes avec le raisin qui étaient là depuis hier ne sont pas très noires <eos>,14,noires,noirs,12,M,S,noires,-12.880315,noirs,-15.030542,1
1323,P_NOUN_9_ADJ_b,F,P,les recettes avec le raisin qui étaient là depuis hier ne sont pas très délicates <eos>,14,délicates,délicats,12,M,S,délicates,-8.896008,délicats,-9.451993,1
1324,P_NOUN_9_ADJ_b,F,P,les recettes avec le raisin qui étaient là depuis hier ne sont pas très pointues <eos>,14,pointues,pointus,12,M,S,pointues,-10.790702,pointus,-13.526679,1
1325,P_NOUN_9_ADJ_b,F,P,les recettes avec le raisin qui étaient là depuis hier ne sont pas très rondes <eos>,14,rondes,ronds,12,M,S,rondes,-13.619034,ronds,-15.244433,1
1326,P_NOUN_9_ADJ_b,F,P,les recettes avec le raisin qui étaient là depuis hier ne sont pas très froides <eos>,14,froides,froids,12,M,S,froides,-7.020918,froids,-11.8446,1
1327,P_NOUN_9_ADJ_b,F,P,les recettes avec le raisin qui étaient là depuis hier ne sont pas très chaudes <eos>,14,chaudes,chauds,12,M,S,chaudes,-7.512067,chauds,-9.875455,1
1328,P_NOUN_9_ADJ_b,F,P,les recettes avec le raisin qui étaient là depuis hier ne sont pas très importantes <eos>,14,importantes,importants,12,M,S,importantes,-2.938075,importants,-6.9088297,1
1329,P_NOUN_9_ADJ_b,F,P,les recettes avec le raisin qui étaient là depuis hier ne sont pas très courtes <eos>,14,courtes,courts,12,M,S,courtes,-7.7574663,courts,-9.855491,1
1330,P_NOUN_9_ADJ_b,F,P,les recettes avec le raisin qui étaient là depuis hier ne sont pas très dures <eos>,14,dures,durs,12,M,S,dures,-5.673917,durs,-8.049864,1
1331,P_NOUN_9_ADJ_b,F,P,les recettes avec le raisin qui étaient là depuis hier ne sont pas très claires <eos>,14,claires,clairs,12,M,S,claires,-4.757402,clairs,-8.335262,1
1332,P_NOUN_9_ADJ_b,F,P,les recettes avec le raisin qui étaient là depuis hier ne sont pas très intéressantes <eos>,14,intéressantes,intéressants,12,M,S,intéressantes,-6.0883665,intéressants,-9.616012,1
1333,P_NOUN_9_ADJ_b,F,P,les recettes avec le raisin qui étaient là depuis hier ne sont pas très brillantes <eos>,14,brillantes,brillants,12,M,S,brillantes,-7.989868,brillants,-9.225325,1
1334,P_NOUN_9_ADJ_b,F,P,les recettes avec le raisin qui étaient là depuis hier ne sont pas très compliquées <eos>,14,compliquées,compliqués,12,M,S,compliquées,-8.836476,compliqués,-9.513914,1
1335,P_NOUN_9_ADJ_b,F,P,les recettes avec le chargeur qui étaient là depuis hier ne sont pas très vertes <eos>,14,vertes,verts,12,M,S,vertes,-12.644981,verts,-13.987782,1
1336,P_NOUN_9_ADJ_b,F,P,les recettes avec le chargeur qui étaient là depuis hier ne sont pas très bleues <eos>,14,bleues,bleus,12,M,S,bleues,-14.374903,bleus,-13.970036,0
1337,P_NOUN_9_ADJ_b,F,P,les recettes avec le chargeur qui étaient là depuis hier ne sont pas très noires <eos>,14,noires,noirs,12,M,S,noires,-12.518187,noirs,-14.279882,1
1338,P_NOUN_9_ADJ_b,F,P,les recettes avec le chargeur qui étaient là depuis hier ne sont pas très délicates <eos>,14,délicates,délicats,12,M,S,délicates,-9.819669,délicats,-11.004985,1
1339,P_NOUN_9_ADJ_b,F,P,les recettes avec le chargeur qui étaient là depuis hier ne sont pas très pointues <eos>,14,pointues,pointus,12,M,S,pointues,-9.892095,pointus,-12.834121,1
1340,P_NOUN_9_ADJ_b,F,P,les recettes avec le chargeur qui étaient là depuis hier ne sont pas très rondes <eos>,14,rondes,ronds,12,M,S,rondes,-13.109555,ronds,-14.909433,1
1341,P_NOUN_9_ADJ_b,F,P,les recettes avec le chargeur qui étaient là depuis hier ne sont pas très froides <eos>,14,froides,froids,12,M,S,froides,-7.3420887,froids,-13.218955,1
1342,P_NOUN_9_ADJ_b,F,P,les recettes avec le chargeur qui étaient là depuis hier ne sont pas très chaudes <eos>,14,chaudes,chauds,12,M,S,chaudes,-9.137941,chauds,-10.184606,1
1343,P_NOUN_9_ADJ_b,F,P,les recettes avec le chargeur qui étaient là depuis hier ne sont pas très importantes <eos>,14,importantes,importants,12,M,S,importantes,-3.898518,importants,-7.5466704,1
1344,P_NOUN_9_ADJ_b,F,P,les recettes avec le chargeur qui étaient là depuis hier ne sont pas très courtes <eos>,14,courtes,courts,12,M,S,courtes,-6.3746157,courts,-9.335561,1
1345,P_NOUN_9_ADJ_b,F,P,les recettes avec le chargeur qui étaient là depuis hier ne sont pas très dures <eos>,14,dures,durs,12,M,S,dures,-6.0303535,durs,-7.480797,1
1346,P_NOUN_9_ADJ_b,F,P,les recettes avec le chargeur qui étaient là depuis hier ne sont pas très claires <eos>,14,claires,clairs,12,M,S,claires,-5.6181297,clairs,-7.872982,1
1347,P_NOUN_9_ADJ_b,F,P,les recettes avec le chargeur qui étaient là depuis hier ne sont pas très intéressantes <eos>,14,intéressantes,intéressants,12,M,S,intéressantes,-6.305779,intéressants,-9.003275,1
1348,P_NOUN_9_ADJ_b,F,P,les recettes avec le chargeur qui étaient là depuis hier ne sont pas très brillantes <eos>,14,brillantes,brillants,12,M,S,brillantes,-7.5979567,brillants,-8.771674,1
1349,P_NOUN_9_ADJ_b,F,P,les recettes avec le chargeur qui étaient là depuis hier ne sont pas très compliquées <eos>,14,compliquées,compliqués,12,M,S,compliquées,-7.127986,compliqués,-7.919118,1
1350,P_NOUN_9_ADJ_b,F,P,les recettes avec le vase qui étaient là depuis hier ne sont pas très vertes <eos>,14,vertes,verts,12,M,S,vertes,-12.843678,verts,-13.376328,1
1351,P_NOUN_9_ADJ_b,F,P,les recettes avec le vase qui étaient là depuis hier ne sont pas très bleues <eos>,14,bleues,bleus,12,M,S,bleues,-14.582821,bleus,-14.29867,0
1352,P_NOUN_9_ADJ_b,F,P,les recettes avec le vase qui étaient là depuis hier ne sont pas très noires <eos>,14,noires,noirs,12,M,S,noires,-12.822451,noirs,-14.790167,1
1353,P_NOUN_9_ADJ_b,F,P,les recettes avec le vase qui étaient là depuis hier ne sont pas très délicates <eos>,14,délicates,délicats,12,M,S,délicates,-8.89647,délicats,-10.155667,1
1354,P_NOUN_9_ADJ_b,F,P,les recettes avec le vase qui étaient là depuis hier ne sont pas très pointues <eos>,14,pointues,pointus,12,M,S,pointues,-10.283152,pointus,-12.798401,1
1355,P_NOUN_9_ADJ_b,F,P,les recettes avec le vase qui étaient là depuis hier ne sont pas très rondes <eos>,14,rondes,ronds,12,M,S,rondes,-13.734163,ronds,-15.0091915,1
1356,P_NOUN_9_ADJ_b,F,P,les recettes avec le vase qui étaient là depuis hier ne sont pas très froides <eos>,14,froides,froids,12,M,S,froides,-7.4645624,froids,-12.742042,1
1357,P_NOUN_9_ADJ_b,F,P,les recettes avec le vase qui étaient là depuis hier ne sont pas très chaudes <eos>,14,chaudes,chauds,12,M,S,chaudes,-8.254384,chauds,-10.076335,1
1358,P_NOUN_9_ADJ_b,F,P,les recettes avec le vase qui étaient là depuis hier ne sont pas très importantes <eos>,14,importantes,importants,12,M,S,importantes,-2.863595,importants,-6.4725246,1
1359,P_NOUN_9_ADJ_b,F,P,les recettes avec le vase qui étaient là depuis hier ne sont pas très courtes <eos>,14,courtes,courts,12,M,S,courtes,-7.8115597,courts,-9.761614,1
1360,P_NOUN_9_ADJ_b,F,P,les recettes avec le vase qui étaient là depuis hier ne sont pas très dures <eos>,14,dures,durs,12,M,S,dures,-5.7939606,durs,-8.075683,1
1361,P_NOUN_9_ADJ_b,F,P,les recettes avec le vase qui étaient là depuis hier ne sont pas très claires <eos>,14,claires,clairs,12,M,S,claires,-4.9521375,clairs,-7.922251,1
1362,P_NOUN_9_ADJ_b,F,P,les recettes avec le vase qui étaient là depuis hier ne sont pas très intéressantes <eos>,14,intéressantes,intéressants,12,M,S,intéressantes,-5.897386,intéressants,-8.934732,1
1363,P_NOUN_9_ADJ_b,F,P,les recettes avec le vase qui étaient là depuis hier ne sont pas très brillantes <eos>,14,brillantes,brillants,12,M,S,brillantes,-7.4744587,brillants,-8.891399,1
1364,P_NOUN_9_ADJ_b,F,P,les recettes avec le vase qui étaient là depuis hier ne sont pas très compliquées <eos>,14,compliquées,compliqués,12,M,S,compliquées,-8.03471,compliqués,-8.805823,1
1365,P_NOUN_9_ADJ_b,F,P,les recettes avec le panier qui étaient là depuis hier ne sont pas très vertes <eos>,14,vertes,verts,12,M,S,vertes,-13.041658,verts,-13.605561,1
1366,P_NOUN_9_ADJ_b,F,P,les recettes avec le panier qui étaient là depuis hier ne sont pas très bleues <eos>,14,bleues,bleus,12,M,S,bleues,-14.870169,bleus,-14.046538,0
1367,P_NOUN_9_ADJ_b,F,P,les recettes avec le panier qui étaient là depuis hier ne sont pas très noires <eos>,14,noires,noirs,12,M,S,noires,-13.131065,noirs,-14.528329,1
1368,P_NOUN_9_ADJ_b,F,P,les recettes avec le panier qui étaient là depuis hier ne sont pas très délicates <eos>,14,délicates,délicats,12,M,S,délicates,-9.484804,délicats,-10.38579,1
1369,P_NOUN_9_ADJ_b,F,P,les recettes avec le panier qui étaient là depuis hier ne sont pas très pointues <eos>,14,pointues,pointus,12,M,S,pointues,-10.436665,pointus,-12.915262,1
1370,P_NOUN_9_ADJ_b,F,P,les recettes avec le panier qui étaient là depuis hier ne sont pas très rondes <eos>,14,rondes,ronds,12,M,S,rondes,-13.626684,ronds,-14.676988,1
1371,P_NOUN_9_ADJ_b,F,P,les recettes avec le panier qui étaient là depuis hier ne sont pas très froides <eos>,14,froides,froids,12,M,S,froides,-7.4265213,froids,-12.999028,1
1372,P_NOUN_9_ADJ_b,F,P,les recettes avec le panier qui étaient là depuis hier ne sont pas très chaudes <eos>,14,chaudes,chauds,12,M,S,chaudes,-9.192951,chauds,-10.382505,1
1373,P_NOUN_9_ADJ_b,F,P,les recettes avec le panier qui étaient là depuis hier ne sont pas très importantes <eos>,14,importantes,importants,12,M,S,importantes,-2.9398973,importants,-6.369978,1
1374,P_NOUN_9_ADJ_b,F,P,les recettes avec le panier qui étaient là depuis hier ne sont pas très courtes <eos>,14,courtes,courts,12,M,S,courtes,-7.463979,courts,-9.041251,1
1375,P_NOUN_9_ADJ_b,F,P,les recettes avec le panier qui étaient là depuis hier ne sont pas très dures <eos>,14,dures,durs,12,M,S,dures,-5.801565,durs,-8.139024,1
1376,P_NOUN_9_ADJ_b,F,P,les recettes avec le panier qui étaient là depuis hier ne sont pas très claires <eos>,14,claires,clairs,12,M,S,claires,-5.814665,clairs,-8.623925,1
1377,P_NOUN_9_ADJ_b,F,P,les recettes avec le panier qui étaient là depuis hier ne sont pas très intéressantes <eos>,14,intéressantes,intéressants,12,M,S,intéressantes,-6.032701,intéressants,-9.122261,1
1378,P_NOUN_9_ADJ_b,F,P,les recettes avec le panier qui étaient là depuis hier ne sont pas très brillantes <eos>,14,brillantes,brillants,12,M,S,brillantes,-8.556689,brillants,-8.781061,1
1379,P_NOUN_9_ADJ_b,F,P,les recettes avec le panier qui étaient là depuis hier ne sont pas très compliquées <eos>,14,compliquées,compliqués,12,M,S,compliquées,-8.22597,compliqués,-8.543469,1
1380,P_NOUN_9_ADJ_b,F,P,les recettes avec le collier qui étaient là depuis hier ne sont pas très vertes <eos>,14,vertes,verts,12,M,S,vertes,-12.719795,verts,-12.768736,1
1381,P_NOUN_9_ADJ_b,F,P,les recettes avec le collier qui étaient là depuis hier ne sont pas très bleues <eos>,14,bleues,bleus,12,M,S,bleues,-13.771633,bleus,-13.327269,0
1382,P_NOUN_9_ADJ_b,F,P,les recettes avec le collier qui étaient là depuis hier ne sont pas très noires <eos>,14,noires,noirs,12,M,S,noires,-12.596737,noirs,-13.858825,1
1383,P_NOUN_9_ADJ_b,F,P,les recettes avec le collier qui étaient là depuis hier ne sont pas très délicates <eos>,14,délicates,délicats,12,M,S,délicates,-8.926139,délicats,-10.434087,1
1384,P_NOUN_9_ADJ_b,F,P,les recettes avec le collier qui étaient là depuis hier ne sont pas très pointues <eos>,14,pointues,pointus,12,M,S,pointues,-9.951025,pointus,-12.515587,1
1385,P_NOUN_9_ADJ_b,F,P,les recettes avec le collier qui étaient là depuis hier ne sont pas très rondes <eos>,14,rondes,ronds,12,M,S,rondes,-13.392393,ronds,-14.562299,1
1386,P_NOUN_9_ADJ_b,F,P,les recettes avec le collier qui étaient là depuis hier ne sont pas très froides <eos>,14,froides,froids,12,M,S,froides,-7.2112556,froids,-12.790724,1
1387,P_NOUN_9_ADJ_b,F,P,les recettes avec le collier qui étaient là depuis hier ne sont pas très chaudes <eos>,14,chaudes,chauds,12,M,S,chaudes,-8.923727,chauds,-10.30757,1
1388,P_NOUN_9_ADJ_b,F,P,les recettes avec le collier qui étaient là depuis hier ne sont pas très importantes <eos>,14,importantes,importants,12,M,S,importantes,-3.282508,importants,-6.521559,1
1389,P_NOUN_9_ADJ_b,F,P,les recettes avec le collier qui étaient là depuis hier ne sont pas très courtes <eos>,14,courtes,courts,12,M,S,courtes,-7.51113,courts,-9.143513,1
1390,P_NOUN_9_ADJ_b,F,P,les recettes avec le collier qui étaient là depuis hier ne sont pas très dures <eos>,14,dures,durs,12,M,S,dures,-5.7608533,durs,-7.947572,1
1391,P_NOUN_9_ADJ_b,F,P,les recettes avec le collier qui étaient là depuis hier ne sont pas très claires <eos>,14,claires,clairs,12,M,S,claires,-4.9504557,clairs,-7.4875593,1
1392,P_NOUN_9_ADJ_b,F,P,les recettes avec le collier qui étaient là depuis hier ne sont pas très intéressantes <eos>,14,intéressantes,intéressants,12,M,S,intéressantes,-5.952205,intéressants,-8.644711,1
1393,P_NOUN_9_ADJ_b,F,P,les recettes avec le collier qui étaient là depuis hier ne sont pas très brillantes <eos>,14,brillantes,brillants,12,M,S,brillantes,-6.9997625,brillants,-8.0739355,1
1394,P_NOUN_9_ADJ_b,F,P,les recettes avec le collier qui étaient là depuis hier ne sont pas très compliquées <eos>,14,compliquées,compliqués,12,M,S,compliquées,-7.659953,compliqués,-8.394857,1
1395,P_NOUN_9_ADJ_b,F,P,les recettes avec le chapeau qui étaient là depuis hier ne sont pas très vertes <eos>,14,vertes,verts,12,M,S,vertes,-12.066084,verts,-12.668678,1
1396,P_NOUN_9_ADJ_b,F,P,les recettes avec le chapeau qui étaient là depuis hier ne sont pas très bleues <eos>,14,bleues,bleus,12,M,S,bleues,-13.059086,bleus,-12.78447,0
1397,P_NOUN_9_ADJ_b,F,P,les recettes avec le chapeau qui étaient là depuis hier ne sont pas très noires <eos>,14,noires,noirs,12,M,S,noires,-11.552106,noirs,-13.206163,1
1398,P_NOUN_9_ADJ_b,F,P,les recettes avec le chapeau qui étaient là depuis hier ne sont pas très délicates <eos>,14,délicates,délicats,12,M,S,délicates,-8.700689,délicats,-10.451952,1
1399,P_NOUN_9_ADJ_b,F,P,les recettes avec le chapeau qui étaient là depuis hier ne sont pas très pointues <eos>,14,pointues,pointus,12,M,S,pointues,-9.456405,pointus,-12.334126,1
1400,P_NOUN_9_ADJ_b,F,P,les recettes avec le chapeau qui étaient là depuis hier ne sont pas très rondes <eos>,14,rondes,ronds,12,M,S,rondes,-12.760843,ronds,-14.142113,1
1401,P_NOUN_9_ADJ_b,F,P,les recettes avec le chapeau qui étaient là depuis hier ne sont pas très froides <eos>,14,froides,froids,12,M,S,froides,-7.14156,froids,-12.974033,1
1402,P_NOUN_9_ADJ_b,F,P,les recettes avec le chapeau qui étaient là depuis hier ne sont pas très chaudes <eos>,14,chaudes,chauds,12,M,S,chaudes,-8.439768,chauds,-10.111267,1
1403,P_NOUN_9_ADJ_b,F,P,les recettes avec le chapeau qui étaient là depuis hier ne sont pas très importantes <eos>,14,importantes,importants,12,M,S,importantes,-3.716621,importants,-7.152616,1
1404,P_NOUN_9_ADJ_b,F,P,les recettes avec le chapeau qui étaient là depuis hier ne sont pas très courtes <eos>,14,courtes,courts,12,M,S,courtes,-7.066143,courts,-9.15456,1
1405,P_NOUN_9_ADJ_b,F,P,les recettes avec le chapeau qui étaient là depuis hier ne sont pas très dures <eos>,14,dures,durs,12,M,S,dures,-5.646238,durs,-7.979922,1
1406,P_NOUN_9_ADJ_b,F,P,les recettes avec le chapeau qui étaient là depuis hier ne sont pas très claires <eos>,14,claires,clairs,12,M,S,claires,-4.24109,clairs,-7.1933174,1
1407,P_NOUN_9_ADJ_b,F,P,les recettes avec le chapeau qui étaient là depuis hier ne sont pas très intéressantes <eos>,14,intéressantes,intéressants,12,M,S,intéressantes,-6.21037,intéressants,-9.042406,1
1408,P_NOUN_9_ADJ_b,F,P,les recettes avec le chapeau qui étaient là depuis hier ne sont pas très brillantes <eos>,14,brillantes,brillants,12,M,S,brillantes,-6.8762302,brillants,-8.3564415,1
1409,P_NOUN_9_ADJ_b,F,P,les recettes avec le chapeau qui étaient là depuis hier ne sont pas très compliquées <eos>,14,compliquées,compliqués,12,M,S,compliquées,-7.868141,compliqués,-8.889207,1
1410,P_NOUN_9_ADJ_b,F,P,les recettes avec le pot qui étaient là depuis hier ne sont pas très vertes <eos>,14,vertes,verts,12,M,S,vertes,-12.505146,verts,-13.200299,1
1411,P_NOUN_9_ADJ_b,F,P,les recettes avec le pot qui étaient là depuis hier ne sont pas très bleues <eos>,14,bleues,bleus,12,M,S,bleues,-14.627897,bleus,-13.827673,0
1412,P_NOUN_9_ADJ_b,F,P,les recettes avec le pot qui étaient là depuis hier ne sont pas très noires <eos>,14,noires,noirs,12,M,S,noires,-12.934832,noirs,-14.427145,1
1413,P_NOUN_9_ADJ_b,F,P,les recettes avec le pot qui étaient là depuis hier ne sont pas très délicates <eos>,14,délicates,délicats,12,M,S,délicates,-9.192419,délicats,-10.317125,1
1414,P_NOUN_9_ADJ_b,F,P,les recettes avec le pot qui étaient là depuis hier ne sont pas très pointues <eos>,14,pointues,pointus,12,M,S,pointues,-10.425856,pointus,-13.142422,1
1415,P_NOUN_9_ADJ_b,F,P,les recettes avec le pot qui étaient là depuis hier ne sont pas très rondes <eos>,14,rondes,ronds,12,M,S,rondes,-13.751926,ronds,-14.954749,1
1416,P_NOUN_9_ADJ_b,F,P,les recettes avec le pot qui étaient là depuis hier ne sont pas très froides <eos>,14,froides,froids,12,M,S,froides,-7.2035933,froids,-12.546814,1
1417,P_NOUN_9_ADJ_b,F,P,les recettes avec le pot qui étaient là depuis hier ne sont pas très chaudes <eos>,14,chaudes,chauds,12,M,S,chaudes,-8.247227,chauds,-10.186283,1
1418,P_NOUN_9_ADJ_b,F,P,les recettes avec le pot qui étaient là depuis hier ne sont pas très importantes <eos>,14,importantes,importants,12,M,S,importantes,-2.8542287,importants,-6.6238766,1
1419,P_NOUN_9_ADJ_b,F,P,les recettes avec le pot qui étaient là depuis hier ne sont pas très courtes <eos>,14,courtes,courts,12,M,S,courtes,-7.9700317,courts,-9.498636,1
1420,P_NOUN_9_ADJ_b,F,P,les recettes avec le pot qui étaient là depuis hier ne sont pas très dures <eos>,14,dures,durs,12,M,S,dures,-6.01579,durs,-8.277612,1
1421,P_NOUN_9_ADJ_b,F,P,les recettes avec le pot qui étaient là depuis hier ne sont pas très claires <eos>,14,claires,clairs,12,M,S,claires,-5.291072,clairs,-8.4077835,1
1422,P_NOUN_9_ADJ_b,F,P,les recettes avec le pot qui étaient là depuis hier ne sont pas très intéressantes <eos>,14,intéressantes,intéressants,12,M,S,intéressantes,-5.83914,intéressants,-9.306124,1
1423,P_NOUN_9_ADJ_b,F,P,les recettes avec le pot qui étaient là depuis hier ne sont pas très brillantes <eos>,14,brillantes,brillants,12,M,S,brillantes,-7.962061,brillants,-8.702683,1
1424,P_NOUN_9_ADJ_b,F,P,les recettes avec le pot qui étaient là depuis hier ne sont pas très compliquées <eos>,14,compliquées,compliqués,12,M,S,compliquées,-8.449894,compliqués,-8.965666,1
1425,P_NOUN_9_ADJ_b,F,P,les recettes avec le coussin qui étaient là depuis hier ne sont pas très vertes <eos>,14,vertes,verts,12,M,S,vertes,-12.808602,verts,-13.534142,1
1426,P_NOUN_9_ADJ_b,F,P,les recettes avec le coussin qui étaient là depuis hier ne sont pas très bleues <eos>,14,bleues,bleus,12,M,S,bleues,-14.04272,bleus,-13.508513,0
1427,P_NOUN_9_ADJ_b,F,P,les recettes avec le coussin qui étaient là depuis hier ne sont pas très noires <eos>,14,noires,noirs,12,M,S,noires,-12.665066,noirs,-14.101809,1
1428,P_NOUN_9_ADJ_b,F,P,les recettes avec le coussin qui étaient là depuis hier ne sont pas très délicates <eos>,14,délicates,délicats,12,M,S,délicates,-9.449243,délicats,-10.445853,1
1429,P_NOUN_9_ADJ_b,F,P,les recettes avec le coussin qui étaient là depuis hier ne sont pas très pointues <eos>,14,pointues,pointus,12,M,S,pointues,-9.845478,pointus,-12.567224,1
1430,P_NOUN_9_ADJ_b,F,P,les recettes avec le coussin qui étaient là depuis hier ne sont pas très rondes <eos>,14,rondes,ronds,12,M,S,rondes,-13.192576,ronds,-14.439694,1
1431,P_NOUN_9_ADJ_b,F,P,les recettes avec le coussin qui étaient là depuis hier ne sont pas très froides <eos>,14,froides,froids,12,M,S,froides,-7.3547573,froids,-12.809712,1
1432,P_NOUN_9_ADJ_b,F,P,les recettes avec le coussin qui étaient là depuis hier ne sont pas très chaudes <eos>,14,chaudes,chauds,12,M,S,chaudes,-9.191238,chauds,-10.49876,1
1433,P_NOUN_9_ADJ_b,F,P,les recettes avec le coussin qui étaient là depuis hier ne sont pas très importantes <eos>,14,importantes,importants,12,M,S,importantes,-3.5107994,importants,-6.8470974,1
1434,P_NOUN_9_ADJ_b,F,P,les recettes avec le coussin qui étaient là depuis hier ne sont pas très courtes <eos>,14,courtes,courts,12,M,S,courtes,-6.40976,courts,-8.792826,1
1435,P_NOUN_9_ADJ_b,F,P,les recettes avec le coussin qui étaient là depuis hier ne sont pas très dures <eos>,14,dures,durs,12,M,S,dures,-5.5755596,durs,-7.8825426,1
1436,P_NOUN_9_ADJ_b,F,P,les recettes avec le coussin qui étaient là depuis hier ne sont pas très claires <eos>,14,claires,clairs,12,M,S,claires,-5.205885,clairs,-7.7844286,1
1437,P_NOUN_9_ADJ_b,F,P,les recettes avec le coussin qui étaient là depuis hier ne sont pas très intéressantes <eos>,14,intéressantes,intéressants,12,M,S,intéressantes,-6.325142,intéressants,-9.177175,1
1438,P_NOUN_9_ADJ_b,F,P,les recettes avec le coussin qui étaient là depuis hier ne sont pas très brillantes <eos>,14,brillantes,brillants,12,M,S,brillantes,-7.8863134,brillants,-8.96758,1
1439,P_NOUN_9_ADJ_b,F,P,les recettes avec le coussin qui étaient là depuis hier ne sont pas très compliquées <eos>,14,compliquées,compliqués,12,M,S,compliquées,-7.2255354,compliqués,-8.1207285,1
1440,P_NOUN_9_ADJ_b,F,P,les recettes avec le jouet qui étaient là depuis hier ne sont pas très vertes <eos>,14,vertes,verts,12,M,S,vertes,-12.674707,verts,-13.076447,1
1441,P_NOUN_9_ADJ_b,F,P,les recettes avec le jouet qui étaient là depuis hier ne sont pas très bleues <eos>,14,bleues,bleus,12,M,S,bleues,-14.128934,bleus,-13.690524,0
1442,P_NOUN_9_ADJ_b,F,P,les recettes avec le jouet qui étaient là depuis hier ne sont pas très noires <eos>,14,noires,noirs,12,M,S,noires,-12.701875,noirs,-14.148516,1
1443,P_NOUN_9_ADJ_b,F,P,les recettes avec le jouet qui étaient là depuis hier ne sont pas très délicates <eos>,14,délicates,délicats,12,M,S,délicates,-8.901803,délicats,-10.238464,1
1444,P_NOUN_9_ADJ_b,F,P,les recettes avec le jouet qui étaient là depuis hier ne sont pas très pointues <eos>,14,pointues,pointus,12,M,S,pointues,-10.064146,pointus,-12.689074,1
1445,P_NOUN_9_ADJ_b,F,P,les recettes avec le jouet qui étaient là depuis hier ne sont pas très rondes <eos>,14,rondes,ronds,12,M,S,rondes,-13.256647,ronds,-14.8671055,1
1446,P_NOUN_9_ADJ_b,F,P,les recettes avec le jouet qui étaient là depuis hier ne sont pas très froides <eos>,14,froides,froids,12,M,S,froides,-7.3558693,froids,-12.688128,1
1447,P_NOUN_9_ADJ_b,F,P,les recettes avec le jouet qui étaient là depuis hier ne sont pas très chaudes <eos>,14,chaudes,chauds,12,M,S,chaudes,-8.939831,chauds,-10.7405205,1
1448,P_NOUN_9_ADJ_b,F,P,les recettes avec le jouet qui étaient là depuis hier ne sont pas très importantes <eos>,14,importantes,importants,12,M,S,importantes,-3.424747,importants,-6.852368,1
1449,P_NOUN_9_ADJ_b,F,P,les recettes avec le jouet qui étaient là depuis hier ne sont pas très courtes <eos>,14,courtes,courts,12,M,S,courtes,-7.232524,courts,-9.236137,1
1450,P_NOUN_9_ADJ_b,F,P,les recettes avec le jouet qui étaient là depuis hier ne sont pas très dures <eos>,14,dures,durs,12,M,S,dures,-5.754163,durs,-7.906644,1
1451,P_NOUN_9_ADJ_b,F,P,les recettes avec le jouet qui étaient là depuis hier ne sont pas très claires <eos>,14,claires,clairs,12,M,S,claires,-4.7099586,clairs,-7.8528666,1
1452,P_NOUN_9_ADJ_b,F,P,les recettes avec le jouet qui étaient là depuis hier ne sont pas très intéressantes <eos>,14,intéressantes,intéressants,12,M,S,intéressantes,-6.1909447,intéressants,-9.018472,1
1453,P_NOUN_9_ADJ_b,F,P,les recettes avec le jouet qui étaient là depuis hier ne sont pas très brillantes <eos>,14,brillantes,brillants,12,M,S,brillantes,-7.572034,brillants,-8.790151,1
1454,P_NOUN_9_ADJ_b,F,P,les recettes avec le jouet qui étaient là depuis hier ne sont pas très compliquées <eos>,14,compliquées,compliqués,12,M,S,compliquées,-7.5847673,compliqués,-8.432524,1
1455,P_NOUN_9_ADJ_b,F,P,les recettes avec le clou qui étaient là depuis hier ne sont pas très vertes <eos>,14,vertes,verts,12,M,S,vertes,-12.388879,verts,-12.837142,1
1456,P_NOUN_9_ADJ_b,F,P,les recettes avec le clou qui étaient là depuis hier ne sont pas très bleues <eos>,14,bleues,bleus,12,M,S,bleues,-13.47101,bleus,-12.991173,0
1457,P_NOUN_9_ADJ_b,F,P,les recettes avec le clou qui étaient là depuis hier ne sont pas très noires <eos>,14,noires,noirs,12,M,S,noires,-12.532478,noirs,-14.212698,1
1458,P_NOUN_9_ADJ_b,F,P,les recettes avec le clou qui étaient là depuis hier ne sont pas très délicates <eos>,14,délicates,délicats,12,M,S,délicates,-8.602523,délicats,-10.156393,1
1459,P_NOUN_9_ADJ_b,F,P,les recettes avec le clou qui étaient là depuis hier ne sont pas très pointues <eos>,14,pointues,pointus,12,M,S,pointues,-10.168119,pointus,-12.398342,1
1460,P_NOUN_9_ADJ_b,F,P,les recettes avec le clou qui étaient là depuis hier ne sont pas très rondes <eos>,14,rondes,ronds,12,M,S,rondes,-13.186531,ronds,-14.153336,1
1461,P_NOUN_9_ADJ_b,F,P,les recettes avec le clou qui étaient là depuis hier ne sont pas très froides <eos>,14,froides,froids,12,M,S,froides,-7.259621,froids,-12.924467,1
1462,P_NOUN_9_ADJ_b,F,P,les recettes avec le clou qui étaient là depuis hier ne sont pas très chaudes <eos>,14,chaudes,chauds,12,M,S,chaudes,-9.052061,chauds,-10.555792,1
1463,P_NOUN_9_ADJ_b,F,P,les recettes avec le clou qui étaient là depuis hier ne sont pas très importantes <eos>,14,importantes,importants,12,M,S,importantes,-3.4704952,importants,-6.920536,1
1464,P_NOUN_9_ADJ_b,F,P,les recettes avec le clou qui étaient là depuis hier ne sont pas très courtes <eos>,14,courtes,courts,12,M,S,courtes,-7.1072702,courts,-9.193703,1
1465,P_NOUN_9_ADJ_b,F,P,les recettes avec le clou qui étaient là depuis hier ne sont pas très dures <eos>,14,dures,durs,12,M,S,dures,-5.977669,durs,-8.26433,1
1466,P_NOUN_9_ADJ_b,F,P,les recettes avec le clou qui étaient là depuis hier ne sont pas très claires <eos>,14,claires,clairs,12,M,S,claires,-5.110134,clairs,-7.6583385,1
1467,P_NOUN_9_ADJ_b,F,P,les recettes avec le clou qui étaient là depuis hier ne sont pas très intéressantes <eos>,14,intéressantes,intéressants,12,M,S,intéressantes,-5.8690844,intéressants,-8.943106,1
1468,P_NOUN_9_ADJ_b,F,P,les recettes avec le clou qui étaient là depuis hier ne sont pas très brillantes <eos>,14,brillantes,brillants,12,M,S,brillantes,-7.4657454,brillants,-8.595821,1
1469,P_NOUN_9_ADJ_b,F,P,les recettes avec le clou qui étaient là depuis hier ne sont pas très compliquées <eos>,14,compliquées,compliqués,12,M,S,compliquées,-7.6144104,compliqués,-8.288008,1
1470,P_NOUN_9_ADJ_b,F,P,les recettes avec le billet qui étaient là depuis hier ne sont pas très vertes <eos>,14,vertes,verts,12,M,S,vertes,-12.954209,verts,-13.495833,1
1471,P_NOUN_9_ADJ_b,F,P,les recettes avec le billet qui étaient là depuis hier ne sont pas très bleues <eos>,14,bleues,bleus,12,M,S,bleues,-14.3081875,bleus,-13.709604,0
1472,P_NOUN_9_ADJ_b,F,P,les recettes avec le billet qui étaient là depuis hier ne sont pas très noires <eos>,14,noires,noirs,12,M,S,noires,-13.156091,noirs,-14.136335,1
1473,P_NOUN_9_ADJ_b,F,P,les recettes avec le billet qui étaient là depuis hier ne sont pas très délicates <eos>,14,délicates,délicats,12,M,S,délicates,-9.439063,délicats,-10.88419,1
1474,P_NOUN_9_ADJ_b,F,P,les recettes avec le billet qui étaient là depuis hier ne sont pas très pointues <eos>,14,pointues,pointus,12,M,S,pointues,-10.333131,pointus,-13.091236,1
1475,P_NOUN_9_ADJ_b,F,P,les recettes avec le billet qui étaient là depuis hier ne sont pas très rondes <eos>,14,rondes,ronds,12,M,S,rondes,-13.818588,ronds,-14.972176,1
1476,P_NOUN_9_ADJ_b,F,P,les recettes avec le billet qui étaient là depuis hier ne sont pas très froides <eos>,14,froides,froids,12,M,S,froides,-7.5783806,froids,-13.185862,1
1477,P_NOUN_9_ADJ_b,F,P,les recettes avec le billet qui étaient là depuis hier ne sont pas très chaudes <eos>,14,chaudes,chauds,12,M,S,chaudes,-9.710131,chauds,-10.96298,1
1478,P_NOUN_9_ADJ_b,F,P,les recettes avec le billet qui étaient là depuis hier ne sont pas très importantes <eos>,14,importantes,importants,12,M,S,importantes,-3.1273468,importants,-6.545004,1
1479,P_NOUN_9_ADJ_b,F,P,les recettes avec le billet qui étaient là depuis hier ne sont pas très courtes <eos>,14,courtes,courts,12,M,S,courtes,-7.078388,courts,-9.268829,1
1480,P_NOUN_9_ADJ_b,F,P,les recettes avec le billet qui étaient là depuis hier ne sont pas très dures <eos>,14,dures,durs,12,M,S,dures,-6.080285,durs,-8.48288,1
1481,P_NOUN_9_ADJ_b,F,P,les recettes avec le billet qui étaient là depuis hier ne sont pas très claires <eos>,14,claires,clairs,12,M,S,claires,-5.961953,clairs,-8.260924,1
1482,P_NOUN_9_ADJ_b,F,P,les recettes avec le billet qui étaient là depuis hier ne sont pas très intéressantes <eos>,14,intéressantes,intéressants,12,M,S,intéressantes,-5.9964786,intéressants,-8.776678,1
1483,P_NOUN_9_ADJ_b,F,P,les recettes avec le billet qui étaient là depuis hier ne sont pas très brillantes <eos>,14,brillantes,brillants,12,M,S,brillantes,-8.0168295,brillants,-8.660167,1
1484,P_NOUN_9_ADJ_b,F,P,les recettes avec le billet qui étaient là depuis hier ne sont pas très compliquées <eos>,14,compliquées,compliqués,12,M,S,compliquées,-7.910844,compliqués,-8.750149,1
1485,P_NOUN_9_ADJ_b,F,P,les recettes avec le légume qui étaient là depuis hier ne sont pas très vertes <eos>,14,vertes,verts,12,M,S,vertes,-12.674562,verts,-13.173173,1
1486,P_NOUN_9_ADJ_b,F,P,les recettes avec le légume qui étaient là depuis hier ne sont pas très bleues <eos>,14,bleues,bleus,12,M,S,bleues,-14.489658,bleus,-13.841873,0
1487,P_NOUN_9_ADJ_b,F,P,les recettes avec le légume qui étaient là depuis hier ne sont pas très noires <eos>,14,noires,noirs,12,M,S,noires,-12.800594,noirs,-14.189862,1
1488,P_NOUN_9_ADJ_b,F,P,les recettes avec le légume qui étaient là depuis hier ne sont pas très délicates <eos>,14,délicates,délicats,12,M,S,délicates,-8.449683,délicats,-10.2118635,1
1489,P_NOUN_9_ADJ_b,F,P,les recettes avec le légume qui étaient là depuis hier ne sont pas très pointues <eos>,14,pointues,pointus,12,M,S,pointues,-10.520197,pointus,-13.747816,1
1490,P_NOUN_9_ADJ_b,F,P,les recettes avec le légume qui étaient là depuis hier ne sont pas très rondes <eos>,14,rondes,ronds,12,M,S,rondes,-13.390559,ronds,-14.789039,1
1491,P_NOUN_9_ADJ_b,F,P,les recettes avec le légume qui étaient là depuis hier ne sont pas très froides <eos>,14,froides,froids,12,M,S,froides,-6.5781307,froids,-11.511802,1
1492,P_NOUN_9_ADJ_b,F,P,les recettes avec le légume qui étaient là depuis hier ne sont pas très chaudes <eos>,14,chaudes,chauds,12,M,S,chaudes,-7.2222395,chauds,-9.959363,1
1493,P_NOUN_9_ADJ_b,F,P,les recettes avec le légume qui étaient là depuis hier ne sont pas très importantes <eos>,14,importantes,importants,12,M,S,importantes,-2.8527482,importants,-6.8345757,1
1494,P_NOUN_9_ADJ_b,F,P,les recettes avec le légume qui étaient là depuis hier ne sont pas très courtes <eos>,14,courtes,courts,12,M,S,courtes,-7.957324,courts,-10.190584,1
1495,P_NOUN_9_ADJ_b,F,P,les recettes avec le légume qui étaient là depuis hier ne sont pas très dures <eos>,14,dures,durs,12,M,S,dures,-5.5196958,durs,-8.665234,1
1496,P_NOUN_9_ADJ_b,F,P,les recettes avec le légume qui étaient là depuis hier ne sont pas très claires <eos>,14,claires,clairs,12,M,S,claires,-4.5348606,clairs,-8.48971,1
1497,P_NOUN_9_ADJ_b,F,P,les recettes avec le légume qui étaient là depuis hier ne sont pas très intéressantes <eos>,14,intéressantes,intéressants,12,M,S,intéressantes,-6.3918853,intéressants,-9.946638,1
1498,P_NOUN_9_ADJ_b,F,P,les recettes avec le légume qui étaient là depuis hier ne sont pas très brillantes <eos>,14,brillantes,brillants,12,M,S,brillantes,-7.3048115,brillants,-8.970417,1
1499,P_NOUN_9_ADJ_b,F,P,les recettes avec le légume qui étaient là depuis hier ne sont pas très compliquées <eos>,14,compliquées,compliqués,12,M,S,compliquées,-8.583337,compliqués,-9.835132,1
1500,P_NOUN_9_ADJ_b,F,P,les jupes avec le bracelet qui étaient là depuis hier ne sont pas très vertes <eos>,14,vertes,verts,12,M,S,vertes,-10.313042,verts,-9.192274,0
1501,P_NOUN_9_ADJ_b,F,P,les jupes avec le bracelet qui étaient là depuis hier ne sont pas très bleues <eos>,14,bleues,bleus,12,M,S,bleues,-10.619896,bleus,-9.963989,0
1502,P_NOUN_9_ADJ_b,F,P,les jupes avec le bracelet qui étaient là depuis hier ne sont pas très noires <eos>,14,noires,noirs,12,M,S,noires,-9.395462,noirs,-10.864127,1
1503,P_NOUN_9_ADJ_b,F,P,les jupes avec le bracelet qui étaient là depuis hier ne sont pas très délicates <eos>,14,délicates,délicats,12,M,S,délicates,-8.248386,délicats,-9.348438,1
1504,P_NOUN_9_ADJ_b,F,P,les jupes avec le bracelet qui étaient là depuis hier ne sont pas très pointues <eos>,14,pointues,pointus,12,M,S,pointues,-8.9017725,pointus,-10.514778,1
1505,P_NOUN_9_ADJ_b,F,P,les jupes avec le bracelet qui étaient là depuis hier ne sont pas très rondes <eos>,14,rondes,ronds,12,M,S,rondes,-10.519808,ronds,-11.949551,1
1506,P_NOUN_9_ADJ_b,F,P,les jupes avec le bracelet qui étaient là depuis hier ne sont pas très froides <eos>,14,froides,froids,12,M,S,froides,-5.472932,froids,-10.466627,1
1507,P_NOUN_9_ADJ_b,F,P,les jupes avec le bracelet qui étaient là depuis hier ne sont pas très chaudes <eos>,14,chaudes,chauds,12,M,S,chaudes,-7.5023947,chauds,-8.085633,1
1508,P_NOUN_9_ADJ_b,F,P,les jupes avec le bracelet qui étaient là depuis hier ne sont pas très importantes <eos>,14,importantes,importants,12,M,S,importantes,-5.836382,importants,-7.087882,1
1509,P_NOUN_9_ADJ_b,F,P,les jupes avec le bracelet qui étaient là depuis hier ne sont pas très courtes <eos>,14,courtes,courts,12,M,S,courtes,-6.808503,courts,-7.1236305,1
1510,P_NOUN_9_ADJ_b,F,P,les jupes avec le bracelet qui étaient là depuis hier ne sont pas très dures <eos>,14,dures,durs,12,M,S,dures,-5.5838575,durs,-6.203017,1
1511,P_NOUN_9_ADJ_b,F,P,les jupes avec le bracelet qui étaient là depuis hier ne sont pas très claires <eos>,14,claires,clairs,12,M,S,claires,-4.578105,clairs,-5.300045,1
1512,P_NOUN_9_ADJ_b,F,P,les jupes avec le bracelet qui étaient là depuis hier ne sont pas très intéressantes <eos>,14,intéressantes,intéressants,12,M,S,intéressantes,-6.6496296,intéressants,-7.2085533,1
1513,P_NOUN_9_ADJ_b,F,P,les jupes avec le bracelet qui étaient là depuis hier ne sont pas très brillantes <eos>,14,brillantes,brillants,12,M,S,brillantes,-7.1509295,brillants,-7.4788303,1
1514,P_NOUN_9_ADJ_b,F,P,les jupes avec le bracelet qui étaient là depuis hier ne sont pas très compliquées <eos>,14,compliquées,compliqués,12,M,S,compliquées,-6.691412,compliqués,-6.651864,0
1515,P_NOUN_9_ADJ_b,F,P,les jupes avec le miroir qui étaient là depuis hier ne sont pas très vertes <eos>,14,vertes,verts,12,M,S,vertes,-9.984187,verts,-10.72776,1
1516,P_NOUN_9_ADJ_b,F,P,les jupes avec le miroir qui étaient là depuis hier ne sont pas très bleues <eos>,14,bleues,bleus,12,M,S,bleues,-10.224802,bleus,-10.563442,1
1517,P_NOUN_9_ADJ_b,F,P,les jupes avec le miroir qui étaient là depuis hier ne sont pas très noires <eos>,14,noires,noirs,12,M,S,noires,-8.76685,noirs,-11.165371,1
1518,P_NOUN_9_ADJ_b,F,P,les jupes avec le miroir qui étaient là depuis hier ne sont pas très délicates <eos>,14,délicates,délicats,12,M,S,délicates,-8.31679,délicats,-9.398491,1
1519,P_NOUN_9_ADJ_b,F,P,les jupes avec le miroir qui étaient là depuis hier ne sont pas très pointues <eos>,14,pointues,pointus,12,M,S,pointues,-8.548467,pointus,-10.451079,1
1520,P_NOUN_9_ADJ_b,F,P,les jupes avec le miroir qui étaient là depuis hier ne sont pas très rondes <eos>,14,rondes,ronds,12,M,S,rondes,-9.893247,ronds,-11.649471,1
1521,P_NOUN_9_ADJ_b,F,P,les jupes avec le miroir qui étaient là depuis hier ne sont pas très froides <eos>,14,froides,froids,12,M,S,froides,-5.6675296,froids,-11.047045,1
1522,P_NOUN_9_ADJ_b,F,P,les jupes avec le miroir qui étaient là depuis hier ne sont pas très chaudes <eos>,14,chaudes,chauds,12,M,S,chaudes,-7.3694067,chauds,-9.127624,1
1523,P_NOUN_9_ADJ_b,F,P,les jupes avec le miroir qui étaient là depuis hier ne sont pas très importantes <eos>,14,importantes,importants,12,M,S,importantes,-5.698427,importants,-8.133024,1
1524,P_NOUN_9_ADJ_b,F,P,les jupes avec le miroir qui étaient là depuis hier ne sont pas très courtes <eos>,14,courtes,courts,12,M,S,courtes,-5.5528126,courts,-7.476246,1
1525,P_NOUN_9_ADJ_b,F,P,les jupes avec le miroir qui étaient là depuis hier ne sont pas très dures <eos>,14,dures,durs,12,M,S,dures,-5.9028625,durs,-7.184252,1
1526,P_NOUN_9_ADJ_b,F,P,les jupes avec le miroir qui étaient là depuis hier ne sont pas très claires <eos>,14,claires,clairs,12,M,S,claires,-4.3664227,clairs,-6.0928,1
1527,P_NOUN_9_ADJ_b,F,P,les jupes avec le miroir qui étaient là depuis hier ne sont pas très intéressantes <eos>,14,intéressantes,intéressants,12,M,S,intéressantes,-6.927563,intéressants,-8.359543,1
1528,P_NOUN_9_ADJ_b,F,P,les jupes avec le miroir qui étaient là depuis hier ne sont pas très brillantes <eos>,14,brillantes,brillants,12,M,S,brillantes,-6.663571,brillants,-8.735392,1
1529,P_NOUN_9_ADJ_b,F,P,les jupes avec le miroir qui étaient là depuis hier ne sont pas très compliquées <eos>,14,compliquées,compliqués,12,M,S,compliquées,-6.359827,compliqués,-6.9032536,1
1530,P_NOUN_9_ADJ_b,F,P,les jupes avec le crayon qui étaient là depuis hier ne sont pas très vertes <eos>,14,vertes,verts,12,M,S,vertes,-9.587777,verts,-10.137811,1
1531,P_NOUN_9_ADJ_b,F,P,les jupes avec le crayon qui étaient là depuis hier ne sont pas très bleues <eos>,14,bleues,bleus,12,M,S,bleues,-10.095749,bleus,-10.364567,1
1532,P_NOUN_9_ADJ_b,F,P,les jupes avec le crayon qui étaient là depuis hier ne sont pas très noires <eos>,14,noires,noirs,12,M,S,noires,-9.0127325,noirs,-11.204147,1
1533,P_NOUN_9_ADJ_b,F,P,les jupes avec le crayon qui étaient là depuis hier ne sont pas très délicates <eos>,14,délicates,délicats,12,M,S,délicates,-8.079826,délicats,-8.894578,1
1534,P_NOUN_9_ADJ_b,F,P,les jupes avec le crayon qui étaient là depuis hier ne sont pas très pointues <eos>,14,pointues,pointus,12,M,S,pointues,-9.294558,pointus,-10.79977,1
1535,P_NOUN_9_ADJ_b,F,P,les jupes avec le crayon qui étaient là depuis hier ne sont pas très rondes <eos>,14,rondes,ronds,12,M,S,rondes,-10.620238,ronds,-11.407261,1
1536,P_NOUN_9_ADJ_b,F,P,les jupes avec le crayon qui étaient là depuis hier ne sont pas très froides <eos>,14,froides,froids,12,M,S,froides,-5.584435,froids,-10.670483,1
1537,P_NOUN_9_ADJ_b,F,P,les jupes avec le crayon qui étaient là depuis hier ne sont pas très chaudes <eos>,14,chaudes,chauds,12,M,S,chaudes,-7.281976,chauds,-8.897963,1
1538,P_NOUN_9_ADJ_b,F,P,les jupes avec le crayon qui étaient là depuis hier ne sont pas très importantes <eos>,14,importantes,importants,12,M,S,importantes,-5.8544984,importants,-8.228189,1
1539,P_NOUN_9_ADJ_b,F,P,les jupes avec le crayon qui étaient là depuis hier ne sont pas très courtes <eos>,14,courtes,courts,12,M,S,courtes,-6.0810356,courts,-7.533308,1
1540,P_NOUN_9_ADJ_b,F,P,les jupes avec le crayon qui étaient là depuis hier ne sont pas très dures <eos>,14,dures,durs,12,M,S,dures,-5.55542,durs,-6.7302456,1
1541,P_NOUN_9_ADJ_b,F,P,les jupes avec le crayon qui étaient là depuis hier ne sont pas très claires <eos>,14,claires,clairs,12,M,S,claires,-4.0443926,clairs,-5.263878,1
1542,P_NOUN_9_ADJ_b,F,P,les jupes avec le crayon qui étaient là depuis hier ne sont pas très intéressantes <eos>,14,intéressantes,intéressants,12,M,S,intéressantes,-6.7330894,intéressants,-8.267988,1
1543,P_NOUN_9_ADJ_b,F,P,les jupes avec le crayon qui étaient là depuis hier ne sont pas très brillantes <eos>,14,brillantes,brillants,12,M,S,brillantes,-6.48297,brillants,-8.226076,1
1544,P_NOUN_9_ADJ_b,F,P,les jupes avec le crayon qui étaient là depuis hier ne sont pas très compliquées <eos>,14,compliquées,compliqués,12,M,S,compliquées,-6.828457,compliqués,-6.9240837,1
1545,P_NOUN_9_ADJ_b,F,P,les jupes avec le rideau qui étaient là depuis hier ne sont pas très vertes <eos>,14,vertes,verts,12,M,S,vertes,-10.308135,verts,-10.390209,1
1546,P_NOUN_9_ADJ_b,F,P,les jupes avec le rideau qui étaient là depuis hier ne sont pas très bleues <eos>,14,bleues,bleus,12,M,S,bleues,-9.918027,bleus,-10.069924,1
1547,P_NOUN_9_ADJ_b,F,P,les jupes avec le rideau qui étaient là depuis hier ne sont pas très noires <eos>,14,noires,noirs,12,M,S,noires,-8.5447445,noirs,-10.902105,1
1548,P_NOUN_9_ADJ_b,F,P,les jupes avec le rideau qui étaient là depuis hier ne sont pas très délicates <eos>,14,délicates,délicats,12,M,S,délicates,-8.107019,délicats,-9.395704,1
1549,P_NOUN_9_ADJ_b,F,P,les jupes avec le rideau qui étaient là depuis hier ne sont pas très pointues <eos>,14,pointues,pointus,12,M,S,pointues,-8.656398,pointus,-10.943824,1
1550,P_NOUN_9_ADJ_b,F,P,les jupes avec le rideau qui étaient là depuis hier ne sont pas très rondes <eos>,14,rondes,ronds,12,M,S,rondes,-9.922331,ronds,-11.354968,1
1551,P_NOUN_9_ADJ_b,F,P,les jupes avec le rideau qui étaient là depuis hier ne sont pas très froides <eos>,14,froides,froids,12,M,S,froides,-5.641571,froids,-10.654728,1
1552,P_NOUN_9_ADJ_b,F,P,les jupes avec le rideau qui étaient là depuis hier ne sont pas très chaudes <eos>,14,chaudes,chauds,12,M,S,chaudes,-7.5076466,chauds,-8.962274,1
1553,P_NOUN_9_ADJ_b,F,P,les jupes avec le rideau qui étaient là depuis hier ne sont pas très importantes <eos>,14,importantes,importants,12,M,S,importantes,-5.6089764,importants,-7.9852924,1
1554,P_NOUN_9_ADJ_b,F,P,les jupes avec le rideau qui étaient là depuis hier ne sont pas très courtes <eos>,14,courtes,courts,12,M,S,courtes,-5.6941223,courts,-7.374875,1
1555,P_NOUN_9_ADJ_b,F,P,les jupes avec le rideau qui étaient là depuis hier ne sont pas très dures <eos>,14,dures,durs,12,M,S,dures,-5.276153,durs,-6.8142867,1
1556,P_NOUN_9_ADJ_b,F,P,les jupes avec le rideau qui étaient là depuis hier ne sont pas très claires <eos>,14,claires,clairs,12,M,S,claires,-4.2434096,clairs,-5.7284284,1
1557,P_NOUN_9_ADJ_b,F,P,les jupes avec le rideau qui étaient là depuis hier ne sont pas très intéressantes <eos>,14,intéressantes,intéressants,12,M,S,intéressantes,-6.994401,intéressants,-8.471704,1
1558,P_NOUN_9_ADJ_b,F,P,les jupes avec le rideau qui étaient là depuis hier ne sont pas très brillantes <eos>,14,brillantes,brillants,12,M,S,brillantes,-6.6539683,brillants,-8.75687,1
1559,P_NOUN_9_ADJ_b,F,P,les jupes avec le rideau qui étaient là depuis hier ne sont pas très compliquées <eos>,14,compliquées,compliqués,12,M,S,compliquées,-6.751235,compliqués,-7.4076433,1
1560,P_NOUN_9_ADJ_b,F,P,les jupes avec le cahier qui étaient là depuis hier ne sont pas très vertes <eos>,14,vertes,verts,12,M,S,vertes,-10.282778,verts,-9.902274,0
1561,P_NOUN_9_ADJ_b,F,P,les jupes avec le cahier qui étaient là depuis hier ne sont pas très bleues <eos>,14,bleues,bleus,12,M,S,bleues,-10.417114,bleus,-10.010964,0
1562,P_NOUN_9_ADJ_b,F,P,les jupes avec le cahier qui étaient là depuis hier ne sont pas très noires <eos>,14,noires,noirs,12,M,S,noires,-9.151338,noirs,-10.567124,1
1563,P_NOUN_9_ADJ_b,F,P,les jupes avec le cahier qui étaient là depuis hier ne sont pas très délicates <eos>,14,délicates,délicats,12,M,S,délicates,-8.164426,délicats,-8.887701,1
1564,P_NOUN_9_ADJ_b,F,P,les jupes avec le cahier qui étaient là depuis hier ne sont pas très pointues <eos>,14,pointues,pointus,12,M,S,pointues,-9.078162,pointus,-10.216232,1
1565,P_NOUN_9_ADJ_b,F,P,les jupes avec le cahier qui étaient là depuis hier ne sont pas très rondes <eos>,14,rondes,ronds,12,M,S,rondes,-10.041145,ronds,-11.125036,1
1566,P_NOUN_9_ADJ_b,F,P,les jupes avec le cahier qui étaient là depuis hier ne sont pas très froides <eos>,14,froides,froids,12,M,S,froides,-5.673405,froids,-10.136852,1
1567,P_NOUN_9_ADJ_b,F,P,les jupes avec le cahier qui étaient là depuis hier ne sont pas très chaudes <eos>,14,chaudes,chauds,12,M,S,chaudes,-7.6318073,chauds,-8.320061,1
1568,P_NOUN_9_ADJ_b,F,P,les jupes avec le cahier qui étaient là depuis hier ne sont pas très importantes <eos>,14,importantes,importants,12,M,S,importantes,-6.1832,importants,-7.13914,1
1569,P_NOUN_9_ADJ_b,F,P,les jupes avec le cahier qui étaient là depuis hier ne sont pas très courtes <eos>,14,courtes,courts,12,M,S,courtes,-5.799143,courts,-6.560321,1
1570,P_NOUN_9_ADJ_b,F,P,les jupes avec le cahier qui étaient là depuis hier ne sont pas très dures <eos>,14,dures,durs,12,M,S,dures,-5.5145254,durs,-6.465954,1
1571,P_NOUN_9_ADJ_b,F,P,les jupes avec le cahier qui étaient là depuis hier ne sont pas très claires <eos>,14,claires,clairs,12,M,S,claires,-4.460293,clairs,-5.024747,1
1572,P_NOUN_9_ADJ_b,F,P,les jupes avec le cahier qui étaient là depuis hier ne sont pas très intéressantes <eos>,14,intéressantes,intéressants,12,M,S,intéressantes,-6.937819,intéressants,-7.383928,1
1573,P_NOUN_9_ADJ_b,F,P,les jupes avec le cahier qui étaient là depuis hier ne sont pas très brillantes <eos>,14,brillantes,brillants,12,M,S,brillantes,-7.1423845,brillants,-8.117553,1
1574,P_NOUN_9_ADJ_b,F,P,les jupes avec le cahier qui étaient là depuis hier ne sont pas très compliquées <eos>,14,compliquées,compliqués,12,M,S,compliquées,-6.7228775,compliqués,-6.622838,0
1575,P_NOUN_9_ADJ_b,F,P,les jupes avec le micro qui étaient là depuis hier ne sont pas très vertes <eos>,14,vertes,verts,12,M,S,vertes,-10.327355,verts,-10.66346,1
1576,P_NOUN_9_ADJ_b,F,P,les jupes avec le micro qui étaient là depuis hier ne sont pas très bleues <eos>,14,bleues,bleus,12,M,S,bleues,-10.099552,bleus,-10.241813,1
1577,P_NOUN_9_ADJ_b,F,P,les jupes avec le micro qui étaient là depuis hier ne sont pas très noires <eos>,14,noires,noirs,12,M,S,noires,-8.707542,noirs,-10.959565,1
1578,P_NOUN_9_ADJ_b,F,P,les jupes avec le micro qui étaient là depuis hier ne sont pas très délicates <eos>,14,délicates,délicats,12,M,S,délicates,-8.507599,délicats,-9.650808,1
1579,P_NOUN_9_ADJ_b,F,P,les jupes avec le micro qui étaient là depuis hier ne sont pas très pointues <eos>,14,pointues,pointus,12,M,S,pointues,-8.572854,pointus,-10.881794,1
1580,P_NOUN_9_ADJ_b,F,P,les jupes avec le micro qui étaient là depuis hier ne sont pas très rondes <eos>,14,rondes,ronds,12,M,S,rondes,-9.91492,ronds,-11.498177,1
1581,P_NOUN_9_ADJ_b,F,P,les jupes avec le micro qui étaient là depuis hier ne sont pas très froides <eos>,14,froides,froids,12,M,S,froides,-5.71328,froids,-11.102308,1
1582,P_NOUN_9_ADJ_b,F,P,les jupes avec le micro qui étaient là depuis hier ne sont pas très chaudes <eos>,14,chaudes,chauds,12,M,S,chaudes,-7.6605263,chauds,-9.272809,1
1583,P_NOUN_9_ADJ_b,F,P,les jupes avec le micro qui étaient là depuis hier ne sont pas très importantes <eos>,14,importantes,importants,12,M,S,importantes,-5.5922527,importants,-7.9896545,1
1584,P_NOUN_9_ADJ_b,F,P,les jupes avec le micro qui étaient là depuis hier ne sont pas très courtes <eos>,14,courtes,courts,12,M,S,courtes,-5.3526554,courts,-7.116108,1
1585,P_NOUN_9_ADJ_b,F,P,les jupes avec le micro qui étaient là depuis hier ne sont pas très dures <eos>,14,dures,durs,12,M,S,dures,-5.5972514,durs,-6.960751,1
1586,P_NOUN_9_ADJ_b,F,P,les jupes avec le micro qui étaient là depuis hier ne sont pas très claires <eos>,14,claires,clairs,12,M,S,claires,-4.1107473,clairs,-6.0884867,1
1587,P_NOUN_9_ADJ_b,F,P,les jupes avec le micro qui étaient là depuis hier ne sont pas très intéressantes <eos>,14,intéressantes,intéressants,12,M,S,intéressantes,-6.783037,intéressants,-8.438415,1
1588,P_NOUN_9_ADJ_b,F,P,les jupes avec le micro qui étaient là depuis hier ne sont pas très brillantes <eos>,14,brillantes,brillants,12,M,S,brillantes,-6.9546356,brillants,-9.094406,1
1589,P_NOUN_9_ADJ_b,F,P,les jupes avec le micro qui étaient là depuis hier ne sont pas très compliquées <eos>,14,compliquées,compliqués,12,M,S,compliquées,-6.632981,compliqués,-7.390283,1
1590,P_NOUN_9_ADJ_b,F,P,les jupes avec le sac qui étaient là depuis hier ne sont pas très vertes <eos>,14,vertes,verts,12,M,S,vertes,-10.35121,verts,-10.042738,0
1591,P_NOUN_9_ADJ_b,F,P,les jupes avec le sac qui étaient là depuis hier ne sont pas très bleues <eos>,14,bleues,bleus,12,M,S,bleues,-10.414446,bleus,-10.114168,0
1592,P_NOUN_9_ADJ_b,F,P,les jupes avec le sac qui étaient là depuis hier ne sont pas très noires <eos>,14,noires,noirs,12,M,S,noires,-8.912538,noirs,-10.637981,1
1593,P_NOUN_9_ADJ_b,F,P,les jupes avec le sac qui étaient là depuis hier ne sont pas très délicates <eos>,14,délicates,délicats,12,M,S,délicates,-8.540489,délicats,-9.059505,1
1594,P_NOUN_9_ADJ_b,F,P,les jupes avec le sac qui étaient là depuis hier ne sont pas très pointues <eos>,14,pointues,pointus,12,M,S,pointues,-8.554992,pointus,-10.484675,1
1595,P_NOUN_9_ADJ_b,F,P,les jupes avec le sac qui étaient là depuis hier ne sont pas très rondes <eos>,14,rondes,ronds,12,M,S,rondes,-9.813052,ronds,-11.264075,1
1596,P_NOUN_9_ADJ_b,F,P,les jupes avec le sac qui étaient là depuis hier ne sont pas très froides <eos>,14,froides,froids,12,M,S,froides,-5.586877,froids,-10.400316,1
1597,P_NOUN_9_ADJ_b,F,P,les jupes avec le sac qui étaient là depuis hier ne sont pas très chaudes <eos>,14,chaudes,chauds,12,M,S,chaudes,-7.514653,chauds,-8.489439,1
1598,P_NOUN_9_ADJ_b,F,P,les jupes avec le sac qui étaient là depuis hier ne sont pas très importantes <eos>,14,importantes,importants,12,M,S,importantes,-5.94378,importants,-7.6282654,1
1599,P_NOUN_9_ADJ_b,F,P,les jupes avec le sac qui étaient là depuis hier ne sont pas très courtes <eos>,14,courtes,courts,12,M,S,courtes,-5.996002,courts,-7.017145,1
1600,P_NOUN_9_ADJ_b,F,P,les jupes avec le sac qui étaient là depuis hier ne sont pas très dures <eos>,14,dures,durs,12,M,S,dures,-5.3547792,durs,-6.2185698,1
1601,P_NOUN_9_ADJ_b,F,P,les jupes avec le sac qui étaient là depuis hier ne sont pas très claires <eos>,14,claires,clairs,12,M,S,claires,-4.417237,clairs,-5.619594,1
1602,P_NOUN_9_ADJ_b,F,P,les jupes avec le sac qui étaient là depuis hier ne sont pas très intéressantes <eos>,14,intéressantes,intéressants,12,M,S,intéressantes,-6.9383345,intéressants,-7.969784,1
1603,P_NOUN_9_ADJ_b,F,P,les jupes avec le sac qui étaient là depuis hier ne sont pas très brillantes <eos>,14,brillantes,brillants,12,M,S,brillantes,-6.922114,brillants,-8.390203,1
1604,P_NOUN_9_ADJ_b,F,P,les jupes avec le sac qui étaient là depuis hier ne sont pas très compliquées <eos>,14,compliquées,compliqués,12,M,S,compliquées,-6.639147,compliqués,-7.1057434,1
1605,P_NOUN_9_ADJ_b,F,P,les jupes avec le clavier qui étaient là depuis hier ne sont pas très vertes <eos>,14,vertes,verts,12,M,S,vertes,-10.809775,verts,-11.086043,1
1606,P_NOUN_9_ADJ_b,F,P,les jupes avec le clavier qui étaient là depuis hier ne sont pas très bleues <eos>,14,bleues,bleus,12,M,S,bleues,-11.117182,bleus,-11.49015,1
1607,P_NOUN_9_ADJ_b,F,P,les jupes avec le clavier qui étaient là depuis hier ne sont pas très noires <eos>,14,noires,noirs,12,M,S,noires,-9.695998,noirs,-11.864766,1
1608,P_NOUN_9_ADJ_b,F,P,les jupes avec le clavier qui étaient là depuis hier ne sont pas très délicates <eos>,14,délicates,délicats,12,M,S,délicates,-8.576068,délicats,-9.532771,1
1609,P_NOUN_9_ADJ_b,F,P,les jupes avec le clavier qui étaient là depuis hier ne sont pas très pointues <eos>,14,pointues,pointus,12,M,S,pointues,-8.809994,pointus,-11.67346,1
1610,P_NOUN_9_ADJ_b,F,P,les jupes avec le clavier qui étaient là depuis hier ne sont pas très rondes <eos>,14,rondes,ronds,12,M,S,rondes,-10.154381,ronds,-12.191675,1
1611,P_NOUN_9_ADJ_b,F,P,les jupes avec le clavier qui étaient là depuis hier ne sont pas très froides <eos>,14,froides,froids,12,M,S,froides,-6.1033916,froids,-11.305543,1
1612,P_NOUN_9_ADJ_b,F,P,les jupes avec le clavier qui étaient là depuis hier ne sont pas très chaudes <eos>,14,chaudes,chauds,12,M,S,chaudes,-7.8544335,chauds,-9.830736,1
1613,P_NOUN_9_ADJ_b,F,P,les jupes avec le clavier qui étaient là depuis hier ne sont pas très importantes <eos>,14,importantes,importants,12,M,S,importantes,-5.8117847,importants,-8.239035,1
1614,P_NOUN_9_ADJ_b,F,P,les jupes avec le clavier qui étaient là depuis hier ne sont pas très courtes <eos>,14,courtes,courts,12,M,S,courtes,-5.731988,courts,-7.840637,1
1615,P_NOUN_9_ADJ_b,F,P,les jupes avec le clavier qui étaient là depuis hier ne sont pas très dures <eos>,14,dures,durs,12,M,S,dures,-5.486018,durs,-6.452856,1
1616,P_NOUN_9_ADJ_b,F,P,les jupes avec le clavier qui étaient là depuis hier ne sont pas très claires <eos>,14,claires,clairs,12,M,S,claires,-3.9861007,clairs,-6.0760007,1
1617,P_NOUN_9_ADJ_b,F,P,les jupes avec le clavier qui étaient là depuis hier ne sont pas très intéressantes <eos>,14,intéressantes,intéressants,12,M,S,intéressantes,-6.7870655,intéressants,-8.207897,1
1618,P_NOUN_9_ADJ_b,F,P,les jupes avec le clavier qui étaient là depuis hier ne sont pas très brillantes <eos>,14,brillantes,brillants,12,M,S,brillantes,-6.735558,brillants,-9.273672,1
1619,P_NOUN_9_ADJ_b,F,P,les jupes avec le clavier qui étaient là depuis hier ne sont pas très compliquées <eos>,14,compliquées,compliqués,12,M,S,compliquées,-6.0533943,compliqués,-7.0518446,1
1620,P_NOUN_9_ADJ_b,F,P,les jupes avec le raisin qui étaient là depuis hier ne sont pas très vertes <eos>,14,vertes,verts,12,M,S,vertes,-9.852562,verts,-10.608375,1
1621,P_NOUN_9_ADJ_b,F,P,les jupes avec le raisin qui étaient là depuis hier ne sont pas très bleues <eos>,14,bleues,bleus,12,M,S,bleues,-10.733345,bleus,-10.732052,0
1622,P_NOUN_9_ADJ_b,F,P,les jupes avec le raisin qui étaient là depuis hier ne sont pas très noires <eos>,14,noires,noirs,12,M,S,noires,-8.968275,noirs,-11.597946,1
1623,P_NOUN_9_ADJ_b,F,P,les jupes avec le raisin qui étaient là depuis hier ne sont pas très délicates <eos>,14,délicates,délicats,12,M,S,délicates,-8.075798,délicats,-8.482502,1
1624,P_NOUN_9_ADJ_b,F,P,les jupes avec le raisin qui étaient là depuis hier ne sont pas très pointues <eos>,14,pointues,pointus,12,M,S,pointues,-8.916094,pointus,-11.719175,1
1625,P_NOUN_9_ADJ_b,F,P,les jupes avec le raisin qui étaient là depuis hier ne sont pas très rondes <eos>,14,rondes,ronds,12,M,S,rondes,-10.19028,ronds,-11.774676,1
1626,P_NOUN_9_ADJ_b,F,P,les jupes avec le raisin qui étaient là depuis hier ne sont pas très froides <eos>,14,froides,froids,12,M,S,froides,-5.347065,froids,-10.038835,1
1627,P_NOUN_9_ADJ_b,F,P,les jupes avec le raisin qui étaient là depuis hier ne sont pas très chaudes <eos>,14,chaudes,chauds,12,M,S,chaudes,-6.406384,chauds,-8.463976,1
1628,P_NOUN_9_ADJ_b,F,P,les jupes avec le raisin qui étaient là depuis hier ne sont pas très importantes <eos>,14,importantes,importants,12,M,S,importantes,-5.266778,importants,-8.164304,1
1629,P_NOUN_9_ADJ_b,F,P,les jupes avec le raisin qui étaient là depuis hier ne sont pas très courtes <eos>,14,courtes,courts,12,M,S,courtes,-6.539419,courts,-7.962491,1
1630,P_NOUN_9_ADJ_b,F,P,les jupes avec le raisin qui étaient là depuis hier ne sont pas très dures <eos>,14,dures,durs,12,M,S,dures,-5.0621076,durs,-6.830895,1
1631,P_NOUN_9_ADJ_b,F,P,les jupes avec le raisin qui étaient là depuis hier ne sont pas très claires <eos>,14,claires,clairs,12,M,S,claires,-3.9388583,clairs,-6.5469866,1
1632,P_NOUN_9_ADJ_b,F,P,les jupes avec le raisin qui étaient là depuis hier ne sont pas très intéressantes <eos>,14,intéressantes,intéressants,12,M,S,intéressantes,-6.5376596,intéressants,-8.864624,1
1633,P_NOUN_9_ADJ_b,F,P,les jupes avec le raisin qui étaient là depuis hier ne sont pas très brillantes <eos>,14,brillantes,brillants,12,M,S,brillantes,-6.752527,brillants,-8.665777,1
1634,P_NOUN_9_ADJ_b,F,P,les jupes avec le raisin qui étaient là depuis hier ne sont pas très compliquées <eos>,14,compliquées,compliqués,12,M,S,compliquées,-7.5904126,compliqués,-8.191805,1
1635,P_NOUN_9_ADJ_b,F,P,les jupes avec le chargeur qui étaient là depuis hier ne sont pas très vertes <eos>,14,vertes,verts,12,M,S,vertes,-10.590372,verts,-11.357969,1
1636,P_NOUN_9_ADJ_b,F,P,les jupes avec le chargeur qui étaient là depuis hier ne sont pas très bleues <eos>,14,bleues,bleus,12,M,S,bleues,-11.013145,bleus,-11.069639,1
1637,P_NOUN_9_ADJ_b,F,P,les jupes avec le chargeur qui étaient là depuis hier ne sont pas très noires <eos>,14,noires,noirs,12,M,S,noires,-9.099082,noirs,-11.449569,1
1638,P_NOUN_9_ADJ_b,F,P,les jupes avec le chargeur qui étaient là depuis hier ne sont pas très délicates <eos>,14,délicates,délicats,12,M,S,délicates,-8.882162,délicats,-10.107704,1
1639,P_NOUN_9_ADJ_b,F,P,les jupes avec le chargeur qui étaient là depuis hier ne sont pas très pointues <eos>,14,pointues,pointus,12,M,S,pointues,-8.564066,pointus,-11.315306,1
1640,P_NOUN_9_ADJ_b,F,P,les jupes avec le chargeur qui étaient là depuis hier ne sont pas très rondes <eos>,14,rondes,ronds,12,M,S,rondes,-10.161964,ronds,-12.169685,1
1641,P_NOUN_9_ADJ_b,F,P,les jupes avec le chargeur qui étaient là depuis hier ne sont pas très froides <eos>,14,froides,froids,12,M,S,froides,-5.564325,froids,-11.289625,1
1642,P_NOUN_9_ADJ_b,F,P,les jupes avec le chargeur qui étaient là depuis hier ne sont pas très chaudes <eos>,14,chaudes,chauds,12,M,S,chaudes,-7.628503,chauds,-8.969107,1
1643,P_NOUN_9_ADJ_b,F,P,les jupes avec le chargeur qui étaient là depuis hier ne sont pas très importantes <eos>,14,importantes,importants,12,M,S,importantes,-5.687811,importants,-8.391242,1
1644,P_NOUN_9_ADJ_b,F,P,les jupes avec le chargeur qui étaient là depuis hier ne sont pas très courtes <eos>,14,courtes,courts,12,M,S,courtes,-5.6998167,courts,-8.080017,1
1645,P_NOUN_9_ADJ_b,F,P,les jupes avec le chargeur qui étaient là depuis hier ne sont pas très dures <eos>,14,dures,durs,12,M,S,dures,-5.593688,durs,-7.1255436,1
1646,P_NOUN_9_ADJ_b,F,P,les jupes avec le chargeur qui étaient là depuis hier ne sont pas très claires <eos>,14,claires,clairs,12,M,S,claires,-4.6285505,clairs,-6.8768654,1
1647,P_NOUN_9_ADJ_b,F,P,les jupes avec le chargeur qui étaient là depuis hier ne sont pas très intéressantes <eos>,14,intéressantes,intéressants,12,M,S,intéressantes,-6.9971094,intéressants,-8.809926,1
1648,P_NOUN_9_ADJ_b,F,P,les jupes avec le chargeur qui étaient là depuis hier ne sont pas très brillantes <eos>,14,brillantes,brillants,12,M,S,brillantes,-7.3920994,brillants,-9.150569,1
1649,P_NOUN_9_ADJ_b,F,P,les jupes avec le chargeur qui étaient là depuis hier ne sont pas très compliquées <eos>,14,compliquées,compliqués,12,M,S,compliquées,-6.512865,compliqués,-7.473462,1
1650,P_NOUN_9_ADJ_b,F,P,les jupes avec le vase qui étaient là depuis hier ne sont pas très vertes <eos>,14,vertes,verts,12,M,S,vertes,-10.251815,verts,-10.495736,1
1651,P_NOUN_9_ADJ_b,F,P,les jupes avec le vase qui étaient là depuis hier ne sont pas très bleues <eos>,14,bleues,bleus,12,M,S,bleues,-10.604004,bleus,-10.638138,1
1652,P_NOUN_9_ADJ_b,F,P,les jupes avec le vase qui étaient là depuis hier ne sont pas très noires <eos>,14,noires,noirs,12,M,S,noires,-9.061952,noirs,-11.480317,1
1653,P_NOUN_9_ADJ_b,F,P,les jupes avec le vase qui étaient là depuis hier ne sont pas très délicates <eos>,14,délicates,délicats,12,M,S,délicates,-8.05558,délicats,-9.028109,1
1654,P_NOUN_9_ADJ_b,F,P,les jupes avec le vase qui étaient là depuis hier ne sont pas très pointues <eos>,14,pointues,pointus,12,M,S,pointues,-8.875462,pointus,-10.683504,1
1655,P_NOUN_9_ADJ_b,F,P,les jupes avec le vase qui étaient là depuis hier ne sont pas très rondes <eos>,14,rondes,ronds,12,M,S,rondes,-10.507624,ronds,-11.752207,1
1656,P_NOUN_9_ADJ_b,F,P,les jupes avec le vase qui étaient là depuis hier ne sont pas très froides <eos>,14,froides,froids,12,M,S,froides,-5.4692764,froids,-10.5944605,1
1657,P_NOUN_9_ADJ_b,F,P,les jupes avec le vase qui étaient là depuis hier ne sont pas très chaudes <eos>,14,chaudes,chauds,12,M,S,chaudes,-7.000575,chauds,-8.649258,1
1658,P_NOUN_9_ADJ_b,F,P,les jupes avec le vase qui étaient là depuis hier ne sont pas très importantes <eos>,14,importantes,importants,12,M,S,importantes,-5.2033725,importants,-7.458901,1
1659,P_NOUN_9_ADJ_b,F,P,les jupes avec le vase qui étaient là depuis hier ne sont pas très courtes <eos>,14,courtes,courts,12,M,S,courtes,-6.476611,courts,-7.8696966,1
1660,P_NOUN_9_ADJ_b,F,P,les jupes avec le vase qui étaient là depuis hier ne sont pas très dures <eos>,14,dures,durs,12,M,S,dures,-5.5732946,durs,-6.915951,1
1661,P_NOUN_9_ADJ_b,F,P,les jupes avec le vase qui étaient là depuis hier ne sont pas très claires <eos>,14,claires,clairs,12,M,S,claires,-4.3335857,clairs,-5.8749657,1
1662,P_NOUN_9_ADJ_b,F,P,les jupes avec le vase qui étaient là depuis hier ne sont pas très intéressantes <eos>,14,intéressantes,intéressants,12,M,S,intéressantes,-6.5510654,intéressants,-8.0648365,1
1663,P_NOUN_9_ADJ_b,F,P,les jupes avec le vase qui étaient là depuis hier ne sont pas très brillantes <eos>,14,brillantes,brillants,12,M,S,brillantes,-6.932832,brillants,-8.632772,1
1664,P_NOUN_9_ADJ_b,F,P,les jupes avec le vase qui étaient là depuis hier ne sont pas très compliquées <eos>,14,compliquées,compliqués,12,M,S,compliquées,-6.934644,compliqués,-7.142882,1
1665,P_NOUN_9_ADJ_b,F,P,les jupes avec le panier qui étaient là depuis hier ne sont pas très vertes <eos>,14,vertes,verts,12,M,S,vertes,-10.602264,verts,-10.181183,0
1666,P_NOUN_9_ADJ_b,F,P,les jupes avec le panier qui étaient là depuis hier ne sont pas très bleues <eos>,14,bleues,bleus,12,M,S,bleues,-10.763841,bleus,-10.210212,0
1667,P_NOUN_9_ADJ_b,F,P,les jupes avec le panier qui étaient là depuis hier ne sont pas très noires <eos>,14,noires,noirs,12,M,S,noires,-9.239576,noirs,-10.767519,1
1668,P_NOUN_9_ADJ_b,F,P,les jupes avec le panier qui étaient là depuis hier ne sont pas très délicates <eos>,14,délicates,délicats,12,M,S,délicates,-8.48002,délicats,-9.119959,1
1669,P_NOUN_9_ADJ_b,F,P,les jupes avec le panier qui étaient là depuis hier ne sont pas très pointues <eos>,14,pointues,pointus,12,M,S,pointues,-8.8638,pointus,-10.535794,1
1670,P_NOUN_9_ADJ_b,F,P,les jupes avec le panier qui étaient là depuis hier ne sont pas très rondes <eos>,14,rondes,ronds,12,M,S,rondes,-10.26722,ronds,-11.097092,1
1671,P_NOUN_9_ADJ_b,F,P,les jupes avec le panier qui étaient là depuis hier ne sont pas très froides <eos>,14,froides,froids,12,M,S,froides,-5.6960945,froids,-10.608502,1
1672,P_NOUN_9_ADJ_b,F,P,les jupes avec le panier qui étaient là depuis hier ne sont pas très chaudes <eos>,14,chaudes,chauds,12,M,S,chaudes,-7.8117104,chauds,-8.481905,1
1673,P_NOUN_9_ADJ_b,F,P,les jupes avec le panier qui étaient là depuis hier ne sont pas très importantes <eos>,14,importantes,importants,12,M,S,importantes,-5.845482,importants,-7.262041,1
1674,P_NOUN_9_ADJ_b,F,P,les jupes avec le panier qui étaient là depuis hier ne sont pas très courtes <eos>,14,courtes,courts,12,M,S,courtes,-6.0866537,courts,-6.80326,1
1675,P_NOUN_9_ADJ_b,F,P,les jupes avec le panier qui étaient là depuis hier ne sont pas très dures <eos>,14,dures,durs,12,M,S,dures,-5.489056,durs,-6.288049,1
1676,P_NOUN_9_ADJ_b,F,P,les jupes avec le panier qui étaient là depuis hier ne sont pas très claires <eos>,14,claires,clairs,12,M,S,claires,-4.631324,clairs,-5.5506277,1
1677,P_NOUN_9_ADJ_b,F,P,les jupes avec le panier qui étaient là depuis hier ne sont pas très intéressantes <eos>,14,intéressantes,intéressants,12,M,S,intéressantes,-6.875435,intéressants,-7.839471,1
1678,P_NOUN_9_ADJ_b,F,P,les jupes avec le panier qui étaient là depuis hier ne sont pas très brillantes <eos>,14,brillantes,brillants,12,M,S,brillantes,-7.291295,brillants,-8.135622,1
1679,P_NOUN_9_ADJ_b,F,P,les jupes avec le panier qui étaient là depuis hier ne sont pas très compliquées <eos>,14,compliquées,compliqués,12,M,S,compliquées,-6.8350286,compliqués,-6.736125,0
1680,P_NOUN_9_ADJ_b,F,P,les jupes avec le collier qui étaient là depuis hier ne sont pas très vertes <eos>,14,vertes,verts,12,M,S,vertes,-10.423154,verts,-9.55471,0
1681,P_NOUN_9_ADJ_b,F,P,les jupes avec le collier qui étaient là depuis hier ne sont pas très bleues <eos>,14,bleues,bleus,12,M,S,bleues,-10.253876,bleus,-9.783422,0
1682,P_NOUN_9_ADJ_b,F,P,les jupes avec le collier qui étaient là depuis hier ne sont pas très noires <eos>,14,noires,noirs,12,M,S,noires,-9.094032,noirs,-10.329876,1
1683,P_NOUN_9_ADJ_b,F,P,les jupes avec le collier qui étaient là depuis hier ne sont pas très délicates <eos>,14,délicates,délicats,12,M,S,délicates,-8.3905945,délicats,-9.323094,1
1684,P_NOUN_9_ADJ_b,F,P,les jupes avec le collier qui étaient là depuis hier ne sont pas très pointues <eos>,14,pointues,pointus,12,M,S,pointues,-8.709422,pointus,-10.238952,1
1685,P_NOUN_9_ADJ_b,F,P,les jupes avec le collier qui étaient là depuis hier ne sont pas très rondes <eos>,14,rondes,ronds,12,M,S,rondes,-10.260708,ronds,-11.233217,1
1686,P_NOUN_9_ADJ_b,F,P,les jupes avec le collier qui étaient là depuis hier ne sont pas très froides <eos>,14,froides,froids,12,M,S,froides,-5.6551757,froids,-10.443848,1
1687,P_NOUN_9_ADJ_b,F,P,les jupes avec le collier qui étaient là depuis hier ne sont pas très chaudes <eos>,14,chaudes,chauds,12,M,S,chaudes,-7.7996655,chauds,-8.388227,1
1688,P_NOUN_9_ADJ_b,F,P,les jupes avec le collier qui étaient là depuis hier ne sont pas très importantes <eos>,14,importantes,importants,12,M,S,importantes,-5.9594965,importants,-7.086219,1
1689,P_NOUN_9_ADJ_b,F,P,les jupes avec le collier qui étaient là depuis hier ne sont pas très courtes <eos>,14,courtes,courts,12,M,S,courtes,-6.346183,courts,-6.8016624,1
1690,P_NOUN_9_ADJ_b,F,P,les jupes avec le collier qui étaient là depuis hier ne sont pas très dures <eos>,14,dures,durs,12,M,S,dures,-5.549629,durs,-6.366765,1
1691,P_NOUN_9_ADJ_b,F,P,les jupes avec le collier qui étaient là depuis hier ne sont pas très claires <eos>,14,claires,clairs,12,M,S,claires,-4.5479107,clairs,-4.9258537,1
1692,P_NOUN_9_ADJ_b,F,P,les jupes avec le collier qui étaient là depuis hier ne sont pas très intéressantes <eos>,14,intéressantes,intéressants,12,M,S,intéressantes,-6.9744754,intéressants,-7.485598,1
1693,P_NOUN_9_ADJ_b,F,P,les jupes avec le collier qui étaient là depuis hier ne sont pas très brillantes <eos>,14,brillantes,brillants,12,M,S,brillantes,-6.7292957,brillants,-7.601289,1
1694,P_NOUN_9_ADJ_b,F,P,les jupes avec le collier qui étaient là depuis hier ne sont pas très compliquées <eos>,14,compliquées,compliqués,12,M,S,compliquées,-6.67021,compliqués,-6.682225,1
1695,P_NOUN_9_ADJ_b,F,P,les jupes avec le chapeau qui étaient là depuis hier ne sont pas très vertes <eos>,14,vertes,verts,12,M,S,vertes,-9.9762745,verts,-10.419352,1
1696,P_NOUN_9_ADJ_b,F,P,les jupes avec le chapeau qui étaient là depuis hier ne sont pas très bleues <eos>,14,bleues,bleus,12,M,S,bleues,-9.49194,bleus,-9.780918,1
1697,P_NOUN_9_ADJ_b,F,P,les jupes avec le chapeau qui étaient là depuis hier ne sont pas très noires <eos>,14,noires,noirs,12,M,S,noires,-8.159734,noirs,-10.484246,1
1698,P_NOUN_9_ADJ_b,F,P,les jupes avec le chapeau qui étaient là depuis hier ne sont pas très délicates <eos>,14,délicates,délicats,12,M,S,délicates,-8.1474085,délicats,-9.692059,1
1699,P_NOUN_9_ADJ_b,F,P,les jupes avec le chapeau qui étaient là depuis hier ne sont pas très pointues <eos>,14,pointues,pointus,12,M,S,pointues,-8.27654,pointus,-10.757625,1
1700,P_NOUN_9_ADJ_b,F,P,les jupes avec le chapeau qui étaient là depuis hier ne sont pas très rondes <eos>,14,rondes,ronds,12,M,S,rondes,-9.818993,ronds,-11.417728,1
1701,P_NOUN_9_ADJ_b,F,P,les jupes avec le chapeau qui étaient là depuis hier ne sont pas très froides <eos>,14,froides,froids,12,M,S,froides,-5.491289,froids,-11.0433,1
1702,P_NOUN_9_ADJ_b,F,P,les jupes avec le chapeau qui étaient là depuis hier ne sont pas très chaudes <eos>,14,chaudes,chauds,12,M,S,chaudes,-7.306549,chauds,-8.966168,1
1703,P_NOUN_9_ADJ_b,F,P,les jupes avec le chapeau qui étaient là depuis hier ne sont pas très importantes <eos>,14,importantes,importants,12,M,S,importantes,-5.76108,importants,-8.32652,1
1704,P_NOUN_9_ADJ_b,F,P,les jupes avec le chapeau qui étaient là depuis hier ne sont pas très courtes <eos>,14,courtes,courts,12,M,S,courtes,-5.674917,courts,-7.525153,1
1705,P_NOUN_9_ADJ_b,F,P,les jupes avec le chapeau qui étaient là depuis hier ne sont pas très dures <eos>,14,dures,durs,12,M,S,dures,-5.402504,durs,-7.013482,1
1706,P_NOUN_9_ADJ_b,F,P,les jupes avec le chapeau qui étaient là depuis hier ne sont pas très claires <eos>,14,claires,clairs,12,M,S,claires,-3.9555318,clairs,-5.62088,1
1707,P_NOUN_9_ADJ_b,F,P,les jupes avec le chapeau qui étaient là depuis hier ne sont pas très intéressantes <eos>,14,intéressantes,intéressants,12,M,S,intéressantes,-6.9102325,intéressants,-8.66885,1
1708,P_NOUN_9_ADJ_b,F,P,les jupes avec le chapeau qui étaient là depuis hier ne sont pas très brillantes <eos>,14,brillantes,brillants,12,M,S,brillantes,-6.4002886,brillants,-8.50354,1
1709,P_NOUN_9_ADJ_b,F,P,les jupes avec le chapeau qui étaient là depuis hier ne sont pas très compliquées <eos>,14,compliquées,compliqués,12,M,S,compliquées,-6.858365,compliqués,-7.7327566,1
1710,P_NOUN_9_ADJ_b,F,P,les jupes avec le pot qui étaient là depuis hier ne sont pas très vertes <eos>,14,vertes,verts,12,M,S,vertes,-10.078444,verts,-9.873216,0
1711,P_NOUN_9_ADJ_b,F,P,les jupes avec le pot qui étaient là depuis hier ne sont pas très bleues <eos>,14,bleues,bleus,12,M,S,bleues,-10.285215,bleus,-9.890362,0
1712,P_NOUN_9_ADJ_b,F,P,les jupes avec le pot qui étaient là depuis hier ne sont pas très noires <eos>,14,noires,noirs,12,M,S,noires,-8.952114,noirs,-10.739222,1
1713,P_NOUN_9_ADJ_b,F,P,les jupes avec le pot qui étaient là depuis hier ne sont pas très délicates <eos>,14,délicates,délicats,12,M,S,délicates,-8.132683,délicats,-9.017298,1
1714,P_NOUN_9_ADJ_b,F,P,les jupes avec le pot qui étaient là depuis hier ne sont pas très pointues <eos>,14,pointues,pointus,12,M,S,pointues,-8.934917,pointus,-10.768259,1
1715,P_NOUN_9_ADJ_b,F,P,les jupes avec le pot qui étaient là depuis hier ne sont pas très rondes <eos>,14,rondes,ronds,12,M,S,rondes,-10.454218,ronds,-11.429091,1
1716,P_NOUN_9_ADJ_b,F,P,les jupes avec le pot qui étaient là depuis hier ne sont pas très froides <eos>,14,froides,froids,12,M,S,froides,-5.2994833,froids,-10.008656,1
1717,P_NOUN_9_ADJ_b,F,P,les jupes avec le pot qui étaient là depuis hier ne sont pas très chaudes <eos>,14,chaudes,chauds,12,M,S,chaudes,-7.016295,chauds,-8.163,1
1718,P_NOUN_9_ADJ_b,F,P,les jupes avec le pot qui étaient là depuis hier ne sont pas très importantes <eos>,14,importantes,importants,12,M,S,importantes,-5.4607596,importants,-7.4856305,1
1719,P_NOUN_9_ADJ_b,F,P,les jupes avec le pot qui étaient là depuis hier ne sont pas très courtes <eos>,14,courtes,courts,12,M,S,courtes,-6.382366,courts,-7.2306805,1
1720,P_NOUN_9_ADJ_b,F,P,les jupes avec le pot qui étaient là depuis hier ne sont pas très dures <eos>,14,dures,durs,12,M,S,dures,-5.3543024,durs,-6.4333334,1
1721,P_NOUN_9_ADJ_b,F,P,les jupes avec le pot qui étaient là depuis hier ne sont pas très claires <eos>,14,claires,clairs,12,M,S,claires,-4.2276173,clairs,-5.4726553,1
1722,P_NOUN_9_ADJ_b,F,P,les jupes avec le pot qui étaient là depuis hier ne sont pas très intéressantes <eos>,14,intéressantes,intéressants,12,M,S,intéressantes,-6.5717125,intéressants,-8.031271,1
1723,P_NOUN_9_ADJ_b,F,P,les jupes avec le pot qui étaient là depuis hier ne sont pas très brillantes <eos>,14,brillantes,brillants,12,M,S,brillantes,-6.753496,brillants,-7.9624577,1
1724,P_NOUN_9_ADJ_b,F,P,les jupes avec le pot qui étaient là depuis hier ne sont pas très compliquées <eos>,14,compliquées,compliqués,12,M,S,compliquées,-7.0684967,compliqués,-7.1850567,1
1725,P_NOUN_9_ADJ_b,F,P,les jupes avec le coussin qui étaient là depuis hier ne sont pas très vertes <eos>,14,vertes,verts,12,M,S,vertes,-10.434418,verts,-10.903431,1
1726,P_NOUN_9_ADJ_b,F,P,les jupes avec le coussin qui étaient là depuis hier ne sont pas très bleues <eos>,14,bleues,bleus,12,M,S,bleues,-10.387201,bleus,-10.450869,1
1727,P_NOUN_9_ADJ_b,F,P,les jupes avec le coussin qui étaient là depuis hier ne sont pas très noires <eos>,14,noires,noirs,12,M,S,noires,-8.8096485,noirs,-10.882502,1
1728,P_NOUN_9_ADJ_b,F,P,les jupes avec le coussin qui étaient là depuis hier ne sont pas très délicates <eos>,14,délicates,délicats,12,M,S,délicates,-8.823422,délicats,-9.6257715,1
1729,P_NOUN_9_ADJ_b,F,P,les jupes avec le coussin qui étaient là depuis hier ne sont pas très pointues <eos>,14,pointues,pointus,12,M,S,pointues,-8.383285,pointus,-10.781032,1
1730,P_NOUN_9_ADJ_b,F,P,les jupes avec le coussin qui étaient là depuis hier ne sont pas très rondes <eos>,14,rondes,ronds,12,M,S,rondes,-9.7883625,ronds,-11.524067,1
1731,P_NOUN_9_ADJ_b,F,P,les jupes avec le coussin qui étaient là depuis hier ne sont pas très froides <eos>,14,froides,froids,12,M,S,froides,-5.74811,froids,-11.097475,1
1732,P_NOUN_9_ADJ_b,F,P,les jupes avec le coussin qui étaient là depuis hier ne sont pas très chaudes <eos>,14,chaudes,chauds,12,M,S,chaudes,-7.7847023,chauds,-9.108984,1
1733,P_NOUN_9_ADJ_b,F,P,les jupes avec le coussin qui étaient là depuis hier ne sont pas très importantes <eos>,14,importantes,importants,12,M,S,importantes,-5.827223,importants,-7.96747,1
1734,P_NOUN_9_ADJ_b,F,P,les jupes avec le coussin qui étaient là depuis hier ne sont pas très courtes <eos>,14,courtes,courts,12,M,S,courtes,-5.3704257,courts,-7.061416,1
1735,P_NOUN_9_ADJ_b,F,P,les jupes avec le coussin qui étaient là depuis hier ne sont pas très dures <eos>,14,dures,durs,12,M,S,dures,-5.33486,durs,-6.822612,1
1736,P_NOUN_9_ADJ_b,F,P,les jupes avec le coussin qui étaient là depuis hier ne sont pas très claires <eos>,14,claires,clairs,12,M,S,claires,-4.419108,clairs,-6.0339484,1
1737,P_NOUN_9_ADJ_b,F,P,les jupes avec le coussin qui étaient là depuis hier ne sont pas très intéressantes <eos>,14,intéressantes,intéressants,12,M,S,intéressantes,-7.1103334,intéressants,-8.628068,1
1738,P_NOUN_9_ADJ_b,F,P,les jupes avec le coussin qui étaient là depuis hier ne sont pas très brillantes <eos>,14,brillantes,brillants,12,M,S,brillantes,-7.1162643,brillants,-8.901286,1
1739,P_NOUN_9_ADJ_b,F,P,les jupes avec le coussin qui étaient là depuis hier ne sont pas très compliquées <eos>,14,compliquées,compliqués,12,M,S,compliquées,-6.4191046,compliqués,-7.2420673,1
1740,P_NOUN_9_ADJ_b,F,P,les jupes avec le jouet qui étaient là depuis hier ne sont pas très vertes <eos>,14,vertes,verts,12,M,S,vertes,-10.242615,verts,-10.172804,0
1741,P_NOUN_9_ADJ_b,F,P,les jupes avec le jouet qui étaient là depuis hier ne sont pas très bleues <eos>,14,bleues,bleus,12,M,S,bleues,-10.182534,bleus,-10.28228,1
1742,P_NOUN_9_ADJ_b,F,P,les jupes avec le jouet qui étaient là depuis hier ne sont pas très noires <eos>,14,noires,noirs,12,M,S,noires,-8.95227,noirs,-10.97258,1
1743,P_NOUN_9_ADJ_b,F,P,les jupes avec le jouet qui étaient là depuis hier ne sont pas très délicates <eos>,14,délicates,délicats,12,M,S,délicates,-8.465481,délicats,-9.45223,1
1744,P_NOUN_9_ADJ_b,F,P,les jupes avec le jouet qui étaient là depuis hier ne sont pas très pointues <eos>,14,pointues,pointus,12,M,S,pointues,-8.598736,pointus,-10.814955,1
1745,P_NOUN_9_ADJ_b,F,P,les jupes avec le jouet qui étaient là depuis hier ne sont pas très rondes <eos>,14,rondes,ronds,12,M,S,rondes,-9.975897,ronds,-11.633237,1
1746,P_NOUN_9_ADJ_b,F,P,les jupes avec le jouet qui étaient là depuis hier ne sont pas très froides <eos>,14,froides,froids,12,M,S,froides,-5.551964,froids,-10.862913,1
1747,P_NOUN_9_ADJ_b,F,P,les jupes avec le jouet qui étaient là depuis hier ne sont pas très chaudes <eos>,14,chaudes,chauds,12,M,S,chaudes,-7.5588856,chauds,-8.954754,1
1748,P_NOUN_9_ADJ_b,F,P,les jupes avec le jouet qui étaient là depuis hier ne sont pas très importantes <eos>,14,importantes,importants,12,M,S,importantes,-5.938571,importants,-8.057374,1
1749,P_NOUN_9_ADJ_b,F,P,les jupes avec le jouet qui étaient là depuis hier ne sont pas très courtes <eos>,14,courtes,courts,12,M,S,courtes,-5.9645185,courts,-7.430743,1
1750,P_NOUN_9_ADJ_b,F,P,les jupes avec le jouet qui étaient là depuis hier ne sont pas très dures <eos>,14,dures,durs,12,M,S,dures,-5.790556,durs,-6.9014063,1
1751,P_NOUN_9_ADJ_b,F,P,les jupes avec le jouet qui étaient là depuis hier ne sont pas très claires <eos>,14,claires,clairs,12,M,S,claires,-4.194915,clairs,-5.951329,1
1752,P_NOUN_9_ADJ_b,F,P,les jupes avec le jouet qui étaient là depuis hier ne sont pas très intéressantes <eos>,14,intéressantes,intéressants,12,M,S,intéressantes,-6.872039,intéressants,-8.226241,1
1753,P_NOUN_9_ADJ_b,F,P,les jupes avec le jouet qui étaient là depuis hier ne sont pas très brillantes <eos>,14,brillantes,brillants,12,M,S,brillantes,-6.9377646,brillants,-8.781029,1
1754,P_NOUN_9_ADJ_b,F,P,les jupes avec le jouet qui étaient là depuis hier ne sont pas très compliquées <eos>,14,compliquées,compliqués,12,M,S,compliquées,-6.6543007,compliqués,-7.2436924,1
1755,P_NOUN_9_ADJ_b,F,P,les jupes avec le clou qui étaient là depuis hier ne sont pas très vertes <eos>,14,vertes,verts,12,M,S,vertes,-9.857746,verts,-10.602266,1
1756,P_NOUN_9_ADJ_b,F,P,les jupes avec le clou qui étaient là depuis hier ne sont pas très bleues <eos>,14,bleues,bleus,12,M,S,bleues,-9.668524,bleus,-10.022232,1
1757,P_NOUN_9_ADJ_b,F,P,les jupes avec le clou qui étaient là depuis hier ne sont pas très noires <eos>,14,noires,noirs,12,M,S,noires,-8.627783,noirs,-11.137997,1
1758,P_NOUN_9_ADJ_b,F,P,les jupes avec le clou qui étaient là depuis hier ne sont pas très délicates <eos>,14,délicates,délicats,12,M,S,délicates,-7.9899383,délicats,-9.523163,1
1759,P_NOUN_9_ADJ_b,F,P,les jupes avec le clou qui étaient là depuis hier ne sont pas très pointues <eos>,14,pointues,pointus,12,M,S,pointues,-8.672396,pointus,-10.801551,1
1760,P_NOUN_9_ADJ_b,F,P,les jupes avec le clou qui étaient là depuis hier ne sont pas très rondes <eos>,14,rondes,ronds,12,M,S,rondes,-9.851295,ronds,-11.399544,1
1761,P_NOUN_9_ADJ_b,F,P,les jupes avec le clou qui étaient là depuis hier ne sont pas très froides <eos>,14,froides,froids,12,M,S,froides,-5.7970896,froids,-11.329967,1
1762,P_NOUN_9_ADJ_b,F,P,les jupes avec le clou qui étaient là depuis hier ne sont pas très chaudes <eos>,14,chaudes,chauds,12,M,S,chaudes,-7.676017,chauds,-9.31412,1
1763,P_NOUN_9_ADJ_b,F,P,les jupes avec le clou qui étaient là depuis hier ne sont pas très importantes <eos>,14,importantes,importants,12,M,S,importantes,-5.6779985,importants,-8.279198,1
1764,P_NOUN_9_ADJ_b,F,P,les jupes avec le clou qui étaient là depuis hier ne sont pas très courtes <eos>,14,courtes,courts,12,M,S,courtes,-5.5892224,courts,-7.6213574,1
1765,P_NOUN_9_ADJ_b,F,P,les jupes avec le clou qui étaient là depuis hier ne sont pas très dures <eos>,14,dures,durs,12,M,S,dures,-5.588563,durs,-7.2722454,1
1766,P_NOUN_9_ADJ_b,F,P,les jupes avec le clou qui étaient là depuis hier ne sont pas très claires <eos>,14,claires,clairs,12,M,S,claires,-4.449808,clairs,-5.9426336,1
1767,P_NOUN_9_ADJ_b,F,P,les jupes avec le clou qui étaient là depuis hier ne sont pas très intéressantes <eos>,14,intéressantes,intéressants,12,M,S,intéressantes,-6.8233943,intéressants,-8.583866,1
1768,P_NOUN_9_ADJ_b,F,P,les jupes avec le clou qui étaient là depuis hier ne sont pas très brillantes <eos>,14,brillantes,brillants,12,M,S,brillantes,-6.773218,brillants,-8.8239355,1
1769,P_NOUN_9_ADJ_b,F,P,les jupes avec le clou qui étaient là depuis hier ne sont pas très compliquées <eos>,14,compliquées,compliqués,12,M,S,compliquées,-6.5415215,compliqués,-7.2939973,1
1770,P_NOUN_9_ADJ_b,F,P,les jupes avec le billet qui étaient là depuis hier ne sont pas très vertes <eos>,14,vertes,verts,12,M,S,vertes,-10.691579,verts,-10.742491,1
1771,P_NOUN_9_ADJ_b,F,P,les jupes avec le billet qui étaient là depuis hier ne sont pas très bleues <eos>,14,bleues,bleus,12,M,S,bleues,-10.65615,bleus,-10.406278,0
1772,P_NOUN_9_ADJ_b,F,P,les jupes avec le billet qui étaient là depuis hier ne sont pas très noires <eos>,14,noires,noirs,12,M,S,noires,-9.6720295,noirs,-11.103374,1
1773,P_NOUN_9_ADJ_b,F,P,les jupes avec le billet qui étaient là depuis hier ne sont pas très délicates <eos>,14,délicates,délicats,12,M,S,délicates,-8.361134,délicats,-9.69447,1
1774,P_NOUN_9_ADJ_b,F,P,les jupes avec le billet qui étaient là depuis hier ne sont pas très pointues <eos>,14,pointues,pointus,12,M,S,pointues,-9.012423,pointus,-11.082489,1
1775,P_NOUN_9_ADJ_b,F,P,les jupes avec le billet qui étaient là depuis hier ne sont pas très rondes <eos>,14,rondes,ronds,12,M,S,rondes,-10.775741,ronds,-11.917101,1
1776,P_NOUN_9_ADJ_b,F,P,les jupes avec le billet qui étaient là depuis hier ne sont pas très froides <eos>,14,froides,froids,12,M,S,froides,-5.8811636,froids,-11.29657,1
1777,P_NOUN_9_ADJ_b,F,P,les jupes avec le billet qui étaient là depuis hier ne sont pas très chaudes <eos>,14,chaudes,chauds,12,M,S,chaudes,-8.261419,chauds,-9.171229,1
1778,P_NOUN_9_ADJ_b,F,P,les jupes avec le billet qui étaient là depuis hier ne sont pas très importantes <eos>,14,importantes,importants,12,M,S,importantes,-5.3236914,importants,-7.3911457,1
1779,P_NOUN_9_ADJ_b,F,P,les jupes avec le billet qui étaient là depuis hier ne sont pas très courtes <eos>,14,courtes,courts,12,M,S,courtes,-5.835733,courts,-7.15262,1
1780,P_NOUN_9_ADJ_b,F,P,les jupes avec le billet qui étaient là depuis hier ne sont pas très dures <eos>,14,dures,durs,12,M,S,dures,-5.3926,durs,-7.025235,1
1781,P_NOUN_9_ADJ_b,F,P,les jupes avec le billet qui étaient là depuis hier ne sont pas très claires <eos>,14,claires,clairs,12,M,S,claires,-5.0455146,clairs,-5.9862666,1
1782,P_NOUN_9_ADJ_b,F,P,les jupes avec le billet qui étaient là depuis hier ne sont pas très intéressantes <eos>,14,intéressantes,intéressants,12,M,S,intéressantes,-6.5487394,intéressants,-7.810458,1
1783,P_NOUN_9_ADJ_b,F,P,les jupes avec le billet qui étaient là depuis hier ne sont pas très brillantes <eos>,14,brillantes,brillants,12,M,S,brillantes,-7.1212463,brillants,-8.218725,1
1784,P_NOUN_9_ADJ_b,F,P,les jupes avec le billet qui étaient là depuis hier ne sont pas très compliquées <eos>,14,compliquées,compliqués,12,M,S,compliquées,-6.8139877,compliqués,-7.3456335,1
1785,P_NOUN_9_ADJ_b,F,P,les jupes avec le légume qui étaient là depuis hier ne sont pas très vertes <eos>,14,vertes,verts,12,M,S,vertes,-9.982676,verts,-10.287804,1
1786,P_NOUN_9_ADJ_b,F,P,les jupes avec le légume qui étaient là depuis hier ne sont pas très bleues <eos>,14,bleues,bleus,12,M,S,bleues,-10.572855,bleus,-10.421364,0
1787,P_NOUN_9_ADJ_b,F,P,les jupes avec le légume qui étaient là depuis hier ne sont pas très noires <eos>,14,noires,noirs,12,M,S,noires,-9.00969,noirs,-10.90046,1
1788,P_NOUN_9_ADJ_b,F,P,les jupes avec le légume qui étaient là depuis hier ne sont pas très délicates <eos>,14,délicates,délicats,12,M,S,délicates,-7.7314787,délicats,-9.068107,1
1789,P_NOUN_9_ADJ_b,F,P,les jupes avec le légume qui étaient là depuis hier ne sont pas très pointues <eos>,14,pointues,pointus,12,M,S,pointues,-9.037418,pointus,-11.8635845,1
1790,P_NOUN_9_ADJ_b,F,P,les jupes avec le légume qui étaient là depuis hier ne sont pas très rondes <eos>,14,rondes,ronds,12,M,S,rondes,-10.314132,ronds,-11.464223,1
1791,P_NOUN_9_ADJ_b,F,P,les jupes avec le légume qui étaient là depuis hier ne sont pas très froides <eos>,14,froides,froids,12,M,S,froides,-4.859505,froids,-9.552765,1
1792,P_NOUN_9_ADJ_b,F,P,les jupes avec le légume qui étaient là depuis hier ne sont pas très chaudes <eos>,14,chaudes,chauds,12,M,S,chaudes,-5.9968615,chauds,-8.32606,1
1793,P_NOUN_9_ADJ_b,F,P,les jupes avec le légume qui étaient là depuis hier ne sont pas très importantes <eos>,14,importantes,importants,12,M,S,importantes,-5.0667925,importants,-7.924244,1
1794,P_NOUN_9_ADJ_b,F,P,les jupes avec le légume qui étaient là depuis hier ne sont pas très courtes <eos>,14,courtes,courts,12,M,S,courtes,-7.0425377,courts,-8.536066,1
1795,P_NOUN_9_ADJ_b,F,P,les jupes avec le légume qui étaient là depuis hier ne sont pas très dures <eos>,14,dures,durs,12,M,S,dures,-4.959922,durs,-7.2815723,1
1796,P_NOUN_9_ADJ_b,F,P,les jupes avec le légume qui étaient là depuis hier ne sont pas très claires <eos>,14,claires,clairs,12,M,S,claires,-3.7152956,clairs,-6.429019,1
1797,P_NOUN_9_ADJ_b,F,P,les jupes avec le légume qui étaient là depuis hier ne sont pas très intéressantes <eos>,14,intéressantes,intéressants,12,M,S,intéressantes,-6.624305,intéressants,-8.92359,1
1798,P_NOUN_9_ADJ_b,F,P,les jupes avec le légume qui étaient là depuis hier ne sont pas très brillantes <eos>,14,brillantes,brillants,12,M,S,brillantes,-6.414168,brillants,-8.76848,1
1799,P_NOUN_9_ADJ_b,F,P,les jupes avec le légume qui étaient là depuis hier ne sont pas très compliquées <eos>,14,compliquées,compliqués,12,M,S,compliquées,-7.750877,compliqués,-8.665514,1
1800,P_NOUN_9_ADJ_b,F,P,les colles avec le bracelet qui étaient là depuis hier ne sont pas très vertes <eos>,14,vertes,verts,12,M,S,vertes,-10.511572,verts,-10.706167,1
1801,P_NOUN_9_ADJ_b,F,P,les colles avec le bracelet qui étaient là depuis hier ne sont pas très bleues <eos>,14,bleues,bleus,12,M,S,bleues,-12.377981,bleus,-12.3221,0
1802,P_NOUN_9_ADJ_b,F,P,les colles avec le bracelet qui étaient là depuis hier ne sont pas très noires <eos>,14,noires,noirs,12,M,S,noires,-10.692969,noirs,-12.991689,1
1803,P_NOUN_9_ADJ_b,F,P,les colles avec le bracelet qui étaient là depuis hier ne sont pas très délicates <eos>,14,délicates,délicats,12,M,S,délicates,-8.805316,délicats,-9.514788,1
1804,P_NOUN_9_ADJ_b,F,P,les colles avec le bracelet qui étaient là depuis hier ne sont pas très pointues <eos>,14,pointues,pointus,12,M,S,pointues,-9.270489,pointus,-11.34409,1
1805,P_NOUN_9_ADJ_b,F,P,les colles avec le bracelet qui étaient là depuis hier ne sont pas très rondes <eos>,14,rondes,ronds,12,M,S,rondes,-11.366479,ronds,-13.1313,1
1806,P_NOUN_9_ADJ_b,F,P,les colles avec le bracelet qui étaient là depuis hier ne sont pas très froides <eos>,14,froides,froids,12,M,S,froides,-6.244831,froids,-11.563094,1
1807,P_NOUN_9_ADJ_b,F,P,les colles avec le bracelet qui étaient là depuis hier ne sont pas très chaudes <eos>,14,chaudes,chauds,12,M,S,chaudes,-7.395618,chauds,-8.704746,1
1808,P_NOUN_9_ADJ_b,F,P,les colles avec le bracelet qui étaient là depuis hier ne sont pas très importantes <eos>,14,importantes,importants,12,M,S,importantes,-5.298956,importants,-7.8445415,1
1809,P_NOUN_9_ADJ_b,F,P,les colles avec le bracelet qui étaient là depuis hier ne sont pas très courtes <eos>,14,courtes,courts,12,M,S,courtes,-7.232403,courts,-8.442696,1
1810,P_NOUN_9_ADJ_b,F,P,les colles avec le bracelet qui étaient là depuis hier ne sont pas très dures <eos>,14,dures,durs,12,M,S,dures,-5.5700064,durs,-6.5131874,1
1811,P_NOUN_9_ADJ_b,F,P,les colles avec le bracelet qui étaient là depuis hier ne sont pas très claires <eos>,14,claires,clairs,12,M,S,claires,-4.440349,clairs,-6.7068458,1
1812,P_NOUN_9_ADJ_b,F,P,les colles avec le bracelet qui étaient là depuis hier ne sont pas très intéressantes <eos>,14,intéressantes,intéressants,12,M,S,intéressantes,-6.6132555,intéressants,-8.371218,1
1813,P_NOUN_9_ADJ_b,F,P,les colles avec le bracelet qui étaient là depuis hier ne sont pas très brillantes <eos>,14,brillantes,brillants,12,M,S,brillantes,-7.256137,brillants,-8.193798,1
1814,P_NOUN_9_ADJ_b,F,P,les colles avec le bracelet qui étaient là depuis hier ne sont pas très compliquées <eos>,14,compliquées,compliqués,12,M,S,compliquées,-7.262428,compliqués,-7.0257134,0
1815,P_NOUN_9_ADJ_b,F,P,les colles avec le miroir qui étaient là depuis hier ne sont pas très vertes <eos>,14,vertes,verts,12,M,S,vertes,-10.26177,verts,-11.673719,1
1816,P_NOUN_9_ADJ_b,F,P,les colles avec le miroir qui étaient là depuis hier ne sont pas très bleues <eos>,14,bleues,bleus,12,M,S,bleues,-12.209942,bleus,-12.59519,1
1817,P_NOUN_9_ADJ_b,F,P,les colles avec le miroir qui étaient là depuis hier ne sont pas très noires <eos>,14,noires,noirs,12,M,S,noires,-10.415997,noirs,-13.20982,1
1818,P_NOUN_9_ADJ_b,F,P,les colles avec le miroir qui étaient là depuis hier ne sont pas très délicates <eos>,14,délicates,délicats,12,M,S,délicates,-8.801024,délicats,-9.267095,1
1819,P_NOUN_9_ADJ_b,F,P,les colles avec le miroir qui étaient là depuis hier ne sont pas très pointues <eos>,14,pointues,pointus,12,M,S,pointues,-9.057267,pointus,-11.255851,1
1820,P_NOUN_9_ADJ_b,F,P,les colles avec le miroir qui étaient là depuis hier ne sont pas très rondes <eos>,14,rondes,ronds,12,M,S,rondes,-10.733719,ronds,-12.641134,1
1821,P_NOUN_9_ADJ_b,F,P,les colles avec le miroir qui étaient là depuis hier ne sont pas très froides <eos>,14,froides,froids,12,M,S,froides,-6.4266505,froids,-11.492279,1
1822,P_NOUN_9_ADJ_b,F,P,les colles avec le miroir qui étaient là depuis hier ne sont pas très chaudes <eos>,14,chaudes,chauds,12,M,S,chaudes,-7.362238,chauds,-9.256783,1
1823,P_NOUN_9_ADJ_b,F,P,les colles avec le miroir qui étaient là depuis hier ne sont pas très importantes <eos>,14,importantes,importants,12,M,S,importantes,-5.507573,importants,-8.711693,1
1824,P_NOUN_9_ADJ_b,F,P,les colles avec le miroir qui étaient là depuis hier ne sont pas très courtes <eos>,14,courtes,courts,12,M,S,courtes,-6.2083473,courts,-8.521754,1
1825,P_NOUN_9_ADJ_b,F,P,les colles avec le miroir qui étaient là depuis hier ne sont pas très dures <eos>,14,dures,durs,12,M,S,dures,-5.9208584,durs,-7.210847,1
1826,P_NOUN_9_ADJ_b,F,P,les colles avec le miroir qui étaient là depuis hier ne sont pas très claires <eos>,14,claires,clairs,12,M,S,claires,-4.296011,clairs,-7.3149567,1
1827,P_NOUN_9_ADJ_b,F,P,les colles avec le miroir qui étaient là depuis hier ne sont pas très intéressantes <eos>,14,intéressantes,intéressants,12,M,S,intéressantes,-6.8917007,intéressants,-9.178002,1
1828,P_NOUN_9_ADJ_b,F,P,les colles avec le miroir qui étaient là depuis hier ne sont pas très brillantes <eos>,14,brillantes,brillants,12,M,S,brillantes,-6.896658,brillants,-9.078199,1
1829,P_NOUN_9_ADJ_b,F,P,les colles avec le miroir qui étaient là depuis hier ne sont pas très compliquées <eos>,14,compliquées,compliqués,12,M,S,compliquées,-6.9251404,compliqués,-7.096854,1
1830,P_NOUN_9_ADJ_b,F,P,les colles avec le crayon qui étaient là depuis hier ne sont pas très vertes <eos>,14,vertes,verts,12,M,S,vertes,-9.876164,verts,-11.23289,1
1831,P_NOUN_9_ADJ_b,F,P,les colles avec le crayon qui étaient là depuis hier ne sont pas très bleues <eos>,14,bleues,bleus,12,M,S,bleues,-11.940374,bleus,-12.341326,1
1832,P_NOUN_9_ADJ_b,F,P,les colles avec le crayon qui étaient là depuis hier ne sont pas très noires <eos>,14,noires,noirs,12,M,S,noires,-10.338787,noirs,-12.998295,1
1833,P_NOUN_9_ADJ_b,F,P,les colles avec le crayon qui étaient là depuis hier ne sont pas très délicates <eos>,14,délicates,délicats,12,M,S,délicates,-8.609089,délicats,-8.9461565,1
1834,P_NOUN_9_ADJ_b,F,P,les colles avec le crayon qui étaient là depuis hier ne sont pas très pointues <eos>,14,pointues,pointus,12,M,S,pointues,-9.701506,pointus,-11.527838,1
1835,P_NOUN_9_ADJ_b,F,P,les colles avec le crayon qui étaient là depuis hier ne sont pas très rondes <eos>,14,rondes,ronds,12,M,S,rondes,-11.243972,ronds,-12.47321,1
1836,P_NOUN_9_ADJ_b,F,P,les colles avec le crayon qui étaient là depuis hier ne sont pas très froides <eos>,14,froides,froids,12,M,S,froides,-6.246443,froids,-11.398757,1
1837,P_NOUN_9_ADJ_b,F,P,les colles avec le crayon qui étaient là depuis hier ne sont pas très chaudes <eos>,14,chaudes,chauds,12,M,S,chaudes,-7.19699,chauds,-9.153485,1
1838,P_NOUN_9_ADJ_b,F,P,les colles avec le crayon qui étaient là depuis hier ne sont pas très importantes <eos>,14,importantes,importants,12,M,S,importantes,-5.4710093,importants,-8.675539,1
1839,P_NOUN_9_ADJ_b,F,P,les colles avec le crayon qui étaient là depuis hier ne sont pas très courtes <eos>,14,courtes,courts,12,M,S,courtes,-6.6435585,courts,-8.669677,1
1840,P_NOUN_9_ADJ_b,F,P,les colles avec le crayon qui étaient là depuis hier ne sont pas très dures <eos>,14,dures,durs,12,M,S,dures,-5.716464,durs,-6.8814583,1
1841,P_NOUN_9_ADJ_b,F,P,les colles avec le crayon qui étaient là depuis hier ne sont pas très claires <eos>,14,claires,clairs,12,M,S,claires,-4.1258693,clairs,-6.651994,1
1842,P_NOUN_9_ADJ_b,F,P,les colles avec le crayon qui étaient là depuis hier ne sont pas très intéressantes <eos>,14,intéressantes,intéressants,12,M,S,intéressantes,-6.784946,intéressants,-9.167898,1
1843,P_NOUN_9_ADJ_b,F,P,les colles avec le crayon qui étaient là depuis hier ne sont pas très brillantes <eos>,14,brillantes,brillants,12,M,S,brillantes,-6.7806573,brillants,-8.830433,1
1844,P_NOUN_9_ADJ_b,F,P,les colles avec le crayon qui étaient là depuis hier ne sont pas très compliquées <eos>,14,compliquées,compliqués,12,M,S,compliquées,-7.361781,compliqués,-7.1860476,0
1845,P_NOUN_9_ADJ_b,F,P,les colles avec le rideau qui étaient là depuis hier ne sont pas très vertes <eos>,14,vertes,verts,12,M,S,vertes,-10.40343,verts,-11.455545,1
1846,P_NOUN_9_ADJ_b,F,P,les colles avec le rideau qui étaient là depuis hier ne sont pas très bleues <eos>,14,bleues,bleus,12,M,S,bleues,-11.729415,bleus,-12.165445,1
1847,P_NOUN_9_ADJ_b,F,P,les colles avec le rideau qui étaient là depuis hier ne sont pas très noires <eos>,14,noires,noirs,12,M,S,noires,-10.118967,noirs,-12.983006,1
1848,P_NOUN_9_ADJ_b,F,P,les colles avec le rideau qui étaient là depuis hier ne sont pas très délicates <eos>,14,délicates,délicats,12,M,S,délicates,-8.465963,délicats,-9.119054,1
1849,P_NOUN_9_ADJ_b,F,P,les colles avec le rideau qui étaient là depuis hier ne sont pas très pointues <eos>,14,pointues,pointus,12,M,S,pointues,-9.039624,pointus,-11.5059,1
1850,P_NOUN_9_ADJ_b,F,P,les colles avec le rideau qui étaient là depuis hier ne sont pas très rondes <eos>,14,rondes,ronds,12,M,S,rondes,-10.740662,ronds,-12.434209,1
1851,P_NOUN_9_ADJ_b,F,P,les colles avec le rideau qui étaient là depuis hier ne sont pas très froides <eos>,14,froides,froids,12,M,S,froides,-6.117527,froids,-11.266493,1
1852,P_NOUN_9_ADJ_b,F,P,les colles avec le rideau qui étaient là depuis hier ne sont pas très chaudes <eos>,14,chaudes,chauds,12,M,S,chaudes,-7.2310696,chauds,-9.0695505,1
1853,P_NOUN_9_ADJ_b,F,P,les colles avec le rideau qui étaient là depuis hier ne sont pas très importantes <eos>,14,importantes,importants,12,M,S,importantes,-5.2676086,importants,-8.574347,1
1854,P_NOUN_9_ADJ_b,F,P,les colles avec le rideau qui étaient là depuis hier ne sont pas très courtes <eos>,14,courtes,courts,12,M,S,courtes,-6.3048544,courts,-8.591306,1
1855,P_NOUN_9_ADJ_b,F,P,les colles avec le rideau qui étaient là depuis hier ne sont pas très dures <eos>,14,dures,durs,12,M,S,dures,-5.281431,durs,-6.859022,1
1856,P_NOUN_9_ADJ_b,F,P,les colles avec le rideau qui étaient là depuis hier ne sont pas très claires <eos>,14,claires,clairs,12,M,S,claires,-4.004558,clairs,-6.851784,1
1857,P_NOUN_9_ADJ_b,F,P,les colles avec le rideau qui étaient là depuis hier ne sont pas très intéressantes <eos>,14,intéressantes,intéressants,12,M,S,intéressantes,-6.7771745,intéressants,-9.265234,1
1858,P_NOUN_9_ADJ_b,F,P,les colles avec le rideau qui étaient là depuis hier ne sont pas très brillantes <eos>,14,brillantes,brillants,12,M,S,brillantes,-6.6212234,brillants,-9.059805,1
1859,P_NOUN_9_ADJ_b,F,P,les colles avec le rideau qui étaient là depuis hier ne sont pas très compliquées <eos>,14,compliquées,compliqués,12,M,S,compliquées,-7.052196,compliqués,-7.3981633,1
1860,P_NOUN_9_ADJ_b,F,P,les colles avec le cahier qui étaient là depuis hier ne sont pas très vertes <eos>,14,vertes,verts,12,M,S,vertes,-10.313301,verts,-11.044231,1
1861,P_NOUN_9_ADJ_b,F,P,les colles avec le cahier qui étaient là depuis hier ne sont pas très bleues <eos>,14,bleues,bleus,12,M,S,bleues,-12.519609,bleus,-12.484983,0
1862,P_NOUN_9_ADJ_b,F,P,les colles avec le cahier qui étaient là depuis hier ne sont pas très noires <eos>,14,noires,noirs,12,M,S,noires,-10.86188,noirs,-13.010318,1
1863,P_NOUN_9_ADJ_b,F,P,les colles avec le cahier qui étaient là depuis hier ne sont pas très délicates <eos>,14,délicates,délicats,12,M,S,délicates,-8.575286,délicats,-8.732798,1
1864,P_NOUN_9_ADJ_b,F,P,les colles avec le cahier qui étaient là depuis hier ne sont pas très pointues <eos>,14,pointues,pointus,12,M,S,pointues,-9.455444,pointus,-11.068987,1
1865,P_NOUN_9_ADJ_b,F,P,les colles avec le cahier qui étaient là depuis hier ne sont pas très rondes <eos>,14,rondes,ronds,12,M,S,rondes,-10.807468,ronds,-12.543888,1
1866,P_NOUN_9_ADJ_b,F,P,les colles avec le cahier qui étaient là depuis hier ne sont pas très froides <eos>,14,froides,froids,12,M,S,froides,-6.220949,froids,-10.809013,1
1867,P_NOUN_9_ADJ_b,F,P,les colles avec le cahier qui étaient là depuis hier ne sont pas très chaudes <eos>,14,chaudes,chauds,12,M,S,chaudes,-7.2732744,chauds,-8.589296,1
1868,P_NOUN_9_ADJ_b,F,P,les colles avec le cahier qui étaient là depuis hier ne sont pas très importantes <eos>,14,importantes,importants,12,M,S,importantes,-5.6432695,importants,-7.8486547,1
1869,P_NOUN_9_ADJ_b,F,P,les colles avec le cahier qui étaient là depuis hier ne sont pas très courtes <eos>,14,courtes,courts,12,M,S,courtes,-6.309455,courts,-7.908663,1
1870,P_NOUN_9_ADJ_b,F,P,les colles avec le cahier qui étaient là depuis hier ne sont pas très dures <eos>,14,dures,durs,12,M,S,dures,-5.557104,durs,-6.5205536,1
1871,P_NOUN_9_ADJ_b,F,P,les colles avec le cahier qui étaient là depuis hier ne sont pas très claires <eos>,14,claires,clairs,12,M,S,claires,-4.117705,clairs,-6.457043,1
1872,P_NOUN_9_ADJ_b,F,P,les colles avec le cahier qui étaient là depuis hier ne sont pas très intéressantes <eos>,14,intéressantes,intéressants,12,M,S,intéressantes,-6.910354,intéressants,-8.487844,1
1873,P_NOUN_9_ADJ_b,F,P,les colles avec le cahier qui étaient là depuis hier ne sont pas très brillantes <eos>,14,brillantes,brillants,12,M,S,brillantes,-7.347711,brillants,-8.634329,1
1874,P_NOUN_9_ADJ_b,F,P,les colles avec le cahier qui étaient là depuis hier ne sont pas très compliquées <eos>,14,compliquées,compliqués,12,M,S,compliquées,-7.2775364,compliqués,-6.899206,0
1875,P_NOUN_9_ADJ_b,F,P,les colles avec le micro qui étaient là depuis hier ne sont pas très vertes <eos>,14,vertes,verts,12,M,S,vertes,-10.268184,verts,-11.397506,1
1876,P_NOUN_9_ADJ_b,F,P,les colles avec le micro qui étaient là depuis hier ne sont pas très bleues <eos>,14,bleues,bleus,12,M,S,bleues,-11.969244,bleus,-12.179384,1
1877,P_NOUN_9_ADJ_b,F,P,les colles avec le micro qui étaient là depuis hier ne sont pas très noires <eos>,14,noires,noirs,12,M,S,noires,-10.353695,noirs,-13.140471,1
1878,P_NOUN_9_ADJ_b,F,P,les colles avec le micro qui étaient là depuis hier ne sont pas très délicates <eos>,14,délicates,délicats,12,M,S,délicates,-8.8016405,délicats,-9.245211,1
1879,P_NOUN_9_ADJ_b,F,P,les colles avec le micro qui étaient là depuis hier ne sont pas très pointues <eos>,14,pointues,pointus,12,M,S,pointues,-9.301184,pointus,-11.7014065,1
1880,P_NOUN_9_ADJ_b,F,P,les colles avec le micro qui étaient là depuis hier ne sont pas très rondes <eos>,14,rondes,ronds,12,M,S,rondes,-10.966651,ronds,-12.612039,1
1881,P_NOUN_9_ADJ_b,F,P,les colles avec le micro qui étaient là depuis hier ne sont pas très froides <eos>,14,froides,froids,12,M,S,froides,-6.0973344,froids,-11.43383,1
1882,P_NOUN_9_ADJ_b,F,P,les colles avec le micro qui étaient là depuis hier ne sont pas très chaudes <eos>,14,chaudes,chauds,12,M,S,chaudes,-7.1873207,chauds,-9.220121,1
1883,P_NOUN_9_ADJ_b,F,P,les colles avec le micro qui étaient là depuis hier ne sont pas très importantes <eos>,14,importantes,importants,12,M,S,importantes,-5.2442436,importants,-8.542152,1
1884,P_NOUN_9_ADJ_b,F,P,les colles avec le micro qui étaient là depuis hier ne sont pas très courtes <eos>,14,courtes,courts,12,M,S,courtes,-6.1616774,courts,-8.281759,1
1885,P_NOUN_9_ADJ_b,F,P,les colles avec le micro qui étaient là depuis hier ne sont pas très dures <eos>,14,dures,durs,12,M,S,dures,-5.790455,durs,-6.953596,1
1886,P_NOUN_9_ADJ_b,F,P,les colles avec le micro qui étaient là depuis hier ne sont pas très claires <eos>,14,claires,clairs,12,M,S,claires,-4.030247,clairs,-7.284209,1
1887,P_NOUN_9_ADJ_b,F,P,les colles avec le micro qui étaient là depuis hier ne sont pas très intéressantes <eos>,14,intéressantes,intéressants,12,M,S,intéressantes,-6.579974,intéressants,-9.091285,1
1888,P_NOUN_9_ADJ_b,F,P,les colles avec le micro qui étaient là depuis hier ne sont pas très brillantes <eos>,14,brillantes,brillants,12,M,S,brillantes,-7.2489624,brillants,-9.350719,1
1889,P_NOUN_9_ADJ_b,F,P,les colles avec le micro qui étaient là depuis hier ne sont pas très compliquées <eos>,14,compliquées,compliqués,12,M,S,compliquées,-7.187811,compliqués,-7.483159,1
1890,P_NOUN_9_ADJ_b,F,P,les colles avec le sac qui étaient là depuis hier ne sont pas très vertes <eos>,14,vertes,verts,12,M,S,vertes,-10.348286,verts,-11.221212,1
1891,P_NOUN_9_ADJ_b,F,P,les colles avec le sac qui étaient là depuis hier ne sont pas très bleues <eos>,14,bleues,bleus,12,M,S,bleues,-12.166322,bleus,-12.331647,1
1892,P_NOUN_9_ADJ_b,F,P,les colles avec le sac qui étaient là depuis hier ne sont pas très noires <eos>,14,noires,noirs,12,M,S,noires,-10.425535,noirs,-12.920055,1
1893,P_NOUN_9_ADJ_b,F,P,les colles avec le sac qui étaient là depuis hier ne sont pas très délicates <eos>,14,délicates,délicats,12,M,S,délicates,-8.967875,délicats,-8.9971895,1
1894,P_NOUN_9_ADJ_b,F,P,les colles avec le sac qui étaient là depuis hier ne sont pas très pointues <eos>,14,pointues,pointus,12,M,S,pointues,-9.125906,pointus,-11.272848,1
1895,P_NOUN_9_ADJ_b,F,P,les colles avec le sac qui étaient là depuis hier ne sont pas très rondes <eos>,14,rondes,ronds,12,M,S,rondes,-10.780235,ronds,-12.484561,1
1896,P_NOUN_9_ADJ_b,F,P,les colles avec le sac qui étaient là depuis hier ne sont pas très froides <eos>,14,froides,froids,12,M,S,froides,-6.091497,froids,-11.137674,1
1897,P_NOUN_9_ADJ_b,F,P,les colles avec le sac qui étaient là depuis hier ne sont pas très chaudes <eos>,14,chaudes,chauds,12,M,S,chaudes,-7.289157,chauds,-8.743051,1
1898,P_NOUN_9_ADJ_b,F,P,les colles avec le sac qui étaient là depuis hier ne sont pas très importantes <eos>,14,importantes,importants,12,M,S,importantes,-5.469154,importants,-8.360575,1
1899,P_NOUN_9_ADJ_b,F,P,les colles avec le sac qui étaient là depuis hier ne sont pas très courtes <eos>,14,courtes,courts,12,M,S,courtes,-6.525694,courts,-8.250745,1
1900,P_NOUN_9_ADJ_b,F,P,les colles avec le sac qui étaient là depuis hier ne sont pas très dures <eos>,14,dures,durs,12,M,S,dures,-5.3393326,durs,-6.525548,1
1901,P_NOUN_9_ADJ_b,F,P,les colles avec le sac qui étaient là depuis hier ne sont pas très claires <eos>,14,claires,clairs,12,M,S,claires,-4.2976103,clairs,-7.031293,1
1902,P_NOUN_9_ADJ_b,F,P,les colles avec le sac qui étaient là depuis hier ne sont pas très intéressantes <eos>,14,intéressantes,intéressants,12,M,S,intéressantes,-6.8486633,intéressants,-9.087469,1
1903,P_NOUN_9_ADJ_b,F,P,les colles avec le sac qui étaient là depuis hier ne sont pas très brillantes <eos>,14,brillantes,brillants,12,M,S,brillantes,-7.117158,brillants,-8.860391,1
1904,P_NOUN_9_ADJ_b,F,P,les colles avec le sac qui étaient là depuis hier ne sont pas très compliquées <eos>,14,compliquées,compliqués,12,M,S,compliquées,-7.2753067,compliqués,-7.386898,1
1905,P_NOUN_9_ADJ_b,F,P,les colles avec le clavier qui étaient là depuis hier ne sont pas très vertes <eos>,14,vertes,verts,12,M,S,vertes,-10.949667,verts,-12.124771,1
1906,P_NOUN_9_ADJ_b,F,P,les colles avec le clavier qui étaient là depuis hier ne sont pas très bleues <eos>,14,bleues,bleus,12,M,S,bleues,-12.602095,bleus,-13.149563,1
1907,P_NOUN_9_ADJ_b,F,P,les colles avec le clavier qui étaient là depuis hier ne sont pas très noires <eos>,14,noires,noirs,12,M,S,noires,-10.901178,noirs,-13.482734,1
1908,P_NOUN_9_ADJ_b,F,P,les colles avec le clavier qui étaient là depuis hier ne sont pas très délicates <eos>,14,délicates,délicats,12,M,S,délicates,-8.949381,délicats,-9.556181,1
1909,P_NOUN_9_ADJ_b,F,P,les colles avec le clavier qui étaient là depuis hier ne sont pas très pointues <eos>,14,pointues,pointus,12,M,S,pointues,-9.2021055,pointus,-12.3117075,1
1910,P_NOUN_9_ADJ_b,F,P,les colles avec le clavier qui étaient là depuis hier ne sont pas très rondes <eos>,14,rondes,ronds,12,M,S,rondes,-10.966174,ronds,-13.186632,1
1911,P_NOUN_9_ADJ_b,F,P,les colles avec le clavier qui étaient là depuis hier ne sont pas très froides <eos>,14,froides,froids,12,M,S,froides,-6.6839695,froids,-12.062492,1
1912,P_NOUN_9_ADJ_b,F,P,les colles avec le clavier qui étaient là depuis hier ne sont pas très chaudes <eos>,14,chaudes,chauds,12,M,S,chaudes,-7.778822,chauds,-10.10698,1
1913,P_NOUN_9_ADJ_b,F,P,les colles avec le clavier qui étaient là depuis hier ne sont pas très importantes <eos>,14,importantes,importants,12,M,S,importantes,-5.6095905,importants,-8.826976,1
1914,P_NOUN_9_ADJ_b,F,P,les colles avec le clavier qui étaient là depuis hier ne sont pas très courtes <eos>,14,courtes,courts,12,M,S,courtes,-6.2742023,courts,-8.767051,1
1915,P_NOUN_9_ADJ_b,F,P,les colles avec le clavier qui étaient là depuis hier ne sont pas très dures <eos>,14,dures,durs,12,M,S,dures,-5.7372293,durs,-6.4378843,1
1916,P_NOUN_9_ADJ_b,F,P,les colles avec le clavier qui étaient là depuis hier ne sont pas très claires <eos>,14,claires,clairs,12,M,S,claires,-3.9285877,clairs,-7.0570955,1
1917,P_NOUN_9_ADJ_b,F,P,les colles avec le clavier qui étaient là depuis hier ne sont pas très intéressantes <eos>,14,intéressantes,intéressants,12,M,S,intéressantes,-6.688455,intéressants,-8.945061,1
1918,P_NOUN_9_ADJ_b,F,P,les colles avec le clavier qui étaient là depuis hier ne sont pas très brillantes <eos>,14,brillantes,brillants,12,M,S,brillantes,-6.79541,brillants,-9.525118,1
1919,P_NOUN_9_ADJ_b,F,P,les colles avec le clavier qui étaient là depuis hier ne sont pas très compliquées <eos>,14,compliquées,compliqués,12,M,S,compliquées,-6.3772964,compliqués,-7.0889416,1
1920,P_NOUN_9_ADJ_b,F,P,les colles avec le raisin qui étaient là depuis hier ne sont pas très vertes <eos>,14,vertes,verts,12,M,S,vertes,-9.975119,verts,-11.659837,1
1921,P_NOUN_9_ADJ_b,F,P,les colles avec le raisin qui étaient là depuis hier ne sont pas très bleues <eos>,14,bleues,bleus,12,M,S,bleues,-12.340352,bleus,-12.872456,1
1922,P_NOUN_9_ADJ_b,F,P,les colles avec le raisin qui étaient là depuis hier ne sont pas très noires <eos>,14,noires,noirs,12,M,S,noires,-10.354518,noirs,-13.554489,1
1923,P_NOUN_9_ADJ_b,F,P,les colles avec le raisin qui étaient là depuis hier ne sont pas très délicates <eos>,14,délicates,délicats,12,M,S,délicates,-8.8527565,délicats,-8.793785,0
1924,P_NOUN_9_ADJ_b,F,P,les colles avec le raisin qui étaient là depuis hier ne sont pas très pointues <eos>,14,pointues,pointus,12,M,S,pointues,-9.296986,pointus,-12.21479,1
1925,P_NOUN_9_ADJ_b,F,P,les colles avec le raisin qui étaient là depuis hier ne sont pas très rondes <eos>,14,rondes,ronds,12,M,S,rondes,-11.149073,ronds,-12.942689,1
1926,P_NOUN_9_ADJ_b,F,P,les colles avec le raisin qui étaient là depuis hier ne sont pas très froides <eos>,14,froides,froids,12,M,S,froides,-5.975119,froids,-10.9812355,1
1927,P_NOUN_9_ADJ_b,F,P,les colles avec le raisin qui étaient là depuis hier ne sont pas très chaudes <eos>,14,chaudes,chauds,12,M,S,chaudes,-6.493971,chauds,-8.7333765,1
1928,P_NOUN_9_ADJ_b,F,P,les colles avec le raisin qui étaient là depuis hier ne sont pas très importantes <eos>,14,importantes,importants,12,M,S,importantes,-4.946685,importants,-8.572609,1
1929,P_NOUN_9_ADJ_b,F,P,les colles avec le raisin qui étaient là depuis hier ne sont pas très courtes <eos>,14,courtes,courts,12,M,S,courtes,-6.8601203,courts,-9.052191,1
1930,P_NOUN_9_ADJ_b,F,P,les colles avec le raisin qui étaient là depuis hier ne sont pas très dures <eos>,14,dures,durs,12,M,S,dures,-5.3973217,durs,-7.0060663,1
1931,P_NOUN_9_ADJ_b,F,P,les colles avec le raisin qui étaient là depuis hier ne sont pas très claires <eos>,14,claires,clairs,12,M,S,claires,-4.0452404,clairs,-7.849737,1
1932,P_NOUN_9_ADJ_b,F,P,les colles avec le raisin qui étaient là depuis hier ne sont pas très intéressantes <eos>,14,intéressantes,intéressants,12,M,S,intéressantes,-6.523301,intéressants,-9.666082,1
1933,P_NOUN_9_ADJ_b,F,P,les colles avec le raisin qui étaient là depuis hier ne sont pas très brillantes <eos>,14,brillantes,brillants,12,M,S,brillantes,-7.4535894,brillants,-9.430911,1
1934,P_NOUN_9_ADJ_b,F,P,les colles avec le raisin qui étaient là depuis hier ne sont pas très compliquées <eos>,14,compliquées,compliqués,12,M,S,compliquées,-8.378807,compliqués,-8.554827,1
1935,P_NOUN_9_ADJ_b,F,P,les colles avec le chargeur qui étaient là depuis hier ne sont pas très vertes <eos>,14,vertes,verts,12,M,S,vertes,-10.919662,verts,-12.495102,1
1936,P_NOUN_9_ADJ_b,F,P,les colles avec le chargeur qui étaient là depuis hier ne sont pas très bleues <eos>,14,bleues,bleus,12,M,S,bleues,-12.606267,bleus,-12.914892,1
1937,P_NOUN_9_ADJ_b,F,P,les colles avec le chargeur qui étaient là depuis hier ne sont pas très noires <eos>,14,noires,noirs,12,M,S,noires,-10.422845,noirs,-13.060826,1
1938,P_NOUN_9_ADJ_b,F,P,les colles avec le chargeur qui étaient là depuis hier ne sont pas très délicates <eos>,14,délicates,délicats,12,M,S,délicates,-9.460112,délicats,-9.971846,1
1939,P_NOUN_9_ADJ_b,F,P,les colles avec le chargeur qui étaient là depuis hier ne sont pas très pointues <eos>,14,pointues,pointus,12,M,S,pointues,-9.031221,pointus,-11.794434,1
1940,P_NOUN_9_ADJ_b,F,P,les colles avec le chargeur qui étaient là depuis hier ne sont pas très rondes <eos>,14,rondes,ronds,12,M,S,rondes,-11.052898,ronds,-12.91692,1
1941,P_NOUN_9_ADJ_b,F,P,les colles avec le chargeur qui étaient là depuis hier ne sont pas très froides <eos>,14,froides,froids,12,M,S,froides,-6.046114,froids,-11.835095,1
1942,P_NOUN_9_ADJ_b,F,P,les colles avec le chargeur qui étaient là depuis hier ne sont pas très chaudes <eos>,14,chaudes,chauds,12,M,S,chaudes,-7.788911,chauds,-9.158034,1
1943,P_NOUN_9_ADJ_b,F,P,les colles avec le chargeur qui étaient là depuis hier ne sont pas très importantes <eos>,14,importantes,importants,12,M,S,importantes,-5.4556465,importants,-8.876059,1
1944,P_NOUN_9_ADJ_b,F,P,les colles avec le chargeur qui étaient là depuis hier ne sont pas très courtes <eos>,14,courtes,courts,12,M,S,courtes,-6.098607,courts,-8.689579,1
1945,P_NOUN_9_ADJ_b,F,P,les colles avec le chargeur qui étaient là depuis hier ne sont pas très dures <eos>,14,dures,durs,12,M,S,dures,-5.7310214,durs,-7.1714377,1
1946,P_NOUN_9_ADJ_b,F,P,les colles avec le chargeur qui étaient là depuis hier ne sont pas très claires <eos>,14,claires,clairs,12,M,S,claires,-4.8711615,clairs,-7.9096107,1
1947,P_NOUN_9_ADJ_b,F,P,les colles avec le chargeur qui étaient là depuis hier ne sont pas très intéressantes <eos>,14,intéressantes,intéressants,12,M,S,intéressantes,-6.9418364,intéressants,-9.569742,1
1948,P_NOUN_9_ADJ_b,F,P,les colles avec le chargeur qui étaient là depuis hier ne sont pas très brillantes <eos>,14,brillantes,brillants,12,M,S,brillantes,-7.503849,brillants,-9.527197,1
1949,P_NOUN_9_ADJ_b,F,P,les colles avec le chargeur qui étaient là depuis hier ne sont pas très compliquées <eos>,14,compliquées,compliqués,12,M,S,compliquées,-7.0103602,compliqués,-7.4411674,1
1950,P_NOUN_9_ADJ_b,F,P,les colles avec le vase qui étaient là depuis hier ne sont pas très vertes <eos>,14,vertes,verts,12,M,S,vertes,-10.344447,verts,-11.370349,1
1951,P_NOUN_9_ADJ_b,F,P,les colles avec le vase qui étaient là depuis hier ne sont pas très bleues <eos>,14,bleues,bleus,12,M,S,bleues,-12.379774,bleus,-12.743614,1
1952,P_NOUN_9_ADJ_b,F,P,les colles avec le vase qui étaient là depuis hier ne sont pas très noires <eos>,14,noires,noirs,12,M,S,noires,-10.493177,noirs,-13.578686,1
1953,P_NOUN_9_ADJ_b,F,P,les colles avec le vase qui étaient là depuis hier ne sont pas très délicates <eos>,14,délicates,délicats,12,M,S,délicates,-8.489408,délicats,-8.870345,1
1954,P_NOUN_9_ADJ_b,F,P,les colles avec le vase qui étaient là depuis hier ne sont pas très pointues <eos>,14,pointues,pointus,12,M,S,pointues,-9.300173,pointus,-11.496376,1
1955,P_NOUN_9_ADJ_b,F,P,les colles avec le vase qui étaient là depuis hier ne sont pas très rondes <eos>,14,rondes,ronds,12,M,S,rondes,-11.302721,ronds,-12.883738,1
1956,P_NOUN_9_ADJ_b,F,P,les colles avec le vase qui étaient là depuis hier ne sont pas très froides <eos>,14,froides,froids,12,M,S,froides,-5.933315,froids,-11.026346,1
1957,P_NOUN_9_ADJ_b,F,P,les colles avec le vase qui étaient là depuis hier ne sont pas très chaudes <eos>,14,chaudes,chauds,12,M,S,chaudes,-6.613022,chauds,-8.6274,1
1958,P_NOUN_9_ADJ_b,F,P,les colles avec le vase qui étaient là depuis hier ne sont pas très importantes <eos>,14,importantes,importants,12,M,S,importantes,-4.755281,importants,-7.8952193,1
1959,P_NOUN_9_ADJ_b,F,P,les colles avec le vase qui étaient là depuis hier ne sont pas très courtes <eos>,14,courtes,courts,12,M,S,courtes,-7.095479,courts,-9.029517,1
1960,P_NOUN_9_ADJ_b,F,P,les colles avec le vase qui étaient là depuis hier ne sont pas très dures <eos>,14,dures,durs,12,M,S,dures,-5.4611626,durs,-6.92661,1
1961,P_NOUN_9_ADJ_b,F,P,les colles avec le vase qui étaient là depuis hier ne sont pas très claires <eos>,14,claires,clairs,12,M,S,claires,-4.0869923,clairs,-7.126239,1
1962,P_NOUN_9_ADJ_b,F,P,les colles avec le vase qui étaient là depuis hier ne sont pas très intéressantes <eos>,14,intéressantes,intéressants,12,M,S,intéressantes,-6.370685,intéressants,-8.89835,1
1963,P_NOUN_9_ADJ_b,F,P,les colles avec le vase qui étaient là depuis hier ne sont pas très brillantes <eos>,14,brillantes,brillants,12,M,S,brillantes,-7.053961,brillants,-9.022017,1
1964,P_NOUN_9_ADJ_b,F,P,les colles avec le vase qui étaient là depuis hier ne sont pas très compliquées <eos>,14,compliquées,compliqués,12,M,S,compliquées,-7.57777,compliqués,-7.3897667,0
1965,P_NOUN_9_ADJ_b,F,P,les colles avec le panier qui étaient là depuis hier ne sont pas très vertes <eos>,14,vertes,verts,12,M,S,vertes,-10.526612,verts,-11.325174,1
1966,P_NOUN_9_ADJ_b,F,P,les colles avec le panier qui étaient là depuis hier ne sont pas très bleues <eos>,14,bleues,bleus,12,M,S,bleues,-12.500547,bleus,-12.440597,0
1967,P_NOUN_9_ADJ_b,F,P,les colles avec le panier qui étaient là depuis hier ne sont pas très noires <eos>,14,noires,noirs,12,M,S,noires,-10.528774,noirs,-13.064615,1
1968,P_NOUN_9_ADJ_b,F,P,les colles avec le panier qui étaient là depuis hier ne sont pas très délicates <eos>,14,délicates,délicats,12,M,S,délicates,-8.968828,délicats,-9.135104,1
1969,P_NOUN_9_ADJ_b,F,P,les colles avec le panier qui étaient là depuis hier ne sont pas très pointues <eos>,14,pointues,pointus,12,M,S,pointues,-9.210601,pointus,-11.345638,1
1970,P_NOUN_9_ADJ_b,F,P,les colles avec le panier qui étaient là depuis hier ne sont pas très rondes <eos>,14,rondes,ronds,12,M,S,rondes,-10.98292,ronds,-12.33003,1
1971,P_NOUN_9_ADJ_b,F,P,les colles avec le panier qui étaient là depuis hier ne sont pas très froides <eos>,14,froides,froids,12,M,S,froides,-6.1180186,froids,-11.470642,1
1972,P_NOUN_9_ADJ_b,F,P,les colles avec le panier qui étaient là depuis hier ne sont pas très chaudes <eos>,14,chaudes,chauds,12,M,S,chaudes,-7.306712,chauds,-8.698085,1
1973,P_NOUN_9_ADJ_b,F,P,les colles avec le panier qui étaient là depuis hier ne sont pas très importantes <eos>,14,importantes,importants,12,M,S,importantes,-5.2560153,importants,-8.062786,1
1974,P_NOUN_9_ADJ_b,F,P,les colles avec le panier qui étaient là depuis hier ne sont pas très courtes <eos>,14,courtes,courts,12,M,S,courtes,-6.6139092,courts,-8.233675,1
1975,P_NOUN_9_ADJ_b,F,P,les colles avec le panier qui étaient là depuis hier ne sont pas très dures <eos>,14,dures,durs,12,M,S,dures,-5.5592985,durs,-6.6642084,1
1976,P_NOUN_9_ADJ_b,F,P,les colles avec le panier qui étaient là depuis hier ne sont pas très claires <eos>,14,claires,clairs,12,M,S,claires,-4.447471,clairs,-7.207358,1
1977,P_NOUN_9_ADJ_b,F,P,les colles avec le panier qui étaient là depuis hier ne sont pas très intéressantes <eos>,14,intéressantes,intéressants,12,M,S,intéressantes,-6.7551866,intéressants,-9.033377,1
1978,P_NOUN_9_ADJ_b,F,P,les colles avec le panier qui étaient là depuis hier ne sont pas très brillantes <eos>,14,brillantes,brillants,12,M,S,brillantes,-7.5997944,brillants,-8.87454,1
1979,P_NOUN_9_ADJ_b,F,P,les colles avec le panier qui étaient là depuis hier ne sont pas très compliquées <eos>,14,compliquées,compliqués,12,M,S,compliquées,-7.58157,compliqués,-7.295218,0
1980,P_NOUN_9_ADJ_b,F,P,les colles avec le collier qui étaient là depuis hier ne sont pas très vertes <eos>,14,vertes,verts,12,M,S,vertes,-10.403255,verts,-10.798321,1
1981,P_NOUN_9_ADJ_b,F,P,les colles avec le collier qui étaient là depuis hier ne sont pas très bleues <eos>,14,bleues,bleus,12,M,S,bleues,-11.925976,bleus,-12.031321,1
1982,P_NOUN_9_ADJ_b,F,P,les colles avec le collier qui étaient là depuis hier ne sont pas très noires <eos>,14,noires,noirs,12,M,S,noires,-10.413411,noirs,-12.531442,1
1983,P_NOUN_9_ADJ_b,F,P,les colles avec le collier qui étaient là depuis hier ne sont pas très délicates <eos>,14,délicates,délicats,12,M,S,délicates,-8.784161,délicats,-9.190291,1
1984,P_NOUN_9_ADJ_b,F,P,les colles avec le collier qui étaient là depuis hier ne sont pas très pointues <eos>,14,pointues,pointus,12,M,S,pointues,-9.06296,pointus,-11.019878,1
1985,P_NOUN_9_ADJ_b,F,P,les colles avec le collier qui étaient là depuis hier ne sont pas très rondes <eos>,14,rondes,ronds,12,M,S,rondes,-11.006985,ronds,-12.298524,1
1986,P_NOUN_9_ADJ_b,F,P,les colles avec le collier qui étaient là depuis hier ne sont pas très froides <eos>,14,froides,froids,12,M,S,froides,-6.1363435,froids,-11.410332,1
1987,P_NOUN_9_ADJ_b,F,P,les colles avec le collier qui étaient là depuis hier ne sont pas très chaudes <eos>,14,chaudes,chauds,12,M,S,chaudes,-7.500344,chauds,-8.720959,1
1988,P_NOUN_9_ADJ_b,F,P,les colles avec le collier qui étaient là depuis hier ne sont pas très importantes <eos>,14,importantes,importants,12,M,S,importantes,-5.413245,importants,-7.874522,1
1989,P_NOUN_9_ADJ_b,F,P,les colles avec le collier qui étaient là depuis hier ne sont pas très courtes <eos>,14,courtes,courts,12,M,S,courtes,-6.8526106,courts,-8.124245,1
1990,P_NOUN_9_ADJ_b,F,P,les colles avec le collier qui étaient là depuis hier ne sont pas très dures <eos>,14,dures,durs,12,M,S,dures,-5.510521,durs,-6.60087,1
1991,P_NOUN_9_ADJ_b,F,P,les colles avec le collier qui étaient là depuis hier ne sont pas très claires <eos>,14,claires,clairs,12,M,S,claires,-4.2524147,clairs,-6.4239035,1
1992,P_NOUN_9_ADJ_b,F,P,les colles avec le collier qui étaient là depuis hier ne sont pas très intéressantes <eos>,14,intéressantes,intéressants,12,M,S,intéressantes,-6.734104,intéressants,-8.535279,1
1993,P_NOUN_9_ADJ_b,F,P,les colles avec le collier qui étaient là depuis hier ne sont pas très brillantes <eos>,14,brillantes,brillants,12,M,S,brillantes,-6.736321,brillants,-8.202202,1
1994,P_NOUN_9_ADJ_b,F,P,les colles avec le collier qui étaient là depuis hier ne sont pas très compliquées <eos>,14,compliquées,compliqués,12,M,S,compliquées,-7.125841,compliqués,-6.9669886,0
1995,P_NOUN_9_ADJ_b,F,P,les colles avec le chapeau qui étaient là depuis hier ne sont pas très vertes <eos>,14,vertes,verts,12,M,S,vertes,-10.001257,verts,-11.188511,1
1996,P_NOUN_9_ADJ_b,F,P,les colles avec le chapeau qui étaient là depuis hier ne sont pas très bleues <eos>,14,bleues,bleus,12,M,S,bleues,-11.342677,bleus,-11.833134,1
1997,P_NOUN_9_ADJ_b,F,P,les colles avec le chapeau qui étaient là depuis hier ne sont pas très noires <eos>,14,noires,noirs,12,M,S,noires,-9.713839,noirs,-12.5079,1
1998,P_NOUN_9_ADJ_b,F,P,les colles avec le chapeau qui étaient là depuis hier ne sont pas très délicates <eos>,14,délicates,délicats,12,M,S,délicates,-8.570128,délicats,-9.310769,1
1999,P_NOUN_9_ADJ_b,F,P,les colles avec le chapeau qui étaient là depuis hier ne sont pas très pointues <eos>,14,pointues,pointus,12,M,S,pointues,-8.766386,pointus,-11.302237,1
2000,P_NOUN_9_ADJ_b,F,P,les colles avec le chapeau qui étaient là depuis hier ne sont pas très rondes <eos>,14,rondes,ronds,12,M,S,rondes,-10.737608,ronds,-12.373127,1
2001,P_NOUN_9_ADJ_b,F,P,les colles avec le chapeau qui étaient là depuis hier ne sont pas très froides <eos>,14,froides,froids,12,M,S,froides,-6.0133057,froids,-11.620052,1
2002,P_NOUN_9_ADJ_b,F,P,les colles avec le chapeau qui étaient là depuis hier ne sont pas très chaudes <eos>,14,chaudes,chauds,12,M,S,chaudes,-7.1151776,chauds,-8.934061,1
2003,P_NOUN_9_ADJ_b,F,P,les colles avec le chapeau qui étaient là depuis hier ne sont pas très importantes <eos>,14,importantes,importants,12,M,S,importantes,-5.409378,importants,-8.791415,1
2004,P_NOUN_9_ADJ_b,F,P,les colles avec le chapeau qui étaient là depuis hier ne sont pas très courtes <eos>,14,courtes,courts,12,M,S,courtes,-6.4649477,courts,-8.600316,1
2005,P_NOUN_9_ADJ_b,F,P,les colles avec le chapeau qui étaient là depuis hier ne sont pas très dures <eos>,14,dures,durs,12,M,S,dures,-5.512985,durs,-7.0039005,1
2006,P_NOUN_9_ADJ_b,F,P,les colles avec le chapeau qui étaient là depuis hier ne sont pas très claires <eos>,14,claires,clairs,12,M,S,claires,-3.860197,clairs,-6.8231077,1
2007,P_NOUN_9_ADJ_b,F,P,les colles avec le chapeau qui étaient là depuis hier ne sont pas très intéressantes <eos>,14,intéressantes,intéressants,12,M,S,intéressantes,-6.7012906,intéressants,-9.324732,1
2008,P_NOUN_9_ADJ_b,F,P,les colles avec le chapeau qui étaient là depuis hier ne sont pas très brillantes <eos>,14,brillantes,brillants,12,M,S,brillantes,-6.6368694,brillants,-8.848239,1
2009,P_NOUN_9_ADJ_b,F,P,les colles avec le chapeau qui étaient là depuis hier ne sont pas très compliquées <eos>,14,compliquées,compliqués,12,M,S,compliquées,-7.373315,compliqués,-7.6998854,1
2010,P_NOUN_9_ADJ_b,F,P,les colles avec le pot qui étaient là depuis hier ne sont pas très vertes <eos>,14,vertes,verts,12,M,S,vertes,-10.115385,verts,-11.03311,1
2011,P_NOUN_9_ADJ_b,F,P,les colles avec le pot qui étaient là depuis hier ne sont pas très bleues <eos>,14,bleues,bleus,12,M,S,bleues,-12.12132,bleus,-12.216137,1
2012,P_NOUN_9_ADJ_b,F,P,les colles avec le pot qui étaient là depuis hier ne sont pas très noires <eos>,14,noires,noirs,12,M,S,noires,-10.388128,noirs,-13.027809,1
2013,P_NOUN_9_ADJ_b,F,P,les colles avec le pot qui étaient là depuis hier ne sont pas très délicates <eos>,14,délicates,délicats,12,M,S,délicates,-8.588791,délicats,-8.994902,1
2014,P_NOUN_9_ADJ_b,F,P,les colles avec le pot qui étaient là depuis hier ne sont pas très pointues <eos>,14,pointues,pointus,12,M,S,pointues,-9.358953,pointus,-11.556717,1
2015,P_NOUN_9_ADJ_b,F,P,les colles avec le pot qui étaient là depuis hier ne sont pas très rondes <eos>,14,rondes,ronds,12,M,S,rondes,-11.206549,ronds,-12.626315,1
2016,P_NOUN_9_ADJ_b,F,P,les colles avec le pot qui étaient là depuis hier ne sont pas très froides <eos>,14,froides,froids,12,M,S,froides,-5.8176513,froids,-10.930849,1
2017,P_NOUN_9_ADJ_b,F,P,les colles avec le pot qui étaient là depuis hier ne sont pas très chaudes <eos>,14,chaudes,chauds,12,M,S,chaudes,-6.720087,chauds,-8.511736,1
2018,P_NOUN_9_ADJ_b,F,P,les colles avec le pot qui étaient là depuis hier ne sont pas très importantes <eos>,14,importantes,importants,12,M,S,importantes,-4.9869366,importants,-8.19896,1
2019,P_NOUN_9_ADJ_b,F,P,les colles avec le pot qui étaient là depuis hier ne sont pas très courtes <eos>,14,courtes,courts,12,M,S,courtes,-6.9861236,courts,-8.630022,1
2020,P_NOUN_9_ADJ_b,F,P,les colles avec le pot qui étaient là depuis hier ne sont pas très dures <eos>,14,dures,durs,12,M,S,dures,-5.421858,durs,-6.7717876,1
2021,P_NOUN_9_ADJ_b,F,P,les colles avec le pot qui étaient là depuis hier ne sont pas très claires <eos>,14,claires,clairs,12,M,S,claires,-4.112853,clairs,-7.098032,1
2022,P_NOUN_9_ADJ_b,F,P,les colles avec le pot qui étaient là depuis hier ne sont pas très intéressantes <eos>,14,intéressantes,intéressants,12,M,S,intéressantes,-6.3902216,intéressants,-9.051782,1
2023,P_NOUN_9_ADJ_b,F,P,les colles avec le pot qui étaient là depuis hier ne sont pas très brillantes <eos>,14,brillantes,brillants,12,M,S,brillantes,-6.969407,brillants,-8.597379,1
2024,P_NOUN_9_ADJ_b,F,P,les colles avec le pot qui étaient là depuis hier ne sont pas très compliquées <eos>,14,compliquées,compliqués,12,M,S,compliquées,-7.636309,compliqués,-7.513119,0
2025,P_NOUN_9_ADJ_b,F,P,les colles avec le coussin qui étaient là depuis hier ne sont pas très vertes <eos>,14,vertes,verts,12,M,S,vertes,-10.65585,verts,-11.892844,1
2026,P_NOUN_9_ADJ_b,F,P,les colles avec le coussin qui étaient là depuis hier ne sont pas très bleues <eos>,14,bleues,bleus,12,M,S,bleues,-12.235341,bleus,-12.428634,1
2027,P_NOUN_9_ADJ_b,F,P,les colles avec le coussin qui étaient là depuis hier ne sont pas très noires <eos>,14,noires,noirs,12,M,S,noires,-10.370693,noirs,-12.975074,1
2028,P_NOUN_9_ADJ_b,F,P,les colles avec le coussin qui étaient là depuis hier ne sont pas très délicates <eos>,14,délicates,délicats,12,M,S,délicates,-9.281608,délicats,-9.460537,1
2029,P_NOUN_9_ADJ_b,F,P,les colles avec le coussin qui étaient là depuis hier ne sont pas très pointues <eos>,14,pointues,pointus,12,M,S,pointues,-8.864101,pointus,-11.315562,1
2030,P_NOUN_9_ADJ_b,F,P,les colles avec le coussin qui étaient là depuis hier ne sont pas très rondes <eos>,14,rondes,ronds,12,M,S,rondes,-10.670279,ronds,-12.470503,1
2031,P_NOUN_9_ADJ_b,F,P,les colles avec le coussin qui étaient là depuis hier ne sont pas très froides <eos>,14,froides,froids,12,M,S,froides,-6.2395334,froids,-11.6621,1
2032,P_NOUN_9_ADJ_b,F,P,les colles avec le coussin qui étaient là depuis hier ne sont pas très chaudes <eos>,14,chaudes,chauds,12,M,S,chaudes,-7.7227583,chauds,-9.202792,1
2033,P_NOUN_9_ADJ_b,F,P,les colles avec le coussin qui étaient là depuis hier ne sont pas très importantes <eos>,14,importantes,importants,12,M,S,importantes,-5.553019,importants,-8.585878,1
2034,P_NOUN_9_ADJ_b,F,P,les colles avec le coussin qui étaient là depuis hier ne sont pas très courtes <eos>,14,courtes,courts,12,M,S,courtes,-5.9835067,courts,-8.097536,1
2035,P_NOUN_9_ADJ_b,F,P,les colles avec le coussin qui étaient là depuis hier ne sont pas très dures <eos>,14,dures,durs,12,M,S,dures,-5.454339,durs,-6.85853,1
2036,P_NOUN_9_ADJ_b,F,P,les colles avec le coussin qui étaient là depuis hier ne sont pas très claires <eos>,14,claires,clairs,12,M,S,claires,-4.553942,clairs,-7.344463,1
2037,P_NOUN_9_ADJ_b,F,P,les colles avec le coussin qui étaient là depuis hier ne sont pas très intéressantes <eos>,14,intéressantes,intéressants,12,M,S,intéressantes,-7.129636,intéressants,-9.485791,1
2038,P_NOUN_9_ADJ_b,F,P,les colles avec le coussin qui étaient là depuis hier ne sont pas très brillantes <eos>,14,brillantes,brillants,12,M,S,brillantes,-7.337846,brillants,-9.251417,1
2039,P_NOUN_9_ADJ_b,F,P,les colles avec le coussin qui étaient là depuis hier ne sont pas très compliquées <eos>,14,compliquées,compliqués,12,M,S,compliquées,-6.8239183,compliqués,-7.2131796,1
2040,P_NOUN_9_ADJ_b,F,P,les colles avec le jouet qui étaient là depuis hier ne sont pas très vertes <eos>,14,vertes,verts,12,M,S,vertes,-10.315204,verts,-11.285951,1
2041,P_NOUN_9_ADJ_b,F,P,les colles avec le jouet qui étaient là depuis hier ne sont pas très bleues <eos>,14,bleues,bleus,12,M,S,bleues,-12.015319,bleus,-12.435191,1
2042,P_NOUN_9_ADJ_b,F,P,les colles avec le jouet qui étaient là depuis hier ne sont pas très noires <eos>,14,noires,noirs,12,M,S,noires,-10.55826,noirs,-13.09224,1
2043,P_NOUN_9_ADJ_b,F,P,les colles avec le jouet qui étaient là depuis hier ne sont pas très délicates <eos>,14,délicates,délicats,12,M,S,délicates,-8.924878,délicats,-9.292059,1
2044,P_NOUN_9_ADJ_b,F,P,les colles avec le jouet qui étaient là depuis hier ne sont pas très pointues <eos>,14,pointues,pointus,12,M,S,pointues,-9.234663,pointus,-11.556461,1
2045,P_NOUN_9_ADJ_b,F,P,les colles avec le jouet qui étaient là depuis hier ne sont pas très rondes <eos>,14,rondes,ronds,12,M,S,rondes,-11.058006,ronds,-12.782906,1
2046,P_NOUN_9_ADJ_b,F,P,les colles avec le jouet qui étaient là depuis hier ne sont pas très froides <eos>,14,froides,froids,12,M,S,froides,-6.30377,froids,-11.595883,1
2047,P_NOUN_9_ADJ_b,F,P,les colles avec le jouet qui étaient là depuis hier ne sont pas très chaudes <eos>,14,chaudes,chauds,12,M,S,chaudes,-7.5217333,chauds,-9.299083,1
2048,P_NOUN_9_ADJ_b,F,P,les colles avec le jouet qui étaient là depuis hier ne sont pas très importantes <eos>,14,importantes,importants,12,M,S,importantes,-5.5708675,importants,-8.638762,1
2049,P_NOUN_9_ADJ_b,F,P,les colles avec le jouet qui étaient là depuis hier ne sont pas très courtes <eos>,14,courtes,courts,12,M,S,courtes,-6.560998,courts,-8.579007,1
2050,P_NOUN_9_ADJ_b,F,P,les colles avec le jouet qui étaient là depuis hier ne sont pas très dures <eos>,14,dures,durs,12,M,S,dures,-5.8690157,durs,-6.966215,1
2051,P_NOUN_9_ADJ_b,F,P,les colles avec le jouet qui étaient là depuis hier ne sont pas très claires <eos>,14,claires,clairs,12,M,S,claires,-4.0571566,clairs,-7.087323,1
2052,P_NOUN_9_ADJ_b,F,P,les colles avec le jouet qui étaient là depuis hier ne sont pas très intéressantes <eos>,14,intéressantes,intéressants,12,M,S,intéressantes,-6.774741,intéressants,-9.057532,1
2053,P_NOUN_9_ADJ_b,F,P,les colles avec le jouet qui étaient là depuis hier ne sont pas très brillantes <eos>,14,brillantes,brillants,12,M,S,brillantes,-7.120267,brillants,-9.209019,1
2054,P_NOUN_9_ADJ_b,F,P,les colles avec le jouet qui étaient là depuis hier ne sont pas très compliquées <eos>,14,compliquées,compliqués,12,M,S,compliquées,-7.0887356,compliqués,-7.324188,1
2055,P_NOUN_9_ADJ_b,F,P,les colles avec le clou qui étaient là depuis hier ne sont pas très vertes <eos>,14,vertes,verts,12,M,S,vertes,-10.179597,verts,-11.6268635,1
2056,P_NOUN_9_ADJ_b,F,P,les colles avec le clou qui étaient là depuis hier ne sont pas très bleues <eos>,14,bleues,bleus,12,M,S,bleues,-11.633778,bleus,-12.1628685,1
2057,P_NOUN_9_ADJ_b,F,P,les colles avec le clou qui étaient là depuis hier ne sont pas très noires <eos>,14,noires,noirs,12,M,S,noires,-10.147695,noirs,-13.010926,1
2058,P_NOUN_9_ADJ_b,F,P,les colles avec le clou qui étaient là depuis hier ne sont pas très délicates <eos>,14,délicates,délicats,12,M,S,délicates,-8.660221,délicats,-9.227757,1
2059,P_NOUN_9_ADJ_b,F,P,les colles avec le clou qui étaient là depuis hier ne sont pas très pointues <eos>,14,pointues,pointus,12,M,S,pointues,-9.077561,pointus,-11.363131,1
2060,P_NOUN_9_ADJ_b,F,P,les colles avec le clou qui étaient là depuis hier ne sont pas très rondes <eos>,14,rondes,ronds,12,M,S,rondes,-10.848716,ronds,-12.30395,1
2061,P_NOUN_9_ADJ_b,F,P,les colles avec le clou qui étaient là depuis hier ne sont pas très froides <eos>,14,froides,froids,12,M,S,froides,-6.3353057,froids,-12.074162,1
2062,P_NOUN_9_ADJ_b,F,P,les colles avec le clou qui étaient là depuis hier ne sont pas très chaudes <eos>,14,chaudes,chauds,12,M,S,chaudes,-7.60651,chauds,-9.477932,1
2063,P_NOUN_9_ADJ_b,F,P,les colles avec le clou qui étaient là depuis hier ne sont pas très importantes <eos>,14,importantes,importants,12,M,S,importantes,-5.3914385,importants,-8.734453,1
2064,P_NOUN_9_ADJ_b,F,P,les colles avec le clou qui étaient là depuis hier ne sont pas très courtes <eos>,14,courtes,courts,12,M,S,courtes,-6.2606688,courts,-8.598429,1
2065,P_NOUN_9_ADJ_b,F,P,les colles avec le clou qui étaient là depuis hier ne sont pas très dures <eos>,14,dures,durs,12,M,S,dures,-5.7861433,durs,-7.287403,1
2066,P_NOUN_9_ADJ_b,F,P,les colles avec le clou qui étaient là depuis hier ne sont pas très claires <eos>,14,claires,clairs,12,M,S,claires,-4.3078523,clairs,-7.0433297,1
2067,P_NOUN_9_ADJ_b,F,P,les colles avec le clou qui étaient là depuis hier ne sont pas très intéressantes <eos>,14,intéressantes,intéressants,12,M,S,intéressantes,-6.7219057,intéressants,-9.356152,1
2068,P_NOUN_9_ADJ_b,F,P,les colles avec le clou qui étaient là depuis hier ne sont pas très brillantes <eos>,14,brillantes,brillants,12,M,S,brillantes,-7.0351853,brillants,-9.283226,1
2069,P_NOUN_9_ADJ_b,F,P,les colles avec le clou qui étaient là depuis hier ne sont pas très compliquées <eos>,14,compliquées,compliqués,12,M,S,compliquées,-7.033038,compliqués,-7.313545,1
2070,P_NOUN_9_ADJ_b,F,P,les colles avec le billet qui étaient là depuis hier ne sont pas très vertes <eos>,14,vertes,verts,12,M,S,vertes,-10.750769,verts,-11.511236,1
2071,P_NOUN_9_ADJ_b,F,P,les colles avec le billet qui étaient là depuis hier ne sont pas très bleues <eos>,14,bleues,bleus,12,M,S,bleues,-12.365411,bleus,-12.446666,1
2072,P_NOUN_9_ADJ_b,F,P,les colles avec le billet qui étaient là depuis hier ne sont pas très noires <eos>,14,noires,noirs,12,M,S,noires,-11.074093,noirs,-13.045316,1
2073,P_NOUN_9_ADJ_b,F,P,les colles avec le billet qui étaient là depuis hier ne sont pas très délicates <eos>,14,délicates,délicats,12,M,S,délicates,-8.747859,délicats,-9.588042,1
2074,P_NOUN_9_ADJ_b,F,P,les colles avec le billet qui étaient là depuis hier ne sont pas très pointues <eos>,14,pointues,pointus,12,M,S,pointues,-9.513443,pointus,-11.754528,1
2075,P_NOUN_9_ADJ_b,F,P,les colles avec le billet qui étaient là depuis hier ne sont pas très rondes <eos>,14,rondes,ronds,12,M,S,rondes,-11.616722,ronds,-12.976128,1
2076,P_NOUN_9_ADJ_b,F,P,les colles avec le billet qui étaient là depuis hier ne sont pas très froides <eos>,14,froides,froids,12,M,S,froides,-6.3605957,froids,-11.990494,1
2077,P_NOUN_9_ADJ_b,F,P,les colles avec le billet qui étaient là depuis hier ne sont pas très chaudes <eos>,14,chaudes,chauds,12,M,S,chaudes,-7.932645,chauds,-9.285451,1
2078,P_NOUN_9_ADJ_b,F,P,les colles avec le billet qui étaient là depuis hier ne sont pas très importantes <eos>,14,importantes,importants,12,M,S,importantes,-4.900403,importants,-7.9775143,1
2079,P_NOUN_9_ADJ_b,F,P,les colles avec le billet qui étaient là depuis hier ne sont pas très courtes <eos>,14,courtes,courts,12,M,S,courtes,-6.400255,courts,-8.297225,1
2080,P_NOUN_9_ADJ_b,F,P,les colles avec le billet qui étaient là depuis hier ne sont pas très dures <eos>,14,dures,durs,12,M,S,dures,-5.461706,durs,-7.240053,1
2081,P_NOUN_9_ADJ_b,F,P,les colles avec le billet qui étaient là depuis hier ne sont pas très claires <eos>,14,claires,clairs,12,M,S,claires,-4.9229927,clairs,-7.200059,1
2082,P_NOUN_9_ADJ_b,F,P,les colles avec le billet qui étaient là depuis hier ne sont pas très intéressantes <eos>,14,intéressantes,intéressants,12,M,S,intéressantes,-6.5034375,intéressants,-8.697098,1
2083,P_NOUN_9_ADJ_b,F,P,les colles avec le billet qui étaient là depuis hier ne sont pas très brillantes <eos>,14,brillantes,brillants,12,M,S,brillantes,-7.476656,brillants,-8.739598,1
2084,P_NOUN_9_ADJ_b,F,P,les colles avec le billet qui étaient là depuis hier ne sont pas très compliquées <eos>,14,compliquées,compliqués,12,M,S,compliquées,-7.3883533,compliqués,-7.5681667,1
2085,P_NOUN_9_ADJ_b,F,P,les colles avec le légume qui étaient là depuis hier ne sont pas très vertes <eos>,14,vertes,verts,12,M,S,vertes,-10.124671,verts,-11.34244,1
2086,P_NOUN_9_ADJ_b,F,P,les colles avec le légume qui étaient là depuis hier ne sont pas très bleues <eos>,14,bleues,bleus,12,M,S,bleues,-12.120946,bleus,-12.441659,1
2087,P_NOUN_9_ADJ_b,F,P,les colles avec le légume qui étaient là depuis hier ne sont pas très noires <eos>,14,noires,noirs,12,M,S,noires,-10.222834,noirs,-12.706545,1
2088,P_NOUN_9_ADJ_b,F,P,les colles avec le légume qui étaient là depuis hier ne sont pas très délicates <eos>,14,délicates,délicats,12,M,S,délicates,-8.251558,délicats,-9.135384,1
2089,P_NOUN_9_ADJ_b,F,P,les colles avec le légume qui étaient là depuis hier ne sont pas très pointues <eos>,14,pointues,pointus,12,M,S,pointues,-9.305566,pointus,-12.350854,1
2090,P_NOUN_9_ADJ_b,F,P,les colles avec le légume qui étaient là depuis hier ne sont pas très rondes <eos>,14,rondes,ronds,12,M,S,rondes,-10.937299,ronds,-12.39475,1
2091,P_NOUN_9_ADJ_b,F,P,les colles avec le légume qui étaient là depuis hier ne sont pas très froides <eos>,14,froides,froids,12,M,S,froides,-5.5923567,froids,-10.523263,1
2092,P_NOUN_9_ADJ_b,F,P,les colles avec le légume qui étaient là depuis hier ne sont pas très chaudes <eos>,14,chaudes,chauds,12,M,S,chaudes,-6.0807543,chauds,-8.662584,1
2093,P_NOUN_9_ADJ_b,F,P,les colles avec le légume qui étaient là depuis hier ne sont pas très importantes <eos>,14,importantes,importants,12,M,S,importantes,-4.7644935,importants,-8.290386,1
2094,P_NOUN_9_ADJ_b,F,P,les colles avec le légume qui étaient là depuis hier ne sont pas très courtes <eos>,14,courtes,courts,12,M,S,courtes,-7.172696,courts,-9.352746,1
2095,P_NOUN_9_ADJ_b,F,P,les colles avec le légume qui étaient là depuis hier ne sont pas très dures <eos>,14,dures,durs,12,M,S,dures,-5.0988884,durs,-7.283222,1
2096,P_NOUN_9_ADJ_b,F,P,les colles avec le légume qui étaient là depuis hier ne sont pas très claires <eos>,14,claires,clairs,12,M,S,claires,-3.808087,clairs,-7.628443,1
2097,P_NOUN_9_ADJ_b,F,P,les colles avec le légume qui étaient là depuis hier ne sont pas très intéressantes <eos>,14,intéressantes,intéressants,12,M,S,intéressantes,-6.499649,intéressants,-9.566964,1
2098,P_NOUN_9_ADJ_b,F,P,les colles avec le légume qui étaient là depuis hier ne sont pas très brillantes <eos>,14,brillantes,brillants,12,M,S,brillantes,-6.878803,brillants,-9.265724,1
2099,P_NOUN_9_ADJ_b,F,P,les colles avec le légume qui étaient là depuis hier ne sont pas très compliquées <eos>,14,compliquées,compliqués,12,M,S,compliquées,-8.080443,compliqués,-8.756285,1
2100,P_NOUN_9_ADJ_b,F,P,les lampes avec le bracelet qui étaient là depuis hier ne sont pas très vertes <eos>,14,vertes,verts,12,M,S,vertes,-9.9499,verts,-9.588888,0
2101,P_NOUN_9_ADJ_b,F,P,les lampes avec le bracelet qui étaient là depuis hier ne sont pas très bleues <eos>,14,bleues,bleus,12,M,S,bleues,-11.277433,bleus,-11.075682,0
2102,P_NOUN_9_ADJ_b,F,P,les lampes avec le bracelet qui étaient là depuis hier ne sont pas très noires <eos>,14,noires,noirs,12,M,S,noires,-9.948241,noirs,-12.024769,1
2103,P_NOUN_9_ADJ_b,F,P,les lampes avec le bracelet qui étaient là depuis hier ne sont pas très délicates <eos>,14,délicates,délicats,12,M,S,délicates,-8.230514,délicats,-9.583066,1
2104,P_NOUN_9_ADJ_b,F,P,les lampes avec le bracelet qui étaient là depuis hier ne sont pas très pointues <eos>,14,pointues,pointus,12,M,S,pointues,-8.776087,pointus,-10.91909,1
2105,P_NOUN_9_ADJ_b,F,P,les lampes avec le bracelet qui étaient là depuis hier ne sont pas très rondes <eos>,14,rondes,ronds,12,M,S,rondes,-10.794629,ronds,-12.794746,1
2106,P_NOUN_9_ADJ_b,F,P,les lampes avec le bracelet qui étaient là depuis hier ne sont pas très froides <eos>,14,froides,froids,12,M,S,froides,-5.607603,froids,-10.792209,1
2107,P_NOUN_9_ADJ_b,F,P,les lampes avec le bracelet qui étaient là depuis hier ne sont pas très chaudes <eos>,14,chaudes,chauds,12,M,S,chaudes,-6.883511,chauds,-8.081549,1
2108,P_NOUN_9_ADJ_b,F,P,les lampes avec le bracelet qui étaient là depuis hier ne sont pas très importantes <eos>,14,importantes,importants,12,M,S,importantes,-5.4054837,importants,-7.5078616,1
2109,P_NOUN_9_ADJ_b,F,P,les lampes avec le bracelet qui étaient là depuis hier ne sont pas très courtes <eos>,14,courtes,courts,12,M,S,courtes,-7.2354746,courts,-8.0177355,1
2110,P_NOUN_9_ADJ_b,F,P,les lampes avec le bracelet qui étaient là depuis hier ne sont pas très dures <eos>,14,dures,durs,12,M,S,dures,-5.874895,durs,-6.520877,1
2111,P_NOUN_9_ADJ_b,F,P,les lampes avec le bracelet qui étaient là depuis hier ne sont pas très claires <eos>,14,claires,clairs,12,M,S,claires,-4.8745165,clairs,-6.4505177,1
2112,P_NOUN_9_ADJ_b,F,P,les lampes avec le bracelet qui étaient là depuis hier ne sont pas très intéressantes <eos>,14,intéressantes,intéressants,12,M,S,intéressantes,-6.227091,intéressants,-7.560483,1
2113,P_NOUN_9_ADJ_b,F,P,les lampes avec le bracelet qui étaient là depuis hier ne sont pas très brillantes <eos>,14,brillantes,brillants,12,M,S,brillantes,-6.9916496,brillants,-7.6582594,1
2114,P_NOUN_9_ADJ_b,F,P,les lampes avec le bracelet qui étaient là depuis hier ne sont pas très compliquées <eos>,14,compliquées,compliqués,12,M,S,compliquées,-6.951026,compliqués,-7.0436335,1
2115,P_NOUN_9_ADJ_b,F,P,les lampes avec le miroir qui étaient là depuis hier ne sont pas très vertes <eos>,14,vertes,verts,12,M,S,vertes,-9.643655,verts,-10.96914,1
2116,P_NOUN_9_ADJ_b,F,P,les lampes avec le miroir qui étaient là depuis hier ne sont pas très bleues <eos>,14,bleues,bleus,12,M,S,bleues,-11.000458,bleus,-11.644743,1
2117,P_NOUN_9_ADJ_b,F,P,les lampes avec le miroir qui étaient là depuis hier ne sont pas très noires <eos>,14,noires,noirs,12,M,S,noires,-9.6367235,noirs,-12.31461,1
2118,P_NOUN_9_ADJ_b,F,P,les lampes avec le miroir qui étaient là depuis hier ne sont pas très délicates <eos>,14,délicates,délicats,12,M,S,délicates,-8.220379,délicats,-9.50944,1
2119,P_NOUN_9_ADJ_b,F,P,les lampes avec le miroir qui étaient là depuis hier ne sont pas très pointues <eos>,14,pointues,pointus,12,M,S,pointues,-8.386762,pointus,-10.745494,1
2120,P_NOUN_9_ADJ_b,F,P,les lampes avec le miroir qui étaient là depuis hier ne sont pas très rondes <eos>,14,rondes,ronds,12,M,S,rondes,-10.229925,ronds,-12.337819,1
2121,P_NOUN_9_ADJ_b,F,P,les lampes avec le miroir qui étaient là depuis hier ne sont pas très froides <eos>,14,froides,froids,12,M,S,froides,-5.9577093,froids,-10.936008,1
2122,P_NOUN_9_ADJ_b,F,P,les lampes avec le miroir qui étaient là depuis hier ne sont pas très chaudes <eos>,14,chaudes,chauds,12,M,S,chaudes,-6.921465,chauds,-8.818351,1
2123,P_NOUN_9_ADJ_b,F,P,les lampes avec le miroir qui étaient là depuis hier ne sont pas très importantes <eos>,14,importantes,importants,12,M,S,importantes,-5.6064196,importants,-8.4859295,1
2124,P_NOUN_9_ADJ_b,F,P,les lampes avec le miroir qui étaient là depuis hier ne sont pas très courtes <eos>,14,courtes,courts,12,M,S,courtes,-5.9100904,courts,-8.181893,1
2125,P_NOUN_9_ADJ_b,F,P,les lampes avec le miroir qui étaient là depuis hier ne sont pas très dures <eos>,14,dures,durs,12,M,S,dures,-6.2233505,durs,-7.1719074,1
2126,P_NOUN_9_ADJ_b,F,P,les lampes avec le miroir qui étaient là depuis hier ne sont pas très claires <eos>,14,claires,clairs,12,M,S,claires,-4.7201405,clairs,-7.130287,1
2127,P_NOUN_9_ADJ_b,F,P,les lampes avec le miroir qui étaient là depuis hier ne sont pas très intéressantes <eos>,14,intéressantes,intéressants,12,M,S,intéressantes,-6.6334243,intéressants,-8.573114,1
2128,P_NOUN_9_ADJ_b,F,P,les lampes avec le miroir qui étaient là depuis hier ne sont pas très brillantes <eos>,14,brillantes,brillants,12,M,S,brillantes,-6.3354597,brillants,-8.619163,1
2129,P_NOUN_9_ADJ_b,F,P,les lampes avec le miroir qui étaient là depuis hier ne sont pas très compliquées <eos>,14,compliquées,compliqués,12,M,S,compliquées,-6.517333,compliqués,-7.11959,1
2130,P_NOUN_9_ADJ_b,F,P,les lampes avec le crayon qui étaient là depuis hier ne sont pas très vertes <eos>,14,vertes,verts,12,M,S,vertes,-9.175267,verts,-10.357927,1
2131,P_NOUN_9_ADJ_b,F,P,les lampes avec le crayon qui étaient là depuis hier ne sont pas très bleues <eos>,14,bleues,bleus,12,M,S,bleues,-10.69849,bleus,-11.327797,1
2132,P_NOUN_9_ADJ_b,F,P,les lampes avec le crayon qui étaient là depuis hier ne sont pas très noires <eos>,14,noires,noirs,12,M,S,noires,-9.616798,noirs,-12.34449,1
2133,P_NOUN_9_ADJ_b,F,P,les lampes avec le crayon qui étaient là depuis hier ne sont pas très délicates <eos>,14,délicates,délicats,12,M,S,délicates,-8.025061,délicats,-9.113194,1
2134,P_NOUN_9_ADJ_b,F,P,les lampes avec le crayon qui étaient là depuis hier ne sont pas très pointues <eos>,14,pointues,pointus,12,M,S,pointues,-9.118006,pointus,-11.097868,1
2135,P_NOUN_9_ADJ_b,F,P,les lampes avec le crayon qui étaient là depuis hier ne sont pas très rondes <eos>,14,rondes,ronds,12,M,S,rondes,-10.761759,ronds,-12.196915,1
2136,P_NOUN_9_ADJ_b,F,P,les lampes avec le crayon qui étaient là depuis hier ne sont pas très froides <eos>,14,froides,froids,12,M,S,froides,-5.8326607,froids,-10.717106,1
2137,P_NOUN_9_ADJ_b,F,P,les lampes avec le crayon qui étaient là depuis hier ne sont pas très chaudes <eos>,14,chaudes,chauds,12,M,S,chaudes,-6.70701,chauds,-8.692657,1
2138,P_NOUN_9_ADJ_b,F,P,les lampes avec le crayon qui étaient là depuis hier ne sont pas très importantes <eos>,14,importantes,importants,12,M,S,importantes,-5.698018,importants,-8.514505,1
2139,P_NOUN_9_ADJ_b,F,P,les lampes avec le crayon qui étaient là depuis hier ne sont pas très courtes <eos>,14,courtes,courts,12,M,S,courtes,-6.4285994,courts,-8.2505865,1
2140,P_NOUN_9_ADJ_b,F,P,les lampes avec le crayon qui étaient là depuis hier ne sont pas très dures <eos>,14,dures,durs,12,M,S,dures,-6.024646,durs,-7.0263367,1
2141,P_NOUN_9_ADJ_b,F,P,les lampes avec le crayon qui étaient là depuis hier ne sont pas très claires <eos>,14,claires,clairs,12,M,S,claires,-4.3043084,clairs,-6.364553,1
2142,P_NOUN_9_ADJ_b,F,P,les lampes avec le crayon qui étaient là depuis hier ne sont pas très intéressantes <eos>,14,intéressantes,intéressants,12,M,S,intéressantes,-6.4894695,intéressants,-8.432388,1
2143,P_NOUN_9_ADJ_b,F,P,les lampes avec le crayon qui étaient là depuis hier ne sont pas très brillantes <eos>,14,brillantes,brillants,12,M,S,brillantes,-6.3517113,brillants,-8.218943,1
2144,P_NOUN_9_ADJ_b,F,P,les lampes avec le crayon qui étaient là depuis hier ne sont pas très compliquées <eos>,14,compliquées,compliqués,12,M,S,compliquées,-7.038623,compliqués,-6.975209,0
2145,P_NOUN_9_ADJ_b,F,P,les lampes avec le rideau qui étaient là depuis hier ne sont pas très vertes <eos>,14,vertes,verts,12,M,S,vertes,-9.769817,verts,-10.591859,1
2146,P_NOUN_9_ADJ_b,F,P,les lampes avec le rideau qui étaient là depuis hier ne sont pas très bleues <eos>,14,bleues,bleus,12,M,S,bleues,-10.456897,bleus,-11.089587,1
2147,P_NOUN_9_ADJ_b,F,P,les lampes avec le rideau qui étaient là depuis hier ne sont pas très noires <eos>,14,noires,noirs,12,M,S,noires,-9.291728,noirs,-12.143604,1
2148,P_NOUN_9_ADJ_b,F,P,les lampes avec le rideau qui étaient là depuis hier ne sont pas très délicates <eos>,14,délicates,délicats,12,M,S,délicates,-7.926753,délicats,-9.468694,1
2149,P_NOUN_9_ADJ_b,F,P,les lampes avec le rideau qui étaient là depuis hier ne sont pas très pointues <eos>,14,pointues,pointus,12,M,S,pointues,-8.389588,pointus,-11.15391,1
2150,P_NOUN_9_ADJ_b,F,P,les lampes avec le rideau qui étaient là depuis hier ne sont pas très rondes <eos>,14,rondes,ronds,12,M,S,rondes,-10.075459,ronds,-12.012559,1
2151,P_NOUN_9_ADJ_b,F,P,les lampes avec le rideau qui étaient là depuis hier ne sont pas très froides <eos>,14,froides,froids,12,M,S,froides,-5.8119497,froids,-10.636535,1
2152,P_NOUN_9_ADJ_b,F,P,les lampes avec le rideau qui étaient là depuis hier ne sont pas très chaudes <eos>,14,chaudes,chauds,12,M,S,chaudes,-6.9402113,chauds,-8.807725,1
2153,P_NOUN_9_ADJ_b,F,P,les lampes avec le rideau qui étaient là depuis hier ne sont pas très importantes <eos>,14,importantes,importants,12,M,S,importantes,-5.4829073,importants,-8.413264,1
2154,P_NOUN_9_ADJ_b,F,P,les lampes avec le rideau qui étaient là depuis hier ne sont pas très courtes <eos>,14,courtes,courts,12,M,S,courtes,-6.1075187,courts,-8.189844,1
2155,P_NOUN_9_ADJ_b,F,P,les lampes avec le rideau qui étaient là depuis hier ne sont pas très dures <eos>,14,dures,durs,12,M,S,dures,-5.480567,durs,-6.956908,1
2156,P_NOUN_9_ADJ_b,F,P,les lampes avec le rideau qui étaient là depuis hier ne sont pas très claires <eos>,14,claires,clairs,12,M,S,claires,-4.473152,clairs,-6.7708664,1
2157,P_NOUN_9_ADJ_b,F,P,les lampes avec le rideau qui étaient là depuis hier ne sont pas très intéressantes <eos>,14,intéressantes,intéressants,12,M,S,intéressantes,-6.6453037,intéressants,-8.620427,1
2158,P_NOUN_9_ADJ_b,F,P,les lampes avec le rideau qui étaient là depuis hier ne sont pas très brillantes <eos>,14,brillantes,brillants,12,M,S,brillantes,-6.286508,brillants,-8.631166,1
2159,P_NOUN_9_ADJ_b,F,P,les lampes avec le rideau qui étaient là depuis hier ne sont pas très compliquées <eos>,14,compliquées,compliqués,12,M,S,compliquées,-6.82467,compliqués,-7.453662,1
2160,P_NOUN_9_ADJ_b,F,P,les lampes avec le cahier qui étaient là depuis hier ne sont pas très vertes <eos>,14,vertes,verts,12,M,S,vertes,-9.686804,verts,-9.999741,1
2161,P_NOUN_9_ADJ_b,F,P,les lampes avec le cahier qui étaient là depuis hier ne sont pas très bleues <eos>,14,bleues,bleus,12,M,S,bleues,-11.138014,bleus,-11.475369,1
2162,P_NOUN_9_ADJ_b,F,P,les lampes avec le cahier qui étaient là depuis hier ne sont pas très noires <eos>,14,noires,noirs,12,M,S,noires,-10.03067,noirs,-12.104513,1
2163,P_NOUN_9_ADJ_b,F,P,les lampes avec le cahier qui étaient là depuis hier ne sont pas très délicates <eos>,14,délicates,délicats,12,M,S,délicates,-8.248293,délicats,-9.282711,1
2164,P_NOUN_9_ADJ_b,F,P,les lampes avec le cahier qui étaient là depuis hier ne sont pas très pointues <eos>,14,pointues,pointus,12,M,S,pointues,-8.722555,pointus,-10.583817,1
2165,P_NOUN_9_ADJ_b,F,P,les lampes avec le cahier qui étaient là depuis hier ne sont pas très rondes <eos>,14,rondes,ronds,12,M,S,rondes,-10.486347,ronds,-12.019592,1
2166,P_NOUN_9_ADJ_b,F,P,les lampes avec le cahier qui étaient là depuis hier ne sont pas très froides <eos>,14,froides,froids,12,M,S,froides,-5.957335,froids,-10.273813,1
2167,P_NOUN_9_ADJ_b,F,P,les lampes avec le cahier qui étaient là depuis hier ne sont pas très chaudes <eos>,14,chaudes,chauds,12,M,S,chaudes,-6.866708,chauds,-8.071794,1
2168,P_NOUN_9_ADJ_b,F,P,les lampes avec le cahier qui étaient là depuis hier ne sont pas très importantes <eos>,14,importantes,importants,12,M,S,importantes,-6.002984,importants,-7.6250916,1
2169,P_NOUN_9_ADJ_b,F,P,les lampes avec le cahier qui étaient là depuis hier ne sont pas très courtes <eos>,14,courtes,courts,12,M,S,courtes,-6.234605,courts,-7.5626354,1
2170,P_NOUN_9_ADJ_b,F,P,les lampes avec le cahier qui étaient là depuis hier ne sont pas très dures <eos>,14,dures,durs,12,M,S,dures,-6.080196,durs,-6.71594,1
2171,P_NOUN_9_ADJ_b,F,P,les lampes avec le cahier qui étaient là depuis hier ne sont pas très claires <eos>,14,claires,clairs,12,M,S,claires,-4.4913692,clairs,-6.1032696,1
2172,P_NOUN_9_ADJ_b,F,P,les lampes avec le cahier qui étaient là depuis hier ne sont pas très intéressantes <eos>,14,intéressantes,intéressants,12,M,S,intéressantes,-6.6734824,intéressants,-7.649347,1
2173,P_NOUN_9_ADJ_b,F,P,les lampes avec le cahier qui étaient là depuis hier ne sont pas très brillantes <eos>,14,brillantes,brillants,12,M,S,brillantes,-6.7950354,brillants,-8.182269,1
2174,P_NOUN_9_ADJ_b,F,P,les lampes avec le cahier qui étaient là depuis hier ne sont pas très compliquées <eos>,14,compliquées,compliqués,12,M,S,compliquées,-7.0250874,compliqués,-6.8761997,0
2175,P_NOUN_9_ADJ_b,F,P,les lampes avec le micro qui étaient là depuis hier ne sont pas très vertes <eos>,14,vertes,verts,12,M,S,vertes,-9.766334,verts,-10.823113,1
2176,P_NOUN_9_ADJ_b,F,P,les lampes avec le micro qui étaient là depuis hier ne sont pas très bleues <eos>,14,bleues,bleus,12,M,S,bleues,-10.840984,bleus,-11.562206,1
2177,P_NOUN_9_ADJ_b,F,P,les lampes avec le micro qui étaient là depuis hier ne sont pas très noires <eos>,14,noires,noirs,12,M,S,noires,-9.664568,noirs,-12.585213,1
2178,P_NOUN_9_ADJ_b,F,P,les lampes avec le micro qui étaient là depuis hier ne sont pas très délicates <eos>,14,délicates,délicats,12,M,S,délicates,-8.414246,délicats,-9.758016,1
2179,P_NOUN_9_ADJ_b,F,P,les lampes avec le micro qui étaient là depuis hier ne sont pas très pointues <eos>,14,pointues,pointus,12,M,S,pointues,-8.536242,pointus,-11.345128,1
2180,P_NOUN_9_ADJ_b,F,P,les lampes avec le micro qui étaient là depuis hier ne sont pas très rondes <eos>,14,rondes,ronds,12,M,S,rondes,-10.323036,ronds,-12.451626,1
2181,P_NOUN_9_ADJ_b,F,P,les lampes avec le micro qui étaient là depuis hier ne sont pas très froides <eos>,14,froides,froids,12,M,S,froides,-5.7856894,froids,-10.972558,1
2182,P_NOUN_9_ADJ_b,F,P,les lampes avec le micro qui étaient là depuis hier ne sont pas très chaudes <eos>,14,chaudes,chauds,12,M,S,chaudes,-6.7614923,chauds,-8.845991,1
2183,P_NOUN_9_ADJ_b,F,P,les lampes avec le micro qui étaient là depuis hier ne sont pas très importantes <eos>,14,importantes,importants,12,M,S,importantes,-5.4749603,importants,-8.421721,1
2184,P_NOUN_9_ADJ_b,F,P,les lampes avec le micro qui étaient là depuis hier ne sont pas très courtes <eos>,14,courtes,courts,12,M,S,courtes,-5.9458666,courts,-8.166089,1
2185,P_NOUN_9_ADJ_b,F,P,les lampes avec le micro qui étaient là depuis hier ne sont pas très dures <eos>,14,dures,durs,12,M,S,dures,-6.281891,durs,-7.1572924,1
2186,P_NOUN_9_ADJ_b,F,P,les lampes avec le micro qui étaient là depuis hier ne sont pas très claires <eos>,14,claires,clairs,12,M,S,claires,-4.477537,clairs,-7.383091,1
2187,P_NOUN_9_ADJ_b,F,P,les lampes avec le micro qui étaient là depuis hier ne sont pas très intéressantes <eos>,14,intéressantes,intéressants,12,M,S,intéressantes,-6.381465,intéressants,-8.454355,1
2188,P_NOUN_9_ADJ_b,F,P,les lampes avec le micro qui étaient là depuis hier ne sont pas très brillantes <eos>,14,brillantes,brillants,12,M,S,brillantes,-6.84276,brillants,-9.088731,1
2189,P_NOUN_9_ADJ_b,F,P,les lampes avec le micro qui étaient là depuis hier ne sont pas très compliquées <eos>,14,compliquées,compliqués,12,M,S,compliquées,-6.972535,compliqués,-7.523979,1
2190,P_NOUN_9_ADJ_b,F,P,les lampes avec le sac qui étaient là depuis hier ne sont pas très vertes <eos>,14,vertes,verts,12,M,S,vertes,-9.791608,verts,-10.301454,1
2191,P_NOUN_9_ADJ_b,F,P,les lampes avec le sac qui étaient là depuis hier ne sont pas très bleues <eos>,14,bleues,bleus,12,M,S,bleues,-10.933305,bleus,-11.324702,1
2192,P_NOUN_9_ADJ_b,F,P,les lampes avec le sac qui étaient là depuis hier ne sont pas très noires <eos>,14,noires,noirs,12,M,S,noires,-9.730322,noirs,-12.1626625,1
2193,P_NOUN_9_ADJ_b,F,P,les lampes avec le sac qui étaient là depuis hier ne sont pas très délicates <eos>,14,délicates,délicats,12,M,S,délicates,-8.440774,délicats,-9.266474,1
2194,P_NOUN_9_ADJ_b,F,P,les lampes avec le sac qui étaient là depuis hier ne sont pas très pointues <eos>,14,pointues,pointus,12,M,S,pointues,-8.535257,pointus,-10.90254,1
2195,P_NOUN_9_ADJ_b,F,P,les lampes avec le sac qui étaient là depuis hier ne sont pas très rondes <eos>,14,rondes,ronds,12,M,S,rondes,-10.310246,ronds,-12.273751,1
2196,P_NOUN_9_ADJ_b,F,P,les lampes avec le sac qui étaient là depuis hier ne sont pas très froides <eos>,14,froides,froids,12,M,S,froides,-5.6117277,froids,-10.466648,1
2197,P_NOUN_9_ADJ_b,F,P,les lampes avec le sac qui étaient là depuis hier ne sont pas très chaudes <eos>,14,chaudes,chauds,12,M,S,chaudes,-6.861907,chauds,-8.223826,1
2198,P_NOUN_9_ADJ_b,F,P,les lampes avec le sac qui étaient là depuis hier ne sont pas très importantes <eos>,14,importantes,importants,12,M,S,importantes,-5.5887704,importants,-8.098112,1
2199,P_NOUN_9_ADJ_b,F,P,les lampes avec le sac qui étaient là depuis hier ne sont pas très courtes <eos>,14,courtes,courts,12,M,S,courtes,-6.31632,courts,-7.877601,1
2200,P_NOUN_9_ADJ_b,F,P,les lampes avec le sac qui étaient là depuis hier ne sont pas très dures <eos>,14,dures,durs,12,M,S,dures,-5.6539345,durs,-6.554595,1
2201,P_NOUN_9_ADJ_b,F,P,les lampes avec le sac qui étaient là depuis hier ne sont pas très claires <eos>,14,claires,clairs,12,M,S,claires,-4.712174,clairs,-6.8179574,1
2202,P_NOUN_9_ADJ_b,F,P,les lampes avec le sac qui étaient là depuis hier ne sont pas très intéressantes <eos>,14,intéressantes,intéressants,12,M,S,intéressantes,-6.4751587,intéressants,-8.257421,1
2203,P_NOUN_9_ADJ_b,F,P,les lampes avec le sac qui étaient là depuis hier ne sont pas très brillantes <eos>,14,brillantes,brillants,12,M,S,brillantes,-6.770855,brillants,-8.543591,1
2204,P_NOUN_9_ADJ_b,F,P,les lampes avec le sac qui étaient là depuis hier ne sont pas très compliquées <eos>,14,compliquées,compliqués,12,M,S,compliquées,-6.9379063,compliqués,-7.4061947,1
2205,P_NOUN_9_ADJ_b,F,P,les lampes avec le clavier qui étaient là depuis hier ne sont pas très vertes <eos>,14,vertes,verts,12,M,S,vertes,-10.393545,verts,-11.3077755,1
2206,P_NOUN_9_ADJ_b,F,P,les lampes avec le clavier qui étaient là depuis hier ne sont pas très bleues <eos>,14,bleues,bleus,12,M,S,bleues,-11.52835,bleus,-12.291747,1
2207,P_NOUN_9_ADJ_b,F,P,les lampes avec le clavier qui étaient là depuis hier ne sont pas très noires <eos>,14,noires,noirs,12,M,S,noires,-10.272666,noirs,-12.93145,1
2208,P_NOUN_9_ADJ_b,F,P,les lampes avec le clavier qui étaient là depuis hier ne sont pas très délicates <eos>,14,délicates,délicats,12,M,S,délicates,-8.504548,délicats,-9.763482,1
2209,P_NOUN_9_ADJ_b,F,P,les lampes avec le clavier qui étaient là depuis hier ne sont pas très pointues <eos>,14,pointues,pointus,12,M,S,pointues,-8.627996,pointus,-11.92834,1
2210,P_NOUN_9_ADJ_b,F,P,les lampes avec le clavier qui étaient là depuis hier ne sont pas très rondes <eos>,14,rondes,ronds,12,M,S,rondes,-10.453583,ronds,-12.7137375,1
2211,P_NOUN_9_ADJ_b,F,P,les lampes avec le clavier qui étaient là depuis hier ne sont pas très froides <eos>,14,froides,froids,12,M,S,froides,-6.3310843,froids,-11.467525,1
2212,P_NOUN_9_ADJ_b,F,P,les lampes avec le clavier qui étaient là depuis hier ne sont pas très chaudes <eos>,14,chaudes,chauds,12,M,S,chaudes,-7.472841,chauds,-9.60771,1
2213,P_NOUN_9_ADJ_b,F,P,les lampes avec le clavier qui étaient là depuis hier ne sont pas très importantes <eos>,14,importantes,importants,12,M,S,importantes,-5.8041086,importants,-8.598207,1
2214,P_NOUN_9_ADJ_b,F,P,les lampes avec le clavier qui étaient là depuis hier ne sont pas très courtes <eos>,14,courtes,courts,12,M,S,courtes,-6.21136,courts,-8.509635,1
2215,P_NOUN_9_ADJ_b,F,P,les lampes avec le clavier qui étaient là depuis hier ne sont pas très dures <eos>,14,dures,durs,12,M,S,dures,-6.084852,durs,-6.4763203,1
2216,P_NOUN_9_ADJ_b,F,P,les lampes avec le clavier qui étaient là depuis hier ne sont pas très claires <eos>,14,claires,clairs,12,M,S,claires,-4.282156,clairs,-6.945449,1
2217,P_NOUN_9_ADJ_b,F,P,les lampes avec le clavier qui étaient là depuis hier ne sont pas très intéressantes <eos>,14,intéressantes,intéressants,12,M,S,intéressantes,-6.413553,intéressants,-8.226546,1
2218,P_NOUN_9_ADJ_b,F,P,les lampes avec le clavier qui étaient là depuis hier ne sont pas très brillantes <eos>,14,brillantes,brillants,12,M,S,brillantes,-6.5962086,brillants,-9.226957,1
2219,P_NOUN_9_ADJ_b,F,P,les lampes avec le clavier qui étaient là depuis hier ne sont pas très compliquées <eos>,14,compliquées,compliqués,12,M,S,compliquées,-6.2093887,compliqués,-6.9269304,1
2220,P_NOUN_9_ADJ_b,F,P,les lampes avec le raisin qui étaient là depuis hier ne sont pas très vertes <eos>,14,vertes,verts,12,M,S,vertes,-9.314824,verts,-10.770003,1
2221,P_NOUN_9_ADJ_b,F,P,les lampes avec le raisin qui étaient là depuis hier ne sont pas très bleues <eos>,14,bleues,bleus,12,M,S,bleues,-11.278311,bleus,-11.8988285,1
2222,P_NOUN_9_ADJ_b,F,P,les lampes avec le raisin qui étaient là depuis hier ne sont pas très noires <eos>,14,noires,noirs,12,M,S,noires,-9.565613,noirs,-12.878746,1
2223,P_NOUN_9_ADJ_b,F,P,les lampes avec le raisin qui étaient là depuis hier ne sont pas très délicates <eos>,14,délicates,délicats,12,M,S,délicates,-8.582289,délicats,-8.93651,1
2224,P_NOUN_9_ADJ_b,F,P,les lampes avec le raisin qui étaient là depuis hier ne sont pas très pointues <eos>,14,pointues,pointus,12,M,S,pointues,-8.790463,pointus,-11.954221,1
2225,P_NOUN_9_ADJ_b,F,P,les lampes avec le raisin qui étaient là depuis hier ne sont pas très rondes <eos>,14,rondes,ronds,12,M,S,rondes,-10.456657,ronds,-12.636734,1
2226,P_NOUN_9_ADJ_b,F,P,les lampes avec le raisin qui étaient là depuis hier ne sont pas très froides <eos>,14,froides,froids,12,M,S,froides,-5.681342,froids,-10.476237,1
2227,P_NOUN_9_ADJ_b,F,P,les lampes avec le raisin qui étaient là depuis hier ne sont pas très chaudes <eos>,14,chaudes,chauds,12,M,S,chaudes,-6.1792183,chauds,-8.39284,1
2228,P_NOUN_9_ADJ_b,F,P,les lampes avec le raisin qui étaient là depuis hier ne sont pas très importantes <eos>,14,importantes,importants,12,M,S,importantes,-5.239178,importants,-8.462185,1
2229,P_NOUN_9_ADJ_b,F,P,les lampes avec le raisin qui étaient là depuis hier ne sont pas très courtes <eos>,14,courtes,courts,12,M,S,courtes,-6.8136663,courts,-8.567237,1
2230,P_NOUN_9_ADJ_b,F,P,les lampes avec le raisin qui étaient là depuis hier ne sont pas très dures <eos>,14,dures,durs,12,M,S,dures,-5.600932,durs,-6.896077,1
2231,P_NOUN_9_ADJ_b,F,P,les lampes avec le raisin qui étaient là depuis hier ne sont pas très claires <eos>,14,claires,clairs,12,M,S,claires,-4.401887,clairs,-7.66796,1
2232,P_NOUN_9_ADJ_b,F,P,les lampes avec le raisin qui étaient là depuis hier ne sont pas très intéressantes <eos>,14,intéressantes,intéressants,12,M,S,intéressantes,-6.333974,intéressants,-9.111637,1
2233,P_NOUN_9_ADJ_b,F,P,les lampes avec le raisin qui étaient là depuis hier ne sont pas très brillantes <eos>,14,brillantes,brillants,12,M,S,brillantes,-7.1045628,brillants,-8.8727255,1
2234,P_NOUN_9_ADJ_b,F,P,les lampes avec le raisin qui étaient là depuis hier ne sont pas très compliquées <eos>,14,compliquées,compliqués,12,M,S,compliquées,-8.235163,compliqués,-8.373926,1
2235,P_NOUN_9_ADJ_b,F,P,les lampes avec le chargeur qui étaient là depuis hier ne sont pas très vertes <eos>,14,vertes,verts,12,M,S,vertes,-10.412641,verts,-11.638602,1
2236,P_NOUN_9_ADJ_b,F,P,les lampes avec le chargeur qui étaient là depuis hier ne sont pas très bleues <eos>,14,bleues,bleus,12,M,S,bleues,-11.7216625,bleus,-12.192715,1
2237,P_NOUN_9_ADJ_b,F,P,les lampes avec le chargeur qui étaient là depuis hier ne sont pas très noires <eos>,14,noires,noirs,12,M,S,noires,-9.981665,noirs,-12.624299,1
2238,P_NOUN_9_ADJ_b,F,P,les lampes avec le chargeur qui étaient là depuis hier ne sont pas très délicates <eos>,14,délicates,délicats,12,M,S,délicates,-9.176989,délicats,-10.310791,1
2239,P_NOUN_9_ADJ_b,F,P,les lampes avec le chargeur qui étaient là depuis hier ne sont pas très pointues <eos>,14,pointues,pointus,12,M,S,pointues,-8.722522,pointus,-11.570228,1
2240,P_NOUN_9_ADJ_b,F,P,les lampes avec le chargeur qui étaient là depuis hier ne sont pas très rondes <eos>,14,rondes,ronds,12,M,S,rondes,-10.891366,ronds,-12.9942465,1
2241,P_NOUN_9_ADJ_b,F,P,les lampes avec le chargeur qui étaient là depuis hier ne sont pas très froides <eos>,14,froides,froids,12,M,S,froides,-5.9275327,froids,-11.321522,1
2242,P_NOUN_9_ADJ_b,F,P,les lampes avec le chargeur qui étaient là depuis hier ne sont pas très chaudes <eos>,14,chaudes,chauds,12,M,S,chaudes,-7.4793057,chauds,-8.610935,1
2243,P_NOUN_9_ADJ_b,F,P,les lampes avec le chargeur qui étaient là depuis hier ne sont pas très importantes <eos>,14,importantes,importants,12,M,S,importantes,-5.521516,importants,-8.587702,1
2244,P_NOUN_9_ADJ_b,F,P,les lampes avec le chargeur qui étaient là depuis hier ne sont pas très courtes <eos>,14,courtes,courts,12,M,S,courtes,-6.1262555,courts,-8.604792,1
2245,P_NOUN_9_ADJ_b,F,P,les lampes avec le chargeur qui étaient là depuis hier ne sont pas très dures <eos>,14,dures,durs,12,M,S,dures,-6.122281,durs,-6.9551067,1
2246,P_NOUN_9_ADJ_b,F,P,les lampes avec le chargeur qui étaient là depuis hier ne sont pas très claires <eos>,14,claires,clairs,12,M,S,claires,-5.428747,clairs,-7.7293625,1
2247,P_NOUN_9_ADJ_b,F,P,les lampes avec le chargeur qui étaient là depuis hier ne sont pas très intéressantes <eos>,14,intéressantes,intéressants,12,M,S,intéressantes,-6.5816555,intéressants,-8.64422,1
2248,P_NOUN_9_ADJ_b,F,P,les lampes avec le chargeur qui étaient là depuis hier ne sont pas très brillantes <eos>,14,brillantes,brillants,12,M,S,brillantes,-7.2813816,brillants,-9.123091,1
2249,P_NOUN_9_ADJ_b,F,P,les lampes avec le chargeur qui étaient là depuis hier ne sont pas très compliquées <eos>,14,compliquées,compliqués,12,M,S,compliquées,-6.7890224,compliqués,-7.332156,1
2250,P_NOUN_9_ADJ_b,F,P,les lampes avec le vase qui étaient là depuis hier ne sont pas très vertes <eos>,14,vertes,verts,12,M,S,vertes,-9.848672,verts,-10.636001,1
2251,P_NOUN_9_ADJ_b,F,P,les lampes avec le vase qui étaient là depuis hier ne sont pas très bleues <eos>,14,bleues,bleus,12,M,S,bleues,-11.24449,bleus,-11.725304,1
2252,P_NOUN_9_ADJ_b,F,P,les lampes avec le vase qui étaient là depuis hier ne sont pas très noires <eos>,14,noires,noirs,12,M,S,noires,-9.744248,noirs,-12.725085,1
2253,P_NOUN_9_ADJ_b,F,P,les lampes avec le vase qui étaient là depuis hier ne sont pas très délicates <eos>,14,délicates,délicats,12,M,S,délicates,-7.891436,délicats,-9.030306,1
2254,P_NOUN_9_ADJ_b,F,P,les lampes avec le vase qui étaient là depuis hier ne sont pas très pointues <eos>,14,pointues,pointus,12,M,S,pointues,-8.711133,pointus,-11.084451,1
2255,P_NOUN_9_ADJ_b,F,P,les lampes avec le vase qui étaient là depuis hier ne sont pas très rondes <eos>,14,rondes,ronds,12,M,S,rondes,-10.843845,ronds,-12.644301,1
2256,P_NOUN_9_ADJ_b,F,P,les lampes avec le vase qui étaient là depuis hier ne sont pas très froides <eos>,14,froides,froids,12,M,S,froides,-5.58288,froids,-10.445985,1
2257,P_NOUN_9_ADJ_b,F,P,les lampes avec le vase qui étaient là depuis hier ne sont pas très chaudes <eos>,14,chaudes,chauds,12,M,S,chaudes,-6.218009,chauds,-8.326787,1
2258,P_NOUN_9_ADJ_b,F,P,les lampes avec le vase qui étaient là depuis hier ne sont pas très importantes <eos>,14,importantes,importants,12,M,S,importantes,-4.849944,importants,-7.681205,1
2259,P_NOUN_9_ADJ_b,F,P,les lampes avec le vase qui étaient là depuis hier ne sont pas très courtes <eos>,14,courtes,courts,12,M,S,courtes,-6.778588,courts,-8.551441,1
2260,P_NOUN_9_ADJ_b,F,P,les lampes avec le vase qui étaient là depuis hier ne sont pas très dures <eos>,14,dures,durs,12,M,S,dures,-5.7107773,durs,-7.03475,1
2261,P_NOUN_9_ADJ_b,F,P,les lampes avec le vase qui étaient là depuis hier ne sont pas très claires <eos>,14,claires,clairs,12,M,S,claires,-4.479785,clairs,-6.850466,1
2262,P_NOUN_9_ADJ_b,F,P,les lampes avec le vase qui étaient là depuis hier ne sont pas très intéressantes <eos>,14,intéressantes,intéressants,12,M,S,intéressantes,-6.202491,intéressants,-8.233126,1
2263,P_NOUN_9_ADJ_b,F,P,les lampes avec le vase qui étaient là depuis hier ne sont pas très brillantes <eos>,14,brillantes,brillants,12,M,S,brillantes,-6.6627192,brillants,-8.691555,1
2264,P_NOUN_9_ADJ_b,F,P,les lampes avec le vase qui étaient là depuis hier ne sont pas très compliquées <eos>,14,compliquées,compliqués,12,M,S,compliquées,-7.0666757,compliqués,-7.3261685,1
2265,P_NOUN_9_ADJ_b,F,P,les lampes avec le panier qui étaient là depuis hier ne sont pas très vertes <eos>,14,vertes,verts,12,M,S,vertes,-10.060503,verts,-10.591911,1
2266,P_NOUN_9_ADJ_b,F,P,les lampes avec le panier qui étaient là depuis hier ne sont pas très bleues <eos>,14,bleues,bleus,12,M,S,bleues,-11.444364,bleus,-11.660691,1
2267,P_NOUN_9_ADJ_b,F,P,les lampes avec le panier qui étaient là depuis hier ne sont pas très noires <eos>,14,noires,noirs,12,M,S,noires,-9.902426,noirs,-12.405801,1
2268,P_NOUN_9_ADJ_b,F,P,les lampes avec le panier qui étaient là depuis hier ne sont pas très délicates <eos>,14,délicates,délicats,12,M,S,délicates,-8.449534,délicats,-9.396332,1
2269,P_NOUN_9_ADJ_b,F,P,les lampes avec le panier qui étaient là depuis hier ne sont pas très pointues <eos>,14,pointues,pointus,12,M,S,pointues,-8.629257,pointus,-11.006975,1
2270,P_NOUN_9_ADJ_b,F,P,les lampes avec le panier qui étaient là depuis hier ne sont pas très rondes <eos>,14,rondes,ronds,12,M,S,rondes,-10.502106,ronds,-12.150419,1
2271,P_NOUN_9_ADJ_b,F,P,les lampes avec le panier qui étaient là depuis hier ne sont pas très froides <eos>,14,froides,froids,12,M,S,froides,-5.768624,froids,-10.846266,1
2272,P_NOUN_9_ADJ_b,F,P,les lampes avec le panier qui étaient là depuis hier ne sont pas très chaudes <eos>,14,chaudes,chauds,12,M,S,chaudes,-6.9645834,chauds,-8.4219265,1
2273,P_NOUN_9_ADJ_b,F,P,les lampes avec le panier qui étaient là depuis hier ne sont pas très importantes <eos>,14,importantes,importants,12,M,S,importantes,-5.389747,importants,-7.7870574,1
2274,P_NOUN_9_ADJ_b,F,P,les lampes avec le panier qui étaient là depuis hier ne sont pas très courtes <eos>,14,courtes,courts,12,M,S,courtes,-6.401148,courts,-7.8502045,1
2275,P_NOUN_9_ADJ_b,F,P,les lampes avec le panier qui étaient là depuis hier ne sont pas très dures <eos>,14,dures,durs,12,M,S,dures,-5.813612,durs,-6.646884,1
2276,P_NOUN_9_ADJ_b,F,P,les lampes avec le panier qui étaient là depuis hier ne sont pas très claires <eos>,14,claires,clairs,12,M,S,claires,-4.8103275,clairs,-6.9853115,1
2277,P_NOUN_9_ADJ_b,F,P,les lampes avec le panier qui étaient là depuis hier ne sont pas très intéressantes <eos>,14,intéressantes,intéressants,12,M,S,intéressantes,-6.4661455,intéressants,-8.243839,1
2278,P_NOUN_9_ADJ_b,F,P,les lampes avec le panier qui étaient là depuis hier ne sont pas très brillantes <eos>,14,brillantes,brillants,12,M,S,brillantes,-7.151965,brillants,-8.50045,1
2279,P_NOUN_9_ADJ_b,F,P,les lampes avec le panier qui étaient là depuis hier ne sont pas très compliquées <eos>,14,compliquées,compliqués,12,M,S,compliquées,-7.208702,compliqués,-7.229993,1
2280,P_NOUN_9_ADJ_b,F,P,les lampes avec le collier qui étaient là depuis hier ne sont pas très vertes <eos>,14,vertes,verts,12,M,S,vertes,-9.956842,verts,-9.944957,0
2281,P_NOUN_9_ADJ_b,F,P,les lampes avec le collier qui étaient là depuis hier ne sont pas très bleues <eos>,14,bleues,bleus,12,M,S,bleues,-10.825393,bleus,-11.086881,1
2282,P_NOUN_9_ADJ_b,F,P,les lampes avec le collier qui étaient là depuis hier ne sont pas très noires <eos>,14,noires,noirs,12,M,S,noires,-9.674139,noirs,-11.670895,1
2283,P_NOUN_9_ADJ_b,F,P,les lampes avec le collier qui étaient là depuis hier ne sont pas très délicates <eos>,14,délicates,délicats,12,M,S,délicates,-8.366998,délicats,-9.5104475,1
2284,P_NOUN_9_ADJ_b,F,P,les lampes avec le collier qui étaient là depuis hier ne sont pas très pointues <eos>,14,pointues,pointus,12,M,S,pointues,-8.440402,pointus,-10.611272,1
2285,P_NOUN_9_ADJ_b,F,P,les lampes avec le collier qui étaient là depuis hier ne sont pas très rondes <eos>,14,rondes,ronds,12,M,S,rondes,-10.397427,ronds,-12.028141,1
2286,P_NOUN_9_ADJ_b,F,P,les lampes avec le collier qui étaient là depuis hier ne sont pas très froides <eos>,14,froides,froids,12,M,S,froides,-5.8511677,froids,-10.735477,1
2287,P_NOUN_9_ADJ_b,F,P,les lampes avec le collier qui étaient là depuis hier ne sont pas très chaudes <eos>,14,chaudes,chauds,12,M,S,chaudes,-7.1791515,chauds,-8.416218,1
2288,P_NOUN_9_ADJ_b,F,P,les lampes avec le collier qui étaient là depuis hier ne sont pas très importantes <eos>,14,importantes,importants,12,M,S,importantes,-5.688329,importants,-7.6623187,1
2289,P_NOUN_9_ADJ_b,F,P,les lampes avec le collier qui étaient là depuis hier ne sont pas très courtes <eos>,14,courtes,courts,12,M,S,courtes,-6.656275,courts,-7.789469,1
2290,P_NOUN_9_ADJ_b,F,P,les lampes avec le collier qui étaient là depuis hier ne sont pas très dures <eos>,14,dures,durs,12,M,S,dures,-5.7341413,durs,-6.6387215,1
2291,P_NOUN_9_ADJ_b,F,P,les lampes avec le collier qui étaient là depuis hier ne sont pas très claires <eos>,14,claires,clairs,12,M,S,claires,-4.6449094,clairs,-6.1046004,1
2292,P_NOUN_9_ADJ_b,F,P,les lampes avec le collier qui étaient là depuis hier ne sont pas très intéressantes <eos>,14,intéressantes,intéressants,12,M,S,intéressantes,-6.4445477,intéressants,-7.715848,1
2293,P_NOUN_9_ADJ_b,F,P,les lampes avec le collier qui étaient là depuis hier ne sont pas très brillantes <eos>,14,brillantes,brillants,12,M,S,brillantes,-6.3252163,brillants,-7.754675,1
2294,P_NOUN_9_ADJ_b,F,P,les lampes avec le collier qui étaient là depuis hier ne sont pas très compliquées <eos>,14,compliquées,compliqués,12,M,S,compliquées,-6.7033577,compliqués,-6.93956,1
2295,P_NOUN_9_ADJ_b,F,P,les lampes avec le chapeau qui étaient là depuis hier ne sont pas très vertes <eos>,14,vertes,verts,12,M,S,vertes,-9.407898,verts,-10.546526,1
2296,P_NOUN_9_ADJ_b,F,P,les lampes avec le chapeau qui étaient là depuis hier ne sont pas très bleues <eos>,14,bleues,bleus,12,M,S,bleues,-10.075575,bleus,-10.931946,1
2297,P_NOUN_9_ADJ_b,F,P,les lampes avec le chapeau qui étaient là depuis hier ne sont pas très noires <eos>,14,noires,noirs,12,M,S,noires,-8.874891,noirs,-11.764936,1
2298,P_NOUN_9_ADJ_b,F,P,les lampes avec le chapeau qui étaient là depuis hier ne sont pas très délicates <eos>,14,délicates,délicats,12,M,S,délicates,-7.956355,délicats,-9.584459,1
2299,P_NOUN_9_ADJ_b,F,P,les lampes avec le chapeau qui étaient là depuis hier ne sont pas très pointues <eos>,14,pointues,pointus,12,M,S,pointues,-8.208601,pointus,-10.988043,1
2300,P_NOUN_9_ADJ_b,F,P,les lampes avec le chapeau qui étaient là depuis hier ne sont pas très rondes <eos>,14,rondes,ronds,12,M,S,rondes,-10.116497,ronds,-12.155428,1
2301,P_NOUN_9_ADJ_b,F,P,les lampes avec le chapeau qui étaient là depuis hier ne sont pas très froides <eos>,14,froides,froids,12,M,S,froides,-5.6257725,froids,-10.944299,1
2302,P_NOUN_9_ADJ_b,F,P,les lampes avec le chapeau qui étaient là depuis hier ne sont pas très chaudes <eos>,14,chaudes,chauds,12,M,S,chaudes,-6.6659117,chauds,-8.782498,1
2303,P_NOUN_9_ADJ_b,F,P,les lampes avec le chapeau qui étaient là depuis hier ne sont pas très importantes <eos>,14,importantes,importants,12,M,S,importantes,-5.5453186,importants,-8.53387,1
2304,P_NOUN_9_ADJ_b,F,P,les lampes avec le chapeau qui étaient là depuis hier ne sont pas très courtes <eos>,14,courtes,courts,12,M,S,courtes,-6.0494347,courts,-8.273803,1
2305,P_NOUN_9_ADJ_b,F,P,les lampes avec le chapeau qui étaient là depuis hier ne sont pas très dures <eos>,14,dures,durs,12,M,S,dures,-5.6270785,durs,-7.1397567,1
2306,P_NOUN_9_ADJ_b,F,P,les lampes avec le chapeau qui étaient là depuis hier ne sont pas très claires <eos>,14,claires,clairs,12,M,S,claires,-4.227067,clairs,-6.5984344,1
2307,P_NOUN_9_ADJ_b,F,P,les lampes avec le chapeau qui étaient là depuis hier ne sont pas très intéressantes <eos>,14,intéressantes,intéressants,12,M,S,intéressantes,-6.4404726,intéressants,-8.601136,1
2308,P_NOUN_9_ADJ_b,F,P,les lampes avec le chapeau qui étaient là depuis hier ne sont pas très brillantes <eos>,14,brillantes,brillants,12,M,S,brillantes,-6.1223946,brillants,-8.401893,1
2309,P_NOUN_9_ADJ_b,F,P,les lampes avec le chapeau qui étaient là depuis hier ne sont pas très compliquées <eos>,14,compliquées,compliqués,12,M,S,compliquées,-7.0318146,compliqués,-7.7526836,1
2310,P_NOUN_9_ADJ_b,F,P,les lampes avec le pot qui étaient là depuis hier ne sont pas très vertes <eos>,14,vertes,verts,12,M,S,vertes,-9.658445,verts,-10.338459,1
2311,P_NOUN_9_ADJ_b,F,P,les lampes avec le pot qui étaient là depuis hier ne sont pas très bleues <eos>,14,bleues,bleus,12,M,S,bleues,-10.932,bleus,-11.2772255,1
2312,P_NOUN_9_ADJ_b,F,P,les lampes avec le pot qui étaient là depuis hier ne sont pas très noires <eos>,14,noires,noirs,12,M,S,noires,-9.61021,noirs,-12.15721,1
2313,P_NOUN_9_ADJ_b,F,P,les lampes avec le pot qui étaient là depuis hier ne sont pas très délicates <eos>,14,délicates,délicats,12,M,S,délicates,-8.144264,délicats,-9.315356,1
2314,P_NOUN_9_ADJ_b,F,P,les lampes avec le pot qui étaient là depuis hier ne sont pas très pointues <eos>,14,pointues,pointus,12,M,S,pointues,-8.802338,pointus,-11.2266655,1
2315,P_NOUN_9_ADJ_b,F,P,les lampes avec le pot qui étaient là depuis hier ne sont pas très rondes <eos>,14,rondes,ronds,12,M,S,rondes,-10.665391,ronds,-12.387887,1
2316,P_NOUN_9_ADJ_b,F,P,les lampes avec le pot qui étaient là depuis hier ne sont pas très froides <eos>,14,froides,froids,12,M,S,froides,-5.4467525,froids,-10.29756,1
2317,P_NOUN_9_ADJ_b,F,P,les lampes avec le pot qui étaient là depuis hier ne sont pas très chaudes <eos>,14,chaudes,chauds,12,M,S,chaudes,-6.306279,chauds,-8.140101,1
2318,P_NOUN_9_ADJ_b,F,P,les lampes avec le pot qui étaient là depuis hier ne sont pas très importantes <eos>,14,importantes,importants,12,M,S,importantes,-5.116642,importants,-7.934847,1
2319,P_NOUN_9_ADJ_b,F,P,les lampes avec le pot qui étaient là depuis hier ne sont pas très courtes <eos>,14,courtes,courts,12,M,S,courtes,-6.7569084,courts,-8.177417,1
2320,P_NOUN_9_ADJ_b,F,P,les lampes avec le pot qui étaient là depuis hier ne sont pas très dures <eos>,14,dures,durs,12,M,S,dures,-5.6740227,durs,-6.8118305,1
2321,P_NOUN_9_ADJ_b,F,P,les lampes avec le pot qui étaient là depuis hier ne sont pas très claires <eos>,14,claires,clairs,12,M,S,claires,-4.540643,clairs,-6.9401555,1
2322,P_NOUN_9_ADJ_b,F,P,les lampes avec le pot qui étaient là depuis hier ne sont pas très intéressantes <eos>,14,intéressantes,intéressants,12,M,S,intéressantes,-6.203306,intéressants,-8.390265,1
2323,P_NOUN_9_ADJ_b,F,P,les lampes avec le pot qui étaient là depuis hier ne sont pas très brillantes <eos>,14,brillantes,brillants,12,M,S,brillantes,-6.5344925,brillants,-8.158544,1
2324,P_NOUN_9_ADJ_b,F,P,les lampes avec le pot qui étaient là depuis hier ne sont pas très compliquées <eos>,14,compliquées,compliqués,12,M,S,compliquées,-7.335722,compliqués,-7.470892,1
2325,P_NOUN_9_ADJ_b,F,P,les lampes avec le coussin qui étaient là depuis hier ne sont pas très vertes <eos>,14,vertes,verts,12,M,S,vertes,-10.022491,verts,-11.120679,1
2326,P_NOUN_9_ADJ_b,F,P,les lampes avec le coussin qui étaient là depuis hier ne sont pas très bleues <eos>,14,bleues,bleus,12,M,S,bleues,-11.190937,bleus,-11.692883,1
2327,P_NOUN_9_ADJ_b,F,P,les lampes avec le coussin qui étaient là depuis hier ne sont pas très noires <eos>,14,noires,noirs,12,M,S,noires,-9.759894,noirs,-12.303535,1
2328,P_NOUN_9_ADJ_b,F,P,les lampes avec le coussin qui étaient là depuis hier ne sont pas très délicates <eos>,14,délicates,délicats,12,M,S,délicates,-8.818976,délicats,-9.71508,1
2329,P_NOUN_9_ADJ_b,F,P,les lampes avec le coussin qui étaient là depuis hier ne sont pas très pointues <eos>,14,pointues,pointus,12,M,S,pointues,-8.304562,pointus,-10.938049,1
2330,P_NOUN_9_ADJ_b,F,P,les lampes avec le coussin qui étaient là depuis hier ne sont pas très rondes <eos>,14,rondes,ronds,12,M,S,rondes,-10.196217,ronds,-12.30501,1
2331,P_NOUN_9_ADJ_b,F,P,les lampes avec le coussin qui étaient là depuis hier ne sont pas très froides <eos>,14,froides,froids,12,M,S,froides,-5.907749,froids,-11.010049,1
2332,P_NOUN_9_ADJ_b,F,P,les lampes avec le coussin qui étaient là depuis hier ne sont pas très chaudes <eos>,14,chaudes,chauds,12,M,S,chaudes,-7.300479,chauds,-8.774315,1
2333,P_NOUN_9_ADJ_b,F,P,les lampes avec le coussin qui étaient là depuis hier ne sont pas très importantes <eos>,14,importantes,importants,12,M,S,importantes,-5.596451,importants,-8.215564,1
2334,P_NOUN_9_ADJ_b,F,P,les lampes avec le coussin qui étaient là depuis hier ne sont pas très courtes <eos>,14,courtes,courts,12,M,S,courtes,-5.782257,courts,-7.7397175,1
2335,P_NOUN_9_ADJ_b,F,P,les lampes avec le coussin qui étaient là depuis hier ne sont pas très dures <eos>,14,dures,durs,12,M,S,dures,-5.7968354,durs,-6.9358735,1
2336,P_NOUN_9_ADJ_b,F,P,les lampes avec le coussin qui étaient là depuis hier ne sont pas très claires <eos>,14,claires,clairs,12,M,S,claires,-4.9518595,clairs,-7.2258673,1
2337,P_NOUN_9_ADJ_b,F,P,les lampes avec le coussin qui étaient là depuis hier ne sont pas très intéressantes <eos>,14,intéressantes,intéressants,12,M,S,intéressantes,-6.7803044,intéressants,-8.644947,1
2338,P_NOUN_9_ADJ_b,F,P,les lampes avec le coussin qui étaient là depuis hier ne sont pas très brillantes <eos>,14,brillantes,brillants,12,M,S,brillantes,-7.0468407,brillants,-8.917246,1
2339,P_NOUN_9_ADJ_b,F,P,les lampes avec le coussin qui étaient là depuis hier ne sont pas très compliquées <eos>,14,compliquées,compliqués,12,M,S,compliquées,-6.635042,compliqués,-7.331456,1
2340,P_NOUN_9_ADJ_b,F,P,les lampes avec le jouet qui étaient là depuis hier ne sont pas très vertes <eos>,14,vertes,verts,12,M,S,vertes,-9.666984,verts,-10.287859,1
2341,P_NOUN_9_ADJ_b,F,P,les lampes avec le jouet qui étaient là depuis hier ne sont pas très bleues <eos>,14,bleues,bleus,12,M,S,bleues,-10.723511,bleus,-11.296007,1
2342,P_NOUN_9_ADJ_b,F,P,les lampes avec le jouet qui étaient là depuis hier ne sont pas très noires <eos>,14,noires,noirs,12,M,S,noires,-9.716019,noirs,-12.259222,1
2343,P_NOUN_9_ADJ_b,F,P,les lampes avec le jouet qui étaient là depuis hier ne sont pas très délicates <eos>,14,délicates,délicats,12,M,S,délicates,-8.320479,délicats,-9.557711,1
2344,P_NOUN_9_ADJ_b,F,P,les lampes avec le jouet qui étaient là depuis hier ne sont pas très pointues <eos>,14,pointues,pointus,12,M,S,pointues,-8.425339,pointus,-10.973833,1
2345,P_NOUN_9_ADJ_b,F,P,les lampes avec le jouet qui étaient là depuis hier ne sont pas très rondes <eos>,14,rondes,ronds,12,M,S,rondes,-10.277946,ronds,-12.3574505,1
2346,P_NOUN_9_ADJ_b,F,P,les lampes avec le jouet qui étaient là depuis hier ne sont pas très froides <eos>,14,froides,froids,12,M,S,froides,-5.69497,froids,-10.918356,1
2347,P_NOUN_9_ADJ_b,F,P,les lampes avec le jouet qui étaient là depuis hier ne sont pas très chaudes <eos>,14,chaudes,chauds,12,M,S,chaudes,-6.9891014,chauds,-8.650018,1
2348,P_NOUN_9_ADJ_b,F,P,les lampes avec le jouet qui étaient là depuis hier ne sont pas très importantes <eos>,14,importantes,importants,12,M,S,importantes,-5.818714,importants,-8.488583,1
2349,P_NOUN_9_ADJ_b,F,P,les lampes avec le jouet qui étaient là depuis hier ne sont pas très courtes <eos>,14,courtes,courts,12,M,S,courtes,-6.3018775,courts,-8.098219,1
2350,P_NOUN_9_ADJ_b,F,P,les lampes avec le jouet qui étaient là depuis hier ne sont pas très dures <eos>,14,dures,durs,12,M,S,dures,-6.186927,durs,-7.005206,1
2351,P_NOUN_9_ADJ_b,F,P,les lampes avec le jouet qui étaient là depuis hier ne sont pas très claires <eos>,14,claires,clairs,12,M,S,claires,-4.487932,clairs,-6.947423,1
2352,P_NOUN_9_ADJ_b,F,P,les lampes avec le jouet qui étaient là depuis hier ne sont pas très intéressantes <eos>,14,intéressantes,intéressants,12,M,S,intéressantes,-6.570538,intéressants,-8.43401,1
2353,P_NOUN_9_ADJ_b,F,P,les lampes avec le jouet qui étaient là depuis hier ne sont pas très brillantes <eos>,14,brillantes,brillants,12,M,S,brillantes,-6.758898,brillants,-8.808511,1
2354,P_NOUN_9_ADJ_b,F,P,les lampes avec le jouet qui étaient là depuis hier ne sont pas très compliquées <eos>,14,compliquées,compliqués,12,M,S,compliquées,-6.8245807,compliqués,-7.365294,1
2355,P_NOUN_9_ADJ_b,F,P,les lampes avec le clou qui étaient là depuis hier ne sont pas très vertes <eos>,14,vertes,verts,12,M,S,vertes,-9.638542,verts,-10.853525,1
2356,P_NOUN_9_ADJ_b,F,P,les lampes avec le clou qui étaient là depuis hier ne sont pas très bleues <eos>,14,bleues,bleus,12,M,S,bleues,-10.492363,bleus,-11.263063,1
2357,P_NOUN_9_ADJ_b,F,P,les lampes avec le clou qui étaient là depuis hier ne sont pas très noires <eos>,14,noires,noirs,12,M,S,noires,-9.361494,noirs,-12.265547,1
2358,P_NOUN_9_ADJ_b,F,P,les lampes avec le clou qui étaient là depuis hier ne sont pas très délicates <eos>,14,délicates,délicats,12,M,S,délicates,-8.108707,délicats,-9.476395,1
2359,P_NOUN_9_ADJ_b,F,P,les lampes avec le clou qui étaient là depuis hier ne sont pas très pointues <eos>,14,pointues,pointus,12,M,S,pointues,-8.463599,pointus,-10.869575,1
2360,P_NOUN_9_ADJ_b,F,P,les lampes avec le clou qui étaient là depuis hier ne sont pas très rondes <eos>,14,rondes,ronds,12,M,S,rondes,-10.178921,ronds,-11.8583145,1
2361,P_NOUN_9_ADJ_b,F,P,les lampes avec le clou qui étaient là depuis hier ne sont pas très froides <eos>,14,froides,froids,12,M,S,froides,-6.0162215,froids,-11.38829,1
2362,P_NOUN_9_ADJ_b,F,P,les lampes avec le clou qui étaient là depuis hier ne sont pas très chaudes <eos>,14,chaudes,chauds,12,M,S,chaudes,-7.20487,chauds,-9.141185,1
2363,P_NOUN_9_ADJ_b,F,P,les lampes avec le clou qui étaient là depuis hier ne sont pas très importantes <eos>,14,importantes,importants,12,M,S,importantes,-5.5676527,importants,-8.479907,1
2364,P_NOUN_9_ADJ_b,F,P,les lampes avec le clou qui étaient là depuis hier ne sont pas très courtes <eos>,14,courtes,courts,12,M,S,courtes,-5.938449,courts,-8.217314,1
2365,P_NOUN_9_ADJ_b,F,P,les lampes avec le clou qui étaient là depuis hier ne sont pas très dures <eos>,14,dures,durs,12,M,S,dures,-5.968889,durs,-7.304178,1
2366,P_NOUN_9_ADJ_b,F,P,les lampes avec le clou qui étaient là depuis hier ne sont pas très claires <eos>,14,claires,clairs,12,M,S,claires,-4.67829,clairs,-6.816171,1
2367,P_NOUN_9_ADJ_b,F,P,les lampes avec le clou qui étaient là depuis hier ne sont pas très intéressantes <eos>,14,intéressantes,intéressants,12,M,S,intéressantes,-6.577306,intéressants,-8.718604,1
2368,P_NOUN_9_ADJ_b,F,P,les lampes avec le clou qui étaient là depuis hier ne sont pas très brillantes <eos>,14,brillantes,brillants,12,M,S,brillantes,-6.60174,brillants,-8.860807,1
2369,P_NOUN_9_ADJ_b,F,P,les lampes avec le clou qui étaient là depuis hier ne sont pas très compliquées <eos>,14,compliquées,compliqués,12,M,S,compliquées,-6.7539883,compliqués,-7.341017,1
2370,P_NOUN_9_ADJ_b,F,P,les lampes avec le billet qui étaient là depuis hier ne sont pas très vertes <eos>,14,vertes,verts,12,M,S,vertes,-10.266231,verts,-10.9882345,1
2371,P_NOUN_9_ADJ_b,F,P,les lampes avec le billet qui étaient là depuis hier ne sont pas très bleues <eos>,14,bleues,bleus,12,M,S,bleues,-11.308818,bleus,-11.820332,1
2372,P_NOUN_9_ADJ_b,F,P,les lampes avec le billet qui étaient là depuis hier ne sont pas très noires <eos>,14,noires,noirs,12,M,S,noires,-10.3914585,noirs,-12.56549,1
2373,P_NOUN_9_ADJ_b,F,P,les lampes avec le billet qui étaient là depuis hier ne sont pas très délicates <eos>,14,délicates,délicats,12,M,S,délicates,-8.540129,délicats,-10.049757,1
2374,P_NOUN_9_ADJ_b,F,P,les lampes avec le billet qui étaient là depuis hier ne sont pas très pointues <eos>,14,pointues,pointus,12,M,S,pointues,-8.861118,pointus,-11.492586,1
2375,P_NOUN_9_ADJ_b,F,P,les lampes avec le billet qui étaient là depuis hier ne sont pas très rondes <eos>,14,rondes,ronds,12,M,S,rondes,-11.021259,ronds,-12.733618,1
2376,P_NOUN_9_ADJ_b,F,P,les lampes avec le billet qui étaient là depuis hier ne sont pas très froides <eos>,14,froides,froids,12,M,S,froides,-6.1998787,froids,-11.606243,1
2377,P_NOUN_9_ADJ_b,F,P,les lampes avec le billet qui étaient là depuis hier ne sont pas très chaudes <eos>,14,chaudes,chauds,12,M,S,chaudes,-7.684829,chauds,-9.062019,1
2378,P_NOUN_9_ADJ_b,F,P,les lampes avec le billet qui étaient là depuis hier ne sont pas très importantes <eos>,14,importantes,importants,12,M,S,importantes,-5.144573,importants,-7.8628902,1
2379,P_NOUN_9_ADJ_b,F,P,les lampes avec le billet qui étaient là depuis hier ne sont pas très courtes <eos>,14,courtes,courts,12,M,S,courtes,-6.1890645,courts,-8.120325,1
2380,P_NOUN_9_ADJ_b,F,P,les lampes avec le billet qui étaient là depuis hier ne sont pas très dures <eos>,14,dures,durs,12,M,S,dures,-5.9187193,durs,-7.3490686,1
2381,P_NOUN_9_ADJ_b,F,P,les lampes avec le billet qui étaient là depuis hier ne sont pas très claires <eos>,14,claires,clairs,12,M,S,claires,-5.4521027,clairs,-7.2691164,1
2382,P_NOUN_9_ADJ_b,F,P,les lampes avec le billet qui étaient là depuis hier ne sont pas très intéressantes <eos>,14,intéressantes,intéressants,12,M,S,intéressantes,-6.2280726,intéressants,-8.0533085,1
2383,P_NOUN_9_ADJ_b,F,P,les lampes avec le billet qui étaient là depuis hier ne sont pas très brillantes <eos>,14,brillantes,brillants,12,M,S,brillantes,-7.049472,brillants,-8.531186,1
2384,P_NOUN_9_ADJ_b,F,P,les lampes avec le billet qui étaient là depuis hier ne sont pas très compliquées <eos>,14,compliquées,compliqués,12,M,S,compliquées,-7.0954676,compliqués,-7.53349,1
2385,P_NOUN_9_ADJ_b,F,P,les lampes avec le légume qui étaient là depuis hier ne sont pas très vertes <eos>,14,vertes,verts,12,M,S,vertes,-9.541928,verts,-10.27851,1
2386,P_NOUN_9_ADJ_b,F,P,les lampes avec le légume qui étaient là depuis hier ne sont pas très bleues <eos>,14,bleues,bleus,12,M,S,bleues,-11.150946,bleus,-11.379958,1
2387,P_NOUN_9_ADJ_b,F,P,les lampes avec le légume qui étaient là depuis hier ne sont pas très noires <eos>,14,noires,noirs,12,M,S,noires,-9.533262,noirs,-11.952177,1
2388,P_NOUN_9_ADJ_b,F,P,les lampes avec le légume qui étaient là depuis hier ne sont pas très délicates <eos>,14,délicates,délicats,12,M,S,délicates,-7.9134445,délicats,-9.258711,1
2389,P_NOUN_9_ADJ_b,F,P,les lampes avec le légume qui étaient là depuis hier ne sont pas très pointues <eos>,14,pointues,pointus,12,M,S,pointues,-8.853802,pointus,-11.868341,1
2390,P_NOUN_9_ADJ_b,F,P,les lampes avec le légume qui étaient là depuis hier ne sont pas très rondes <eos>,14,rondes,ronds,12,M,S,rondes,-10.324011,ronds,-11.974783,1
2391,P_NOUN_9_ADJ_b,F,P,les lampes avec le légume qui étaient là depuis hier ne sont pas très froides <eos>,14,froides,froids,12,M,S,froides,-5.1164618,froids,-9.971865,1
2392,P_NOUN_9_ADJ_b,F,P,les lampes avec le légume qui étaient là depuis hier ne sont pas très chaudes <eos>,14,chaudes,chauds,12,M,S,chaudes,-5.6540346,chauds,-8.229544,1
2393,P_NOUN_9_ADJ_b,F,P,les lampes avec le légume qui étaient là depuis hier ne sont pas très importantes <eos>,14,importantes,importants,12,M,S,importantes,-4.979912,importants,-8.148336,1
2394,P_NOUN_9_ADJ_b,F,P,les lampes avec le légume qui étaient là depuis hier ne sont pas très courtes <eos>,14,courtes,courts,12,M,S,courtes,-7.3208838,courts,-8.936407,1
2395,P_NOUN_9_ADJ_b,F,P,les lampes avec le légume qui étaient là depuis hier ne sont pas très dures <eos>,14,dures,durs,12,M,S,dures,-5.393154,durs,-7.4421043,1
2396,P_NOUN_9_ADJ_b,F,P,les lampes avec le légume qui étaient là depuis hier ne sont pas très claires <eos>,14,claires,clairs,12,M,S,claires,-4.116047,clairs,-7.5779953,1
2397,P_NOUN_9_ADJ_b,F,P,les lampes avec le légume qui étaient là depuis hier ne sont pas très intéressantes <eos>,14,intéressantes,intéressants,12,M,S,intéressantes,-6.420121,intéressants,-9.121039,1
2398,P_NOUN_9_ADJ_b,F,P,les lampes avec le légume qui étaient là depuis hier ne sont pas très brillantes <eos>,14,brillantes,brillants,12,M,S,brillantes,-6.863549,brillants,-8.908989,1
2399,P_NOUN_9_ADJ_b,F,P,les lampes avec le légume qui étaient là depuis hier ne sont pas très compliquées <eos>,14,compliquées,compliqués,12,M,S,compliquées,-8.058767,compliqués,-8.5990925,1
2400,P_NOUN_9_ADJ_b,F,P,les bouteilles avec le bracelet qui étaient là depuis hier ne sont pas très vertes <eos>,14,vertes,verts,12,M,S,vertes,-9.856008,verts,-9.866024,1
2401,P_NOUN_9_ADJ_b,F,P,les bouteilles avec le bracelet qui étaient là depuis hier ne sont pas très bleues <eos>,14,bleues,bleus,12,M,S,bleues,-11.082903,bleus,-11.067404,0
2402,P_NOUN_9_ADJ_b,F,P,les bouteilles avec le bracelet qui étaient là depuis hier ne sont pas très noires <eos>,14,noires,noirs,12,M,S,noires,-9.748565,noirs,-11.876668,1
2403,P_NOUN_9_ADJ_b,F,P,les bouteilles avec le bracelet qui étaient là depuis hier ne sont pas très délicates <eos>,14,délicates,délicats,12,M,S,délicates,-7.6024866,délicats,-9.267009,1
2404,P_NOUN_9_ADJ_b,F,P,les bouteilles avec le bracelet qui étaient là depuis hier ne sont pas très pointues <eos>,14,pointues,pointus,12,M,S,pointues,-8.851124,pointus,-11.333688,1
2405,P_NOUN_9_ADJ_b,F,P,les bouteilles avec le bracelet qui étaient là depuis hier ne sont pas très rondes <eos>,14,rondes,ronds,12,M,S,rondes,-10.764324,ronds,-12.555968,1
2406,P_NOUN_9_ADJ_b,F,P,les bouteilles avec le bracelet qui étaient là depuis hier ne sont pas très froides <eos>,14,froides,froids,12,M,S,froides,-5.2994394,froids,-11.341535,1
2407,P_NOUN_9_ADJ_b,F,P,les bouteilles avec le bracelet qui étaient là depuis hier ne sont pas très chaudes <eos>,14,chaudes,chauds,12,M,S,chaudes,-6.882741,chauds,-8.538515,1
2408,P_NOUN_9_ADJ_b,F,P,les bouteilles avec le bracelet qui étaient là depuis hier ne sont pas très importantes <eos>,14,importantes,importants,12,M,S,importantes,-5.545305,importants,-8.0401535,1
2409,P_NOUN_9_ADJ_b,F,P,les bouteilles avec le bracelet qui étaient là depuis hier ne sont pas très courtes <eos>,14,courtes,courts,12,M,S,courtes,-7.703612,courts,-8.778109,1
2410,P_NOUN_9_ADJ_b,F,P,les bouteilles avec le bracelet qui étaient là depuis hier ne sont pas très dures <eos>,14,dures,durs,12,M,S,dures,-5.6861153,durs,-6.943165,1
2411,P_NOUN_9_ADJ_b,F,P,les bouteilles avec le bracelet qui étaient là depuis hier ne sont pas très claires <eos>,14,claires,clairs,12,M,S,claires,-4.7401323,clairs,-7.7077656,1
2412,P_NOUN_9_ADJ_b,F,P,les bouteilles avec le bracelet qui étaient là depuis hier ne sont pas très intéressantes <eos>,14,intéressantes,intéressants,12,M,S,intéressantes,-6.1659994,intéressants,-7.727764,1
2413,P_NOUN_9_ADJ_b,F,P,les bouteilles avec le bracelet qui étaient là depuis hier ne sont pas très brillantes <eos>,14,brillantes,brillants,12,M,S,brillantes,-7.310627,brillants,-8.228671,1
2414,P_NOUN_9_ADJ_b,F,P,les bouteilles avec le bracelet qui étaient là depuis hier ne sont pas très compliquées <eos>,14,compliquées,compliqués,12,M,S,compliquées,-6.9692726,compliqués,-7.7814283,1
2415,P_NOUN_9_ADJ_b,F,P,les bouteilles avec le miroir qui étaient là depuis hier ne sont pas très vertes <eos>,14,vertes,verts,12,M,S,vertes,-9.46171,verts,-11.129805,1
2416,P_NOUN_9_ADJ_b,F,P,les bouteilles avec le miroir qui étaient là depuis hier ne sont pas très bleues <eos>,14,bleues,bleus,12,M,S,bleues,-10.812975,bleus,-11.561377,1
2417,P_NOUN_9_ADJ_b,F,P,les bouteilles avec le miroir qui étaient là depuis hier ne sont pas très noires <eos>,14,noires,noirs,12,M,S,noires,-9.47937,noirs,-12.364678,1
2418,P_NOUN_9_ADJ_b,F,P,les bouteilles avec le miroir qui étaient là depuis hier ne sont pas très délicates <eos>,14,délicates,délicats,12,M,S,délicates,-7.392785,délicats,-8.875869,1
2419,P_NOUN_9_ADJ_b,F,P,les bouteilles avec le miroir qui étaient là depuis hier ne sont pas très pointues <eos>,14,pointues,pointus,12,M,S,pointues,-8.611425,pointus,-11.39451,1
2420,P_NOUN_9_ADJ_b,F,P,les bouteilles avec le miroir qui étaient là depuis hier ne sont pas très rondes <eos>,14,rondes,ronds,12,M,S,rondes,-10.274121,ronds,-12.163418,1
2421,P_NOUN_9_ADJ_b,F,P,les bouteilles avec le miroir qui étaient là depuis hier ne sont pas très froides <eos>,14,froides,froids,12,M,S,froides,-5.3046803,froids,-11.256653,1
2422,P_NOUN_9_ADJ_b,F,P,les bouteilles avec le miroir qui étaient là depuis hier ne sont pas très chaudes <eos>,14,chaudes,chauds,12,M,S,chaudes,-6.4249973,chauds,-9.14301,1
2423,P_NOUN_9_ADJ_b,F,P,les bouteilles avec le miroir qui étaient là depuis hier ne sont pas très importantes <eos>,14,importantes,importants,12,M,S,importantes,-5.463889,importants,-8.838682,1
2424,P_NOUN_9_ADJ_b,F,P,les bouteilles avec le miroir qui étaient là depuis hier ne sont pas très courtes <eos>,14,courtes,courts,12,M,S,courtes,-6.6771536,courts,-8.914768,1
2425,P_NOUN_9_ADJ_b,F,P,les bouteilles avec le miroir qui étaient là depuis hier ne sont pas très dures <eos>,14,dures,durs,12,M,S,dures,-6.0240006,durs,-7.734921,1
2426,P_NOUN_9_ADJ_b,F,P,les bouteilles avec le miroir qui étaient là depuis hier ne sont pas très claires <eos>,14,claires,clairs,12,M,S,claires,-4.464353,clairs,-8.326319,1
2427,P_NOUN_9_ADJ_b,F,P,les bouteilles avec le miroir qui étaient là depuis hier ne sont pas très intéressantes <eos>,14,intéressantes,intéressants,12,M,S,intéressantes,-6.231448,intéressants,-8.564161,1
2428,P_NOUN_9_ADJ_b,F,P,les bouteilles avec le miroir qui étaient là depuis hier ne sont pas très brillantes <eos>,14,brillantes,brillants,12,M,S,brillantes,-6.822115,brillants,-9.258779,1
2429,P_NOUN_9_ADJ_b,F,P,les bouteilles avec le miroir qui étaient là depuis hier ne sont pas très compliquées <eos>,14,compliquées,compliqués,12,M,S,compliquées,-6.598235,compliqués,-7.937834,1
2430,P_NOUN_9_ADJ_b,F,P,les bouteilles avec le crayon qui étaient là depuis hier ne sont pas très vertes <eos>,14,vertes,verts,12,M,S,vertes,-9.214875,verts,-10.711521,1
2431,P_NOUN_9_ADJ_b,F,P,les bouteilles avec le crayon qui étaient là depuis hier ne sont pas très bleues <eos>,14,bleues,bleus,12,M,S,bleues,-10.826384,bleus,-11.480057,1
2432,P_NOUN_9_ADJ_b,F,P,les bouteilles avec le crayon qui étaient là depuis hier ne sont pas très noires <eos>,14,noires,noirs,12,M,S,noires,-9.510065,noirs,-12.256872,1
2433,P_NOUN_9_ADJ_b,F,P,les bouteilles avec le crayon qui étaient là depuis hier ne sont pas très délicates <eos>,14,délicates,délicats,12,M,S,délicates,-7.596964,délicats,-8.6651325,1
2434,P_NOUN_9_ADJ_b,F,P,les bouteilles avec le crayon qui étaient là depuis hier ne sont pas très pointues <eos>,14,pointues,pointus,12,M,S,pointues,-9.346584,pointus,-11.627612,1
2435,P_NOUN_9_ADJ_b,F,P,les bouteilles avec le crayon qui étaient là depuis hier ne sont pas très rondes <eos>,14,rondes,ronds,12,M,S,rondes,-10.672484,ronds,-11.703611,1
2436,P_NOUN_9_ADJ_b,F,P,les bouteilles avec le crayon qui étaient là depuis hier ne sont pas très froides <eos>,14,froides,froids,12,M,S,froides,-5.62193,froids,-11.242765,1
2437,P_NOUN_9_ADJ_b,F,P,les bouteilles avec le crayon qui étaient là depuis hier ne sont pas très chaudes <eos>,14,chaudes,chauds,12,M,S,chaudes,-6.6895905,chauds,-9.157793,1
2438,P_NOUN_9_ADJ_b,F,P,les bouteilles avec le crayon qui étaient là depuis hier ne sont pas très importantes <eos>,14,importantes,importants,12,M,S,importantes,-5.5717735,importants,-8.769318,1
2439,P_NOUN_9_ADJ_b,F,P,les bouteilles avec le crayon qui étaient là depuis hier ne sont pas très courtes <eos>,14,courtes,courts,12,M,S,courtes,-7.07998,courts,-8.774045,1
2440,P_NOUN_9_ADJ_b,F,P,les bouteilles avec le crayon qui étaient là depuis hier ne sont pas très dures <eos>,14,dures,durs,12,M,S,dures,-5.7826095,durs,-7.2846484,1
2441,P_NOUN_9_ADJ_b,F,P,les bouteilles avec le crayon qui étaient là depuis hier ne sont pas très claires <eos>,14,claires,clairs,12,M,S,claires,-4.5417747,clairs,-7.882347,1
2442,P_NOUN_9_ADJ_b,F,P,les bouteilles avec le crayon qui étaient là depuis hier ne sont pas très intéressantes <eos>,14,intéressantes,intéressants,12,M,S,intéressantes,-6.1829176,intéressants,-8.526797,1
2443,P_NOUN_9_ADJ_b,F,P,les bouteilles avec le crayon qui étaient là depuis hier ne sont pas très brillantes <eos>,14,brillantes,brillants,12,M,S,brillantes,-7.062545,brillants,-8.992633,1
2444,P_NOUN_9_ADJ_b,F,P,les bouteilles avec le crayon qui étaient là depuis hier ne sont pas très compliquées <eos>,14,compliquées,compliqués,12,M,S,compliquées,-7.272541,compliqués,-7.907197,1
2445,P_NOUN_9_ADJ_b,F,P,les bouteilles avec le rideau qui étaient là depuis hier ne sont pas très vertes <eos>,14,vertes,verts,12,M,S,vertes,-9.819602,verts,-11.290453,1
2446,P_NOUN_9_ADJ_b,F,P,les bouteilles avec le rideau qui étaient là depuis hier ne sont pas très bleues <eos>,14,bleues,bleus,12,M,S,bleues,-10.5465975,bleus,-11.34526,1
2447,P_NOUN_9_ADJ_b,F,P,les bouteilles avec le rideau qui étaient là depuis hier ne sont pas très noires <eos>,14,noires,noirs,12,M,S,noires,-9.308538,noirs,-12.3911915,1
2448,P_NOUN_9_ADJ_b,F,P,les bouteilles avec le rideau qui étaient là depuis hier ne sont pas très délicates <eos>,14,délicates,délicats,12,M,S,délicates,-7.257852,délicats,-8.999668,1
2449,P_NOUN_9_ADJ_b,F,P,les bouteilles avec le rideau qui étaient là depuis hier ne sont pas très pointues <eos>,14,pointues,pointus,12,M,S,pointues,-8.784735,pointus,-11.8808365,1
2450,P_NOUN_9_ADJ_b,F,P,les bouteilles avec le rideau qui étaient là depuis hier ne sont pas très rondes <eos>,14,rondes,ronds,12,M,S,rondes,-10.20233,ronds,-12.022494,1
2451,P_NOUN_9_ADJ_b,F,P,les bouteilles avec le rideau qui étaient là depuis hier ne sont pas très froides <eos>,14,froides,froids,12,M,S,froides,-5.402959,froids,-11.215438,1
2452,P_NOUN_9_ADJ_b,F,P,les bouteilles avec le rideau qui étaient là depuis hier ne sont pas très chaudes <eos>,14,chaudes,chauds,12,M,S,chaudes,-6.7651134,chauds,-9.44548,1
2453,P_NOUN_9_ADJ_b,F,P,les bouteilles avec le rideau qui étaient là depuis hier ne sont pas très importantes <eos>,14,importantes,importants,12,M,S,importantes,-5.206124,importants,-8.772808,1
2454,P_NOUN_9_ADJ_b,F,P,les bouteilles avec le rideau qui étaient là depuis hier ne sont pas très courtes <eos>,14,courtes,courts,12,M,S,courtes,-6.843462,courts,-9.077656,1
2455,P_NOUN_9_ADJ_b,F,P,les bouteilles avec le rideau qui étaient là depuis hier ne sont pas très dures <eos>,14,dures,durs,12,M,S,dures,-5.4347806,durs,-7.667483,1
2456,P_NOUN_9_ADJ_b,F,P,les bouteilles avec le rideau qui étaient là depuis hier ne sont pas très claires <eos>,14,claires,clairs,12,M,S,claires,-4.4438314,clairs,-8.428069,1
2457,P_NOUN_9_ADJ_b,F,P,les bouteilles avec le rideau qui étaient là depuis hier ne sont pas très intéressantes <eos>,14,intéressantes,intéressants,12,M,S,intéressantes,-6.189769,intéressants,-8.760208,1
2458,P_NOUN_9_ADJ_b,F,P,les bouteilles avec le rideau qui étaient là depuis hier ne sont pas très brillantes <eos>,14,brillantes,brillants,12,M,S,brillantes,-6.967117,brillants,-9.514286,1
2459,P_NOUN_9_ADJ_b,F,P,les bouteilles avec le rideau qui étaient là depuis hier ne sont pas très compliquées <eos>,14,compliquées,compliqués,12,M,S,compliquées,-6.953356,compliqués,-8.524986,1
2460,P_NOUN_9_ADJ_b,F,P,les bouteilles avec le cahier qui étaient là depuis hier ne sont pas très vertes <eos>,14,vertes,verts,12,M,S,vertes,-9.883534,verts,-10.647331,1
2461,P_NOUN_9_ADJ_b,F,P,les bouteilles avec le cahier qui étaient là depuis hier ne sont pas très bleues <eos>,14,bleues,bleus,12,M,S,bleues,-11.178252,bleus,-11.44789,1
2462,P_NOUN_9_ADJ_b,F,P,les bouteilles avec le cahier qui étaient là depuis hier ne sont pas très noires <eos>,14,noires,noirs,12,M,S,noires,-9.877398,noirs,-12.153649,1
2463,P_NOUN_9_ADJ_b,F,P,les bouteilles avec le cahier qui étaient là depuis hier ne sont pas très délicates <eos>,14,délicates,délicats,12,M,S,délicates,-7.3765116,délicats,-8.592689,1
2464,P_NOUN_9_ADJ_b,F,P,les bouteilles avec le cahier qui étaient là depuis hier ne sont pas très pointues <eos>,14,pointues,pointus,12,M,S,pointues,-9.161009,pointus,-11.325814,1
2465,P_NOUN_9_ADJ_b,F,P,les bouteilles avec le cahier qui étaient là depuis hier ne sont pas très rondes <eos>,14,rondes,ronds,12,M,S,rondes,-10.505731,ronds,-11.815695,1
2466,P_NOUN_9_ADJ_b,F,P,les bouteilles avec le cahier qui étaient là depuis hier ne sont pas très froides <eos>,14,froides,froids,12,M,S,froides,-5.437772,froids,-10.734562,1
2467,P_NOUN_9_ADJ_b,F,P,les bouteilles avec le cahier qui étaient là depuis hier ne sont pas très chaudes <eos>,14,chaudes,chauds,12,M,S,chaudes,-6.593324,chauds,-8.665401,1
2468,P_NOUN_9_ADJ_b,F,P,les bouteilles avec le cahier qui étaient là depuis hier ne sont pas très importantes <eos>,14,importantes,importants,12,M,S,importantes,-5.509738,importants,-7.815997,1
2469,P_NOUN_9_ADJ_b,F,P,les bouteilles avec le cahier qui étaient là depuis hier ne sont pas très courtes <eos>,14,courtes,courts,12,M,S,courtes,-6.922395,courts,-8.346148,1
2470,P_NOUN_9_ADJ_b,F,P,les bouteilles avec le cahier qui étaient là depuis hier ne sont pas très dures <eos>,14,dures,durs,12,M,S,dures,-5.7667837,durs,-7.3476763,1
2471,P_NOUN_9_ADJ_b,F,P,les bouteilles avec le cahier qui étaient là depuis hier ne sont pas très claires <eos>,14,claires,clairs,12,M,S,claires,-4.456303,clairs,-7.704103,1
2472,P_NOUN_9_ADJ_b,F,P,les bouteilles avec le cahier qui étaient là depuis hier ne sont pas très intéressantes <eos>,14,intéressantes,intéressants,12,M,S,intéressantes,-6.1910973,intéressants,-7.696783,1
2473,P_NOUN_9_ADJ_b,F,P,les bouteilles avec le cahier qui étaient là depuis hier ne sont pas très brillantes <eos>,14,brillantes,brillants,12,M,S,brillantes,-7.59013,brillants,-9.061881,1
2474,P_NOUN_9_ADJ_b,F,P,les bouteilles avec le cahier qui étaient là depuis hier ne sont pas très compliquées <eos>,14,compliquées,compliqués,12,M,S,compliquées,-7.189143,compliqués,-7.8898306,1
2475,P_NOUN_9_ADJ_b,F,P,les bouteilles avec le micro qui étaient là depuis hier ne sont pas très vertes <eos>,14,vertes,verts,12,M,S,vertes,-9.803158,verts,-11.187757,1
2476,P_NOUN_9_ADJ_b,F,P,les bouteilles avec le micro qui étaient là depuis hier ne sont pas très bleues <eos>,14,bleues,bleus,12,M,S,bleues,-10.765666,bleus,-11.496579,1
2477,P_NOUN_9_ADJ_b,F,P,les bouteilles avec le micro qui étaient là depuis hier ne sont pas très noires <eos>,14,noires,noirs,12,M,S,noires,-9.473537,noirs,-12.551983,1
2478,P_NOUN_9_ADJ_b,F,P,les bouteilles avec le micro qui étaient là depuis hier ne sont pas très délicates <eos>,14,délicates,délicats,12,M,S,délicates,-7.4836044,délicats,-9.076459,1
2479,P_NOUN_9_ADJ_b,F,P,les bouteilles avec le micro qui étaient là depuis hier ne sont pas très pointues <eos>,14,pointues,pointus,12,M,S,pointues,-8.939119,pointus,-12.043274,1
2480,P_NOUN_9_ADJ_b,F,P,les bouteilles avec le micro qui étaient là depuis hier ne sont pas très rondes <eos>,14,rondes,ronds,12,M,S,rondes,-10.3823395,ronds,-12.236252,1
2481,P_NOUN_9_ADJ_b,F,P,les bouteilles avec le micro qui étaient là depuis hier ne sont pas très froides <eos>,14,froides,froids,12,M,S,froides,-5.264389,froids,-11.218576,1
2482,P_NOUN_9_ADJ_b,F,P,les bouteilles avec le micro qui étaient là depuis hier ne sont pas très chaudes <eos>,14,chaudes,chauds,12,M,S,chaudes,-6.3754764,chauds,-9.3129425,1
2483,P_NOUN_9_ADJ_b,F,P,les bouteilles avec le micro qui étaient là depuis hier ne sont pas très importantes <eos>,14,importantes,importants,12,M,S,importantes,-5.2151775,importants,-8.692015,1
2484,P_NOUN_9_ADJ_b,F,P,les bouteilles avec le micro qui étaient là depuis hier ne sont pas très courtes <eos>,14,courtes,courts,12,M,S,courtes,-6.722369,courts,-8.975217,1
2485,P_NOUN_9_ADJ_b,F,P,les bouteilles avec le micro qui étaient là depuis hier ne sont pas très dures <eos>,14,dures,durs,12,M,S,dures,-5.9127483,durs,-7.862048,1
2486,P_NOUN_9_ADJ_b,F,P,les bouteilles avec le micro qui étaient là depuis hier ne sont pas très claires <eos>,14,claires,clairs,12,M,S,claires,-4.28714,clairs,-8.71911,1
2487,P_NOUN_9_ADJ_b,F,P,les bouteilles avec le micro qui étaient là depuis hier ne sont pas très intéressantes <eos>,14,intéressantes,intéressants,12,M,S,intéressantes,-6.0879135,intéressants,-8.521464,1
2488,P_NOUN_9_ADJ_b,F,P,les bouteilles avec le micro qui étaient là depuis hier ne sont pas très brillantes <eos>,14,brillantes,brillants,12,M,S,brillantes,-7.4196663,brillants,-9.807931,1
2489,P_NOUN_9_ADJ_b,F,P,les bouteilles avec le micro qui étaient là depuis hier ne sont pas très compliquées <eos>,14,compliquées,compliqués,12,M,S,compliquées,-7.0714054,compliqués,-8.467907,1
2490,P_NOUN_9_ADJ_b,F,P,les bouteilles avec le sac qui étaient là depuis hier ne sont pas très vertes <eos>,14,vertes,verts,12,M,S,vertes,-9.802967,verts,-10.713331,1
2491,P_NOUN_9_ADJ_b,F,P,les bouteilles avec le sac qui étaient là depuis hier ne sont pas très bleues <eos>,14,bleues,bleus,12,M,S,bleues,-10.859434,bleus,-11.220348,1
2492,P_NOUN_9_ADJ_b,F,P,les bouteilles avec le sac qui étaient là depuis hier ne sont pas très noires <eos>,14,noires,noirs,12,M,S,noires,-9.499586,noirs,-12.042079,1
2493,P_NOUN_9_ADJ_b,F,P,les bouteilles avec le sac qui étaient là depuis hier ne sont pas très délicates <eos>,14,délicates,délicats,12,M,S,délicates,-7.722076,délicats,-8.755709,1
2494,P_NOUN_9_ADJ_b,F,P,les bouteilles avec le sac qui étaient là depuis hier ne sont pas très pointues <eos>,14,pointues,pointus,12,M,S,pointues,-8.849821,pointus,-11.485647,1
2495,P_NOUN_9_ADJ_b,F,P,les bouteilles avec le sac qui étaient là depuis hier ne sont pas très rondes <eos>,14,rondes,ronds,12,M,S,rondes,-10.319143,ronds,-12.008696,1
2496,P_NOUN_9_ADJ_b,F,P,les bouteilles avec le sac qui étaient là depuis hier ne sont pas très froides <eos>,14,froides,froids,12,M,S,froides,-5.2612753,froids,-10.902821,1
2497,P_NOUN_9_ADJ_b,F,P,les bouteilles avec le sac qui étaient là depuis hier ne sont pas très chaudes <eos>,14,chaudes,chauds,12,M,S,chaudes,-6.6975484,chauds,-8.761141,1
2498,P_NOUN_9_ADJ_b,F,P,les bouteilles avec le sac qui étaient là depuis hier ne sont pas très importantes <eos>,14,importantes,importants,12,M,S,importantes,-5.4528074,importants,-8.442622,1
2499,P_NOUN_9_ADJ_b,F,P,les bouteilles avec le sac qui étaient là depuis hier ne sont pas très courtes <eos>,14,courtes,courts,12,M,S,courtes,-6.909697,courts,-8.623686,1
2500,P_NOUN_9_ADJ_b,F,P,les bouteilles avec le sac qui étaient là depuis hier ne sont pas très dures <eos>,14,dures,durs,12,M,S,dures,-5.470425,durs,-7.1236176,1
2501,P_NOUN_9_ADJ_b,F,P,les bouteilles avec le sac qui étaient là depuis hier ne sont pas très claires <eos>,14,claires,clairs,12,M,S,claires,-4.6188717,clairs,-8.197665,1
2502,P_NOUN_9_ADJ_b,F,P,les bouteilles avec le sac qui étaient là depuis hier ne sont pas très intéressantes <eos>,14,intéressantes,intéressants,12,M,S,intéressantes,-6.284301,intéressants,-8.389205,1
2503,P_NOUN_9_ADJ_b,F,P,les bouteilles avec le sac qui étaient là depuis hier ne sont pas très brillantes <eos>,14,brillantes,brillants,12,M,S,brillantes,-7.309169,brillants,-9.171975,1
2504,P_NOUN_9_ADJ_b,F,P,les bouteilles avec le sac qui étaient là depuis hier ne sont pas très compliquées <eos>,14,compliquées,compliqués,12,M,S,compliquées,-6.999462,compliqués,-8.293085,1
2505,P_NOUN_9_ADJ_b,F,P,les bouteilles avec le clavier qui étaient là depuis hier ne sont pas très vertes <eos>,14,vertes,verts,12,M,S,vertes,-10.30407,verts,-11.738339,1
2506,P_NOUN_9_ADJ_b,F,P,les bouteilles avec le clavier qui étaient là depuis hier ne sont pas très bleues <eos>,14,bleues,bleus,12,M,S,bleues,-11.345191,bleus,-12.314091,1
2507,P_NOUN_9_ADJ_b,F,P,les bouteilles avec le clavier qui étaient là depuis hier ne sont pas très noires <eos>,14,noires,noirs,12,M,S,noires,-10.038231,noirs,-12.849672,1
2508,P_NOUN_9_ADJ_b,F,P,les bouteilles avec le clavier qui étaient là depuis hier ne sont pas très délicates <eos>,14,délicates,délicats,12,M,S,délicates,-7.8625693,délicats,-9.32354,1
2509,P_NOUN_9_ADJ_b,F,P,les bouteilles avec le clavier qui étaient là depuis hier ne sont pas très pointues <eos>,14,pointues,pointus,12,M,S,pointues,-8.898024,pointus,-12.5425,1
2510,P_NOUN_9_ADJ_b,F,P,les bouteilles avec le clavier qui étaient là depuis hier ne sont pas très rondes <eos>,14,rondes,ronds,12,M,S,rondes,-10.349874,ronds,-12.428438,1
2511,P_NOUN_9_ADJ_b,F,P,les bouteilles avec le clavier qui étaient là depuis hier ne sont pas très froides <eos>,14,froides,froids,12,M,S,froides,-6.018395,froids,-11.785898,1
2512,P_NOUN_9_ADJ_b,F,P,les bouteilles avec le clavier qui étaient là depuis hier ne sont pas très chaudes <eos>,14,chaudes,chauds,12,M,S,chaudes,-7.317397,chauds,-10.103777,1
2513,P_NOUN_9_ADJ_b,F,P,les bouteilles avec le clavier qui étaient là depuis hier ne sont pas très importantes <eos>,14,importantes,importants,12,M,S,importantes,-5.535669,importants,-8.84889,1
2514,P_NOUN_9_ADJ_b,F,P,les bouteilles avec le clavier qui étaient là depuis hier ne sont pas très courtes <eos>,14,courtes,courts,12,M,S,courtes,-6.5667653,courts,-9.068068,1
2515,P_NOUN_9_ADJ_b,F,P,les bouteilles avec le clavier qui étaient là depuis hier ne sont pas très dures <eos>,14,dures,durs,12,M,S,dures,-5.684782,durs,-6.8833246,1
2516,P_NOUN_9_ADJ_b,F,P,les bouteilles avec le clavier qui étaient là depuis hier ne sont pas très claires <eos>,14,claires,clairs,12,M,S,claires,-4.3476486,clairs,-8.189029,1
2517,P_NOUN_9_ADJ_b,F,P,les bouteilles avec le clavier qui étaient là depuis hier ne sont pas très intéressantes <eos>,14,intéressantes,intéressants,12,M,S,intéressantes,-6.042164,intéressants,-8.267508,1
2518,P_NOUN_9_ADJ_b,F,P,les bouteilles avec le clavier qui étaient là depuis hier ne sont pas très brillantes <eos>,14,brillantes,brillants,12,M,S,brillantes,-6.9377317,brillants,-9.846538,1
2519,P_NOUN_9_ADJ_b,F,P,les bouteilles avec le clavier qui étaient là depuis hier ne sont pas très compliquées <eos>,14,compliquées,compliqués,12,M,S,compliquées,-6.203236,compliqués,-7.843407,1
2520,P_NOUN_9_ADJ_b,F,P,les bouteilles avec le raisin qui étaient là depuis hier ne sont pas très vertes <eos>,14,vertes,verts,12,M,S,vertes,-9.599243,verts,-11.633579,1
2521,P_NOUN_9_ADJ_b,F,P,les bouteilles avec le raisin qui étaient là depuis hier ne sont pas très bleues <eos>,14,bleues,bleus,12,M,S,bleues,-11.36297,bleus,-12.092487,1
2522,P_NOUN_9_ADJ_b,F,P,les bouteilles avec le raisin qui étaient là depuis hier ne sont pas très noires <eos>,14,noires,noirs,12,M,S,noires,-9.477098,noirs,-13.017584,1
2523,P_NOUN_9_ADJ_b,F,P,les bouteilles avec le raisin qui étaient là depuis hier ne sont pas très délicates <eos>,14,délicates,délicats,12,M,S,délicates,-7.7832747,délicats,-8.567794,1
2524,P_NOUN_9_ADJ_b,F,P,les bouteilles avec le raisin qui étaient là depuis hier ne sont pas très pointues <eos>,14,pointues,pointus,12,M,S,pointues,-9.247733,pointus,-12.587511,1
2525,P_NOUN_9_ADJ_b,F,P,les bouteilles avec le raisin qui étaient là depuis hier ne sont pas très rondes <eos>,14,rondes,ronds,12,M,S,rondes,-10.620457,ronds,-12.655966,1
2526,P_NOUN_9_ADJ_b,F,P,les bouteilles avec le raisin qui étaient là depuis hier ne sont pas très froides <eos>,14,froides,froids,12,M,S,froides,-5.563674,froids,-10.798683,1
2527,P_NOUN_9_ADJ_b,F,P,les bouteilles avec le raisin qui étaient là depuis hier ne sont pas très chaudes <eos>,14,chaudes,chauds,12,M,S,chaudes,-5.992445,chauds,-9.1995325,1
2528,P_NOUN_9_ADJ_b,F,P,les bouteilles avec le raisin qui étaient là depuis hier ne sont pas très importantes <eos>,14,importantes,importants,12,M,S,importantes,-4.843437,importants,-8.75121,1
2529,P_NOUN_9_ADJ_b,F,P,les bouteilles avec le raisin qui étaient là depuis hier ne sont pas très courtes <eos>,14,courtes,courts,12,M,S,courtes,-7.2548165,courts,-9.291367,1
2530,P_NOUN_9_ADJ_b,F,P,les bouteilles avec le raisin qui étaient là depuis hier ne sont pas très dures <eos>,14,dures,durs,12,M,S,dures,-5.302022,durs,-7.6996555,1
2531,P_NOUN_9_ADJ_b,F,P,les bouteilles avec le raisin qui étaient là depuis hier ne sont pas très claires <eos>,14,claires,clairs,12,M,S,claires,-4.4313784,clairs,-8.958297,1
2532,P_NOUN_9_ADJ_b,F,P,les bouteilles avec le raisin qui étaient là depuis hier ne sont pas très intéressantes <eos>,14,intéressantes,intéressants,12,M,S,intéressantes,-6.0934224,intéressants,-9.366661,1
2533,P_NOUN_9_ADJ_b,F,P,les bouteilles avec le raisin qui étaient là depuis hier ne sont pas très brillantes <eos>,14,brillantes,brillants,12,M,S,brillantes,-7.4163103,brillants,-9.59313,1
2534,P_NOUN_9_ADJ_b,F,P,les bouteilles avec le raisin qui étaient là depuis hier ne sont pas très compliquées <eos>,14,compliquées,compliqués,12,M,S,compliquées,-8.251763,compliqués,-9.247111,1
2535,P_NOUN_9_ADJ_b,F,P,les bouteilles avec le chargeur qui étaient là depuis hier ne sont pas très vertes <eos>,14,vertes,verts,12,M,S,vertes,-10.325114,verts,-12.064308,1
2536,P_NOUN_9_ADJ_b,F,P,les bouteilles avec le chargeur qui étaient là depuis hier ne sont pas très bleues <eos>,14,bleues,bleus,12,M,S,bleues,-11.37022,bleus,-12.102297,1
2537,P_NOUN_9_ADJ_b,F,P,les bouteilles avec le chargeur qui étaient là depuis hier ne sont pas très noires <eos>,14,noires,noirs,12,M,S,noires,-9.493941,noirs,-12.343878,1
2538,P_NOUN_9_ADJ_b,F,P,les bouteilles avec le chargeur qui étaient là depuis hier ne sont pas très délicates <eos>,14,délicates,délicats,12,M,S,délicates,-8.450401,délicats,-9.891874,1
2539,P_NOUN_9_ADJ_b,F,P,les bouteilles avec le chargeur qui étaient là depuis hier ne sont pas très pointues <eos>,14,pointues,pointus,12,M,S,pointues,-8.831411,pointus,-12.018547,1
2540,P_NOUN_9_ADJ_b,F,P,les bouteilles avec le chargeur qui étaient là depuis hier ne sont pas très rondes <eos>,14,rondes,ronds,12,M,S,rondes,-10.745805,ronds,-12.576675,1
2541,P_NOUN_9_ADJ_b,F,P,les bouteilles avec le chargeur qui étaient là depuis hier ne sont pas très froides <eos>,14,froides,froids,12,M,S,froides,-5.5323505,froids,-11.887584,1
2542,P_NOUN_9_ADJ_b,F,P,les bouteilles avec le chargeur qui étaient là depuis hier ne sont pas très chaudes <eos>,14,chaudes,chauds,12,M,S,chaudes,-7.3535094,chauds,-9.204237,1
2543,P_NOUN_9_ADJ_b,F,P,les bouteilles avec le chargeur qui étaient là depuis hier ne sont pas très importantes <eos>,14,importantes,importants,12,M,S,importantes,-5.4447703,importants,-8.968531,1
2544,P_NOUN_9_ADJ_b,F,P,les bouteilles avec le chargeur qui étaient là depuis hier ne sont pas très courtes <eos>,14,courtes,courts,12,M,S,courtes,-6.3914347,courts,-9.195101,1
2545,P_NOUN_9_ADJ_b,F,P,les bouteilles avec le chargeur qui étaient là depuis hier ne sont pas très dures <eos>,14,dures,durs,12,M,S,dures,-5.8283544,durs,-7.6121364,1
2546,P_NOUN_9_ADJ_b,F,P,les bouteilles avec le chargeur qui étaient là depuis hier ne sont pas très claires <eos>,14,claires,clairs,12,M,S,claires,-5.188212,clairs,-8.821293,1
2547,P_NOUN_9_ADJ_b,F,P,les bouteilles avec le chargeur qui étaient là depuis hier ne sont pas très intéressantes <eos>,14,intéressantes,intéressants,12,M,S,intéressantes,-6.496683,intéressants,-8.892076,1
2548,P_NOUN_9_ADJ_b,F,P,les bouteilles avec le chargeur qui étaient là depuis hier ne sont pas très brillantes <eos>,14,brillantes,brillants,12,M,S,brillantes,-7.6562953,brillants,-9.770977,1
2549,P_NOUN_9_ADJ_b,F,P,les bouteilles avec le chargeur qui étaient là depuis hier ne sont pas très compliquées <eos>,14,compliquées,compliqués,12,M,S,compliquées,-6.783271,compliqués,-8.168846,1
2550,P_NOUN_9_ADJ_b,F,P,les bouteilles avec le vase qui étaient là depuis hier ne sont pas très vertes <eos>,14,vertes,verts,12,M,S,vertes,-9.823761,verts,-11.152535,1
2551,P_NOUN_9_ADJ_b,F,P,les bouteilles avec le vase qui étaient là depuis hier ne sont pas très bleues <eos>,14,bleues,bleus,12,M,S,bleues,-11.30221,bleus,-11.856018,1
2552,P_NOUN_9_ADJ_b,F,P,les bouteilles avec le vase qui étaient là depuis hier ne sont pas très noires <eos>,14,noires,noirs,12,M,S,noires,-9.738487,noirs,-12.8176155,1
2553,P_NOUN_9_ADJ_b,F,P,les bouteilles avec le vase qui étaient là depuis hier ne sont pas très délicates <eos>,14,délicates,délicats,12,M,S,délicates,-7.315531,délicats,-8.650197,1
2554,P_NOUN_9_ADJ_b,F,P,les bouteilles avec le vase qui étaient là depuis hier ne sont pas très pointues <eos>,14,pointues,pointus,12,M,S,pointues,-8.951786,pointus,-11.639314,1
2555,P_NOUN_9_ADJ_b,F,P,les bouteilles avec le vase qui étaient là depuis hier ne sont pas très rondes <eos>,14,rondes,ronds,12,M,S,rondes,-10.82969,ronds,-12.379492,1
2556,P_NOUN_9_ADJ_b,F,P,les bouteilles avec le vase qui étaient là depuis hier ne sont pas très froides <eos>,14,froides,froids,12,M,S,froides,-5.350992,froids,-11.046089,1
2557,P_NOUN_9_ADJ_b,F,P,les bouteilles avec le vase qui étaient là depuis hier ne sont pas très chaudes <eos>,14,chaudes,chauds,12,M,S,chaudes,-6.2744226,chauds,-9.008427,1
2558,P_NOUN_9_ADJ_b,F,P,les bouteilles avec le vase qui étaient là depuis hier ne sont pas très importantes <eos>,14,importantes,importants,12,M,S,importantes,-4.8623943,importants,-8.185774,1
2559,P_NOUN_9_ADJ_b,F,P,les bouteilles avec le vase qui étaient là depuis hier ne sont pas très courtes <eos>,14,courtes,courts,12,M,S,courtes,-7.448358,courts,-9.293934,1
2560,P_NOUN_9_ADJ_b,F,P,les bouteilles avec le vase qui étaient là depuis hier ne sont pas très dures <eos>,14,dures,durs,12,M,S,dures,-5.5453577,durs,-7.513856,1
2561,P_NOUN_9_ADJ_b,F,P,les bouteilles avec le vase qui étaient là depuis hier ne sont pas très claires <eos>,14,claires,clairs,12,M,S,claires,-4.5782356,clairs,-8.308622,1
2562,P_NOUN_9_ADJ_b,F,P,les bouteilles avec le vase qui étaient là depuis hier ne sont pas très intéressantes <eos>,14,intéressantes,intéressants,12,M,S,intéressantes,-5.885333,intéressants,-8.42683,1
2563,P_NOUN_9_ADJ_b,F,P,les bouteilles avec le vase qui étaient là depuis hier ne sont pas très brillantes <eos>,14,brillantes,brillants,12,M,S,brillantes,-7.125,brillants,-9.272349,1
2564,P_NOUN_9_ADJ_b,F,P,les bouteilles avec le vase qui étaient là depuis hier ne sont pas très compliquées <eos>,14,compliquées,compliqués,12,M,S,compliquées,-7.173893,compliqués,-8.205961,1
2565,P_NOUN_9_ADJ_b,F,P,les bouteilles avec le panier qui étaient là depuis hier ne sont pas très vertes <eos>,14,vertes,verts,12,M,S,vertes,-10.007894,verts,-11.151233,1
2566,P_NOUN_9_ADJ_b,F,P,les bouteilles avec le panier qui étaient là depuis hier ne sont pas très bleues <eos>,14,bleues,bleus,12,M,S,bleues,-11.263773,bleus,-11.64434,1
2567,P_NOUN_9_ADJ_b,F,P,les bouteilles avec le panier qui étaient là depuis hier ne sont pas très noires <eos>,14,noires,noirs,12,M,S,noires,-9.684587,noirs,-12.45677,1
2568,P_NOUN_9_ADJ_b,F,P,les bouteilles avec le panier qui étaient là depuis hier ne sont pas très délicates <eos>,14,délicates,délicats,12,M,S,délicates,-7.580417,délicats,-8.978609,1
2569,P_NOUN_9_ADJ_b,F,P,les bouteilles avec le panier qui étaient là depuis hier ne sont pas très pointues <eos>,14,pointues,pointus,12,M,S,pointues,-8.963997,pointus,-11.639601,1
2570,P_NOUN_9_ADJ_b,F,P,les bouteilles avec le panier qui étaient là depuis hier ne sont pas très rondes <eos>,14,rondes,ronds,12,M,S,rondes,-10.614795,ronds,-11.97808,1
2571,P_NOUN_9_ADJ_b,F,P,les bouteilles avec le panier qui étaient là depuis hier ne sont pas très froides <eos>,14,froides,froids,12,M,S,froides,-5.2668447,froids,-11.346724,1
2572,P_NOUN_9_ADJ_b,F,P,les bouteilles avec le panier qui étaient là depuis hier ne sont pas très chaudes <eos>,14,chaudes,chauds,12,M,S,chaudes,-6.689265,chauds,-8.9917145,1
2573,P_NOUN_9_ADJ_b,F,P,les bouteilles avec le panier qui étaient là depuis hier ne sont pas très importantes <eos>,14,importantes,importants,12,M,S,importantes,-5.217464,importants,-8.227583,1
2574,P_NOUN_9_ADJ_b,F,P,les bouteilles avec le panier qui étaient là depuis hier ne sont pas très courtes <eos>,14,courtes,courts,12,M,S,courtes,-7.0660763,courts,-8.720774,1
2575,P_NOUN_9_ADJ_b,F,P,les bouteilles avec le panier qui étaient là depuis hier ne sont pas très dures <eos>,14,dures,durs,12,M,S,dures,-5.672033,durs,-7.462271,1
2576,P_NOUN_9_ADJ_b,F,P,les bouteilles avec le panier qui étaient là depuis hier ne sont pas très claires <eos>,14,claires,clairs,12,M,S,claires,-4.6469145,clairs,-8.3665495,1
2577,P_NOUN_9_ADJ_b,F,P,les bouteilles avec le panier qui étaient là depuis hier ne sont pas très intéressantes <eos>,14,intéressantes,intéressants,12,M,S,intéressantes,-6.176401,intéressants,-8.41208,1
2578,P_NOUN_9_ADJ_b,F,P,les bouteilles avec le panier qui étaient là depuis hier ne sont pas très brillantes <eos>,14,brillantes,brillants,12,M,S,brillantes,-7.6706944,brillants,-9.190221,1
2579,P_NOUN_9_ADJ_b,F,P,les bouteilles avec le panier qui étaient là depuis hier ne sont pas très compliquées <eos>,14,compliquées,compliqués,12,M,S,compliquées,-7.344514,compliqués,-8.139771,1
2580,P_NOUN_9_ADJ_b,F,P,les bouteilles avec le collier qui étaient là depuis hier ne sont pas très vertes <eos>,14,vertes,verts,12,M,S,vertes,-9.904106,verts,-10.21171,1
2581,P_NOUN_9_ADJ_b,F,P,les bouteilles avec le collier qui étaient là depuis hier ne sont pas très bleues <eos>,14,bleues,bleus,12,M,S,bleues,-10.740135,bleus,-11.017614,1
2582,P_NOUN_9_ADJ_b,F,P,les bouteilles avec le collier qui étaient là depuis hier ne sont pas très noires <eos>,14,noires,noirs,12,M,S,noires,-9.574991,noirs,-11.652136,1
2583,P_NOUN_9_ADJ_b,F,P,les bouteilles avec le collier qui étaient là depuis hier ne sont pas très délicates <eos>,14,délicates,délicats,12,M,S,délicates,-7.5160093,délicats,-8.909414,1
2584,P_NOUN_9_ADJ_b,F,P,les bouteilles avec le collier qui étaient là depuis hier ne sont pas très pointues <eos>,14,pointues,pointus,12,M,S,pointues,-8.729155,pointus,-11.214727,1
2585,P_NOUN_9_ADJ_b,F,P,les bouteilles avec le collier qui étaient là depuis hier ne sont pas très rondes <eos>,14,rondes,ronds,12,M,S,rondes,-10.449604,ronds,-11.841132,1
2586,P_NOUN_9_ADJ_b,F,P,les bouteilles avec le collier qui étaient là depuis hier ne sont pas très froides <eos>,14,froides,froids,12,M,S,froides,-5.2816706,froids,-11.191663,1
2587,P_NOUN_9_ADJ_b,F,P,les bouteilles avec le collier qui étaient là depuis hier ne sont pas très chaudes <eos>,14,chaudes,chauds,12,M,S,chaudes,-6.9627247,chauds,-8.822789,1
2588,P_NOUN_9_ADJ_b,F,P,les bouteilles avec le collier qui étaient là depuis hier ne sont pas très importantes <eos>,14,importantes,importants,12,M,S,importantes,-5.504973,importants,-8.002882,1
2589,P_NOUN_9_ADJ_b,F,P,les bouteilles avec le collier qui étaient là depuis hier ne sont pas très courtes <eos>,14,courtes,courts,12,M,S,courtes,-7.40771,courts,-8.605745,1
2590,P_NOUN_9_ADJ_b,F,P,les bouteilles avec le collier qui étaient là depuis hier ne sont pas très dures <eos>,14,dures,durs,12,M,S,dures,-5.554365,durs,-7.155755,1
2591,P_NOUN_9_ADJ_b,F,P,les bouteilles avec le collier qui étaient là depuis hier ne sont pas très claires <eos>,14,claires,clairs,12,M,S,claires,-4.552063,clairs,-7.601163,1
2592,P_NOUN_9_ADJ_b,F,P,les bouteilles avec le collier qui étaient là depuis hier ne sont pas très intéressantes <eos>,14,intéressantes,intéressants,12,M,S,intéressantes,-6.1399155,intéressants,-7.8105993,1
2593,P_NOUN_9_ADJ_b,F,P,les bouteilles avec le collier qui étaient là depuis hier ne sont pas très brillantes <eos>,14,brillantes,brillants,12,M,S,brillantes,-6.9659767,brillants,-8.440345,1
2594,P_NOUN_9_ADJ_b,F,P,les bouteilles avec le collier qui étaient là depuis hier ne sont pas très compliquées <eos>,14,compliquées,compliqués,12,M,S,compliquées,-6.8815637,compliqués,-7.889199,1
2595,P_NOUN_9_ADJ_b,F,P,les bouteilles avec le chapeau qui étaient là depuis hier ne sont pas très vertes <eos>,14,vertes,verts,12,M,S,vertes,-9.587833,verts,-11.200642,1
2596,P_NOUN_9_ADJ_b,F,P,les bouteilles avec le chapeau qui étaient là depuis hier ne sont pas très bleues <eos>,14,bleues,bleus,12,M,S,bleues,-10.31453,bleus,-11.238302,1
2597,P_NOUN_9_ADJ_b,F,P,les bouteilles avec le chapeau qui étaient là depuis hier ne sont pas très noires <eos>,14,noires,noirs,12,M,S,noires,-9.0284605,noirs,-12.074227,1
2598,P_NOUN_9_ADJ_b,F,P,les bouteilles avec le chapeau qui étaient là depuis hier ne sont pas très délicates <eos>,14,délicates,délicats,12,M,S,délicates,-7.3802705,délicats,-9.199068,1
2599,P_NOUN_9_ADJ_b,F,P,les bouteilles avec le chapeau qui étaient là depuis hier ne sont pas très pointues <eos>,14,pointues,pointus,12,M,S,pointues,-8.545852,pointus,-11.724307,1
2600,P_NOUN_9_ADJ_b,F,P,les bouteilles avec le chapeau qui étaient là depuis hier ne sont pas très rondes <eos>,14,rondes,ronds,12,M,S,rondes,-10.245041,ronds,-11.950799,1
2601,P_NOUN_9_ADJ_b,F,P,les bouteilles avec le chapeau qui étaient là depuis hier ne sont pas très froides <eos>,14,froides,froids,12,M,S,froides,-5.3134956,froids,-11.617816,1
2602,P_NOUN_9_ADJ_b,F,P,les bouteilles avec le chapeau qui étaient là depuis hier ne sont pas très chaudes <eos>,14,chaudes,chauds,12,M,S,chaudes,-6.706145,chauds,-9.372986,1
2603,P_NOUN_9_ADJ_b,F,P,les bouteilles avec le chapeau qui étaient là depuis hier ne sont pas très importantes <eos>,14,importantes,importants,12,M,S,importantes,-5.4345875,importants,-9.022167,1
2604,P_NOUN_9_ADJ_b,F,P,les bouteilles avec le chapeau qui étaient là depuis hier ne sont pas très courtes <eos>,14,courtes,courts,12,M,S,courtes,-6.8230014,courts,-9.183758,1
2605,P_NOUN_9_ADJ_b,F,P,les bouteilles avec le chapeau qui étaient là depuis hier ne sont pas très dures <eos>,14,dures,durs,12,M,S,dures,-5.59233,durs,-7.7992945,1
2606,P_NOUN_9_ADJ_b,F,P,les bouteilles avec le chapeau qui étaient là depuis hier ne sont pas très claires <eos>,14,claires,clairs,12,M,S,claires,-4.2390213,clairs,-8.272853,1
2607,P_NOUN_9_ADJ_b,F,P,les bouteilles avec le chapeau qui étaient là depuis hier ne sont pas très intéressantes <eos>,14,intéressantes,intéressants,12,M,S,intéressantes,-6.180886,intéressants,-8.870134,1
2608,P_NOUN_9_ADJ_b,F,P,les bouteilles avec le chapeau qui étaient là depuis hier ne sont pas très brillantes <eos>,14,brillantes,brillants,12,M,S,brillantes,-6.9460325,brillants,-9.325703,1
2609,P_NOUN_9_ADJ_b,F,P,les bouteilles avec le chapeau qui étaient là depuis hier ne sont pas très compliquées <eos>,14,compliquées,compliqués,12,M,S,compliquées,-7.151158,compliqués,-8.707911,1
2610,P_NOUN_9_ADJ_b,F,P,les bouteilles avec le pot qui étaient là depuis hier ne sont pas très vertes <eos>,14,vertes,verts,12,M,S,vertes,-9.609969,verts,-10.832903,1
2611,P_NOUN_9_ADJ_b,F,P,les bouteilles avec le pot qui étaient là depuis hier ne sont pas très bleues <eos>,14,bleues,bleus,12,M,S,bleues,-10.929674,bleus,-11.347029,1
2612,P_NOUN_9_ADJ_b,F,P,les bouteilles avec le pot qui étaient là depuis hier ne sont pas très noires <eos>,14,noires,noirs,12,M,S,noires,-9.535357,noirs,-12.356922,1
2613,P_NOUN_9_ADJ_b,F,P,les bouteilles avec le pot qui étaient là depuis hier ne sont pas très délicates <eos>,14,délicates,délicats,12,M,S,délicates,-7.37022,délicats,-8.756058,1
2614,P_NOUN_9_ADJ_b,F,P,les bouteilles avec le pot qui étaient là depuis hier ne sont pas très pointues <eos>,14,pointues,pointus,12,M,S,pointues,-9.172588,pointus,-11.847813,1
2615,P_NOUN_9_ADJ_b,F,P,les bouteilles avec le pot qui étaient là depuis hier ne sont pas très rondes <eos>,14,rondes,ronds,12,M,S,rondes,-10.740108,ronds,-12.21251,1
2616,P_NOUN_9_ADJ_b,F,P,les bouteilles avec le pot qui étaient là depuis hier ne sont pas très froides <eos>,14,froides,froids,12,M,S,froides,-5.1211076,froids,-10.77721,1
2617,P_NOUN_9_ADJ_b,F,P,les bouteilles avec le pot qui étaient là depuis hier ne sont pas très chaudes <eos>,14,chaudes,chauds,12,M,S,chaudes,-6.127314,chauds,-8.807344,1
2618,P_NOUN_9_ADJ_b,F,P,les bouteilles avec le pot qui étaient là depuis hier ne sont pas très importantes <eos>,14,importantes,importants,12,M,S,importantes,-4.978325,importants,-8.340013,1
2619,P_NOUN_9_ADJ_b,F,P,les bouteilles avec le pot qui étaient là depuis hier ne sont pas très courtes <eos>,14,courtes,courts,12,M,S,courtes,-7.3936925,courts,-9.017748,1
2620,P_NOUN_9_ADJ_b,F,P,les bouteilles avec le pot qui étaient là depuis hier ne sont pas très dures <eos>,14,dures,durs,12,M,S,dures,-5.535042,durs,-7.513547,1
2621,P_NOUN_9_ADJ_b,F,P,les bouteilles avec le pot qui étaient là depuis hier ne sont pas très claires <eos>,14,claires,clairs,12,M,S,claires,-4.4899006,clairs,-8.366945,1
2622,P_NOUN_9_ADJ_b,F,P,les bouteilles avec le pot qui étaient là depuis hier ne sont pas très intéressantes <eos>,14,intéressantes,intéressants,12,M,S,intéressantes,-5.9476404,intéressants,-8.486215,1
2623,P_NOUN_9_ADJ_b,F,P,les bouteilles avec le pot qui étaient là depuis hier ne sont pas très brillantes <eos>,14,brillantes,brillants,12,M,S,brillantes,-7.2368617,brillants,-9.000568,1
2624,P_NOUN_9_ADJ_b,F,P,les bouteilles avec le pot qui étaient là depuis hier ne sont pas très compliquées <eos>,14,compliquées,compliqués,12,M,S,compliquées,-7.4847817,compliqués,-8.527971,1
2625,P_NOUN_9_ADJ_b,F,P,les bouteilles avec le coussin qui étaient là depuis hier ne sont pas très vertes <eos>,14,vertes,verts,12,M,S,vertes,-9.930712,verts,-11.550145,1
2626,P_NOUN_9_ADJ_b,F,P,les bouteilles avec le coussin qui étaient là depuis hier ne sont pas très bleues <eos>,14,bleues,bleus,12,M,S,bleues,-10.846116,bleus,-11.566104,1
2627,P_NOUN_9_ADJ_b,F,P,les bouteilles avec le coussin qui étaient là depuis hier ne sont pas très noires <eos>,14,noires,noirs,12,M,S,noires,-9.420404,noirs,-12.18709,1
2628,P_NOUN_9_ADJ_b,F,P,les bouteilles avec le coussin qui étaient là depuis hier ne sont pas très délicates <eos>,14,délicates,délicats,12,M,S,délicates,-7.9672136,délicats,-9.262898,1
2629,P_NOUN_9_ADJ_b,F,P,les bouteilles avec le coussin qui étaient là depuis hier ne sont pas très pointues <eos>,14,pointues,pointus,12,M,S,pointues,-8.565957,pointus,-11.607209,1
2630,P_NOUN_9_ADJ_b,F,P,les bouteilles avec le coussin qui étaient là depuis hier ne sont pas très rondes <eos>,14,rondes,ronds,12,M,S,rondes,-10.259415,ronds,-12.12964,1
2631,P_NOUN_9_ADJ_b,F,P,les bouteilles avec le coussin qui étaient là depuis hier ne sont pas très froides <eos>,14,froides,froids,12,M,S,froides,-5.4502783,froids,-11.496753,1
2632,P_NOUN_9_ADJ_b,F,P,les bouteilles avec le coussin qui étaient là depuis hier ne sont pas très chaudes <eos>,14,chaudes,chauds,12,M,S,chaudes,-7.0468025,chauds,-9.312139,1
2633,P_NOUN_9_ADJ_b,F,P,les bouteilles avec le coussin qui étaient là depuis hier ne sont pas très importantes <eos>,14,importantes,importants,12,M,S,importantes,-5.546565,importants,-8.723148,1
2634,P_NOUN_9_ADJ_b,F,P,les bouteilles avec le coussin qui étaient là depuis hier ne sont pas très courtes <eos>,14,courtes,courts,12,M,S,courtes,-6.412389,courts,-8.64656,1
2635,P_NOUN_9_ADJ_b,F,P,les bouteilles avec le coussin qui étaient là depuis hier ne sont pas très dures <eos>,14,dures,durs,12,M,S,dures,-5.544174,durs,-7.5975065,1
2636,P_NOUN_9_ADJ_b,F,P,les bouteilles avec le coussin qui étaient là depuis hier ne sont pas très claires <eos>,14,claires,clairs,12,M,S,claires,-4.697033,clairs,-8.448491,1
2637,P_NOUN_9_ADJ_b,F,P,les bouteilles avec le coussin qui étaient là depuis hier ne sont pas très intéressantes <eos>,14,intéressantes,intéressants,12,M,S,intéressantes,-6.5717373,intéressants,-8.844756,1
2638,P_NOUN_9_ADJ_b,F,P,les bouteilles avec le coussin qui étaient là depuis hier ne sont pas très brillantes <eos>,14,brillantes,brillants,12,M,S,brillantes,-7.415407,brillants,-9.539213,1
2639,P_NOUN_9_ADJ_b,F,P,les bouteilles avec le coussin qui étaient là depuis hier ne sont pas très compliquées <eos>,14,compliquées,compliqués,12,M,S,compliquées,-6.686659,compliqués,-8.214908,1
2640,P_NOUN_9_ADJ_b,F,P,les bouteilles avec le jouet qui étaient là depuis hier ne sont pas très vertes <eos>,14,vertes,verts,12,M,S,vertes,-9.71365,verts,-10.462883,1
2641,P_NOUN_9_ADJ_b,F,P,les bouteilles avec le jouet qui étaient là depuis hier ne sont pas très bleues <eos>,14,bleues,bleus,12,M,S,bleues,-10.732565,bleus,-11.200846,1
2642,P_NOUN_9_ADJ_b,F,P,les bouteilles avec le jouet qui étaient là depuis hier ne sont pas très noires <eos>,14,noires,noirs,12,M,S,noires,-9.583391,noirs,-12.104937,1
2643,P_NOUN_9_ADJ_b,F,P,les bouteilles avec le jouet qui étaient là depuis hier ne sont pas très délicates <eos>,14,délicates,délicats,12,M,S,délicates,-7.6823654,délicats,-8.949323,1
2644,P_NOUN_9_ADJ_b,F,P,les bouteilles avec le jouet qui étaient là depuis hier ne sont pas très pointues <eos>,14,pointues,pointus,12,M,S,pointues,-8.76446,pointus,-11.582815,1
2645,P_NOUN_9_ADJ_b,F,P,les bouteilles avec le jouet qui étaient là depuis hier ne sont pas très rondes <eos>,14,rondes,ronds,12,M,S,rondes,-10.376245,ronds,-12.146034,1
2646,P_NOUN_9_ADJ_b,F,P,les bouteilles avec le jouet qui étaient là depuis hier ne sont pas très froides <eos>,14,froides,froids,12,M,S,froides,-5.333221,froids,-11.228762,1
2647,P_NOUN_9_ADJ_b,F,P,les bouteilles avec le jouet qui étaient là depuis hier ne sont pas très chaudes <eos>,14,chaudes,chauds,12,M,S,chaudes,-6.737549,chauds,-9.063526,1
2648,P_NOUN_9_ADJ_b,F,P,les bouteilles avec le jouet qui étaient là depuis hier ne sont pas très importantes <eos>,14,importantes,importants,12,M,S,importantes,-5.5704618,importants,-8.58956,1
2649,P_NOUN_9_ADJ_b,F,P,les bouteilles avec le jouet qui étaient là depuis hier ne sont pas très courtes <eos>,14,courtes,courts,12,M,S,courtes,-7.009592,courts,-8.660658,1
2650,P_NOUN_9_ADJ_b,F,P,les bouteilles avec le jouet qui étaient là depuis hier ne sont pas très dures <eos>,14,dures,durs,12,M,S,dures,-5.899831,durs,-7.4875507,1
2651,P_NOUN_9_ADJ_b,F,P,les bouteilles avec le jouet qui étaient là depuis hier ne sont pas très claires <eos>,14,claires,clairs,12,M,S,claires,-4.4065857,clairs,-8.242988,1
2652,P_NOUN_9_ADJ_b,F,P,les bouteilles avec le jouet qui étaient là depuis hier ne sont pas très intéressantes <eos>,14,intéressantes,intéressants,12,M,S,intéressantes,-6.2369485,intéressants,-8.36125,1
2653,P_NOUN_9_ADJ_b,F,P,les bouteilles avec le jouet qui étaient là depuis hier ne sont pas très brillantes <eos>,14,brillantes,brillants,12,M,S,brillantes,-7.3236847,brillants,-9.38943,1
2654,P_NOUN_9_ADJ_b,F,P,les bouteilles avec le jouet qui étaient là depuis hier ne sont pas très compliquées <eos>,14,compliquées,compliqués,12,M,S,compliquées,-6.950631,compliqués,-8.180974,1
2655,P_NOUN_9_ADJ_b,F,P,les bouteilles avec le clou qui étaient là depuis hier ne sont pas très vertes <eos>,14,vertes,verts,12,M,S,vertes,-9.622356,verts,-11.371845,1
2656,P_NOUN_9_ADJ_b,F,P,les bouteilles avec le clou qui étaient là depuis hier ne sont pas très bleues <eos>,14,bleues,bleus,12,M,S,bleues,-10.483743,bleus,-11.328911,1
2657,P_NOUN_9_ADJ_b,F,P,les bouteilles avec le clou qui étaient là depuis hier ne sont pas très noires <eos>,14,noires,noirs,12,M,S,noires,-9.237729,noirs,-12.372822,1
2658,P_NOUN_9_ADJ_b,F,P,les bouteilles avec le clou qui étaient là depuis hier ne sont pas très délicates <eos>,14,délicates,délicats,12,M,S,délicates,-7.381818,délicats,-9.060772,1
2659,P_NOUN_9_ADJ_b,F,P,les bouteilles avec le clou qui étaient là depuis hier ne sont pas très pointues <eos>,14,pointues,pointus,12,M,S,pointues,-8.830102,pointus,-11.562989,1
2660,P_NOUN_9_ADJ_b,F,P,les bouteilles avec le clou qui étaient là depuis hier ne sont pas très rondes <eos>,14,rondes,ronds,12,M,S,rondes,-10.304128,ronds,-11.72408,1
2661,P_NOUN_9_ADJ_b,F,P,les bouteilles avec le clou qui étaient là depuis hier ne sont pas très froides <eos>,14,froides,froids,12,M,S,froides,-5.5397377,froids,-11.892937,1
2662,P_NOUN_9_ADJ_b,F,P,les bouteilles avec le clou qui étaient là depuis hier ne sont pas très chaudes <eos>,14,chaudes,chauds,12,M,S,chaudes,-7.014943,chauds,-9.623208,1
2663,P_NOUN_9_ADJ_b,F,P,les bouteilles avec le clou qui étaient là depuis hier ne sont pas très importantes <eos>,14,importantes,importants,12,M,S,importantes,-5.2875614,importants,-8.794733,1
2664,P_NOUN_9_ADJ_b,F,P,les bouteilles avec le clou qui étaient là depuis hier ne sont pas très courtes <eos>,14,courtes,courts,12,M,S,courtes,-6.688566,courts,-8.977743,1
2665,P_NOUN_9_ADJ_b,F,P,les bouteilles avec le clou qui étaient là depuis hier ne sont pas très dures <eos>,14,dures,durs,12,M,S,dures,-5.790059,durs,-7.896575,1
2666,P_NOUN_9_ADJ_b,F,P,les bouteilles avec le clou qui étaient là depuis hier ne sont pas très claires <eos>,14,claires,clairs,12,M,S,claires,-4.6408978,clairs,-8.323987,1
2667,P_NOUN_9_ADJ_b,F,P,les bouteilles avec le clou qui étaient là depuis hier ne sont pas très intéressantes <eos>,14,intéressantes,intéressants,12,M,S,intéressantes,-6.1591296,intéressants,-8.854345,1
2668,P_NOUN_9_ADJ_b,F,P,les bouteilles avec le clou qui étaient là depuis hier ne sont pas très brillantes <eos>,14,brillantes,brillants,12,M,S,brillantes,-7.189389,brillants,-9.548346,1
2669,P_NOUN_9_ADJ_b,F,P,les bouteilles avec le clou qui étaient là depuis hier ne sont pas très compliquées <eos>,14,compliquées,compliqués,12,M,S,compliquées,-7.053705,compliqués,-8.28621,1
2670,P_NOUN_9_ADJ_b,F,P,les bouteilles avec le billet qui étaient là depuis hier ne sont pas très vertes <eos>,14,vertes,verts,12,M,S,vertes,-10.297514,verts,-11.412359,1
2671,P_NOUN_9_ADJ_b,F,P,les bouteilles avec le billet qui étaient là depuis hier ne sont pas très bleues <eos>,14,bleues,bleus,12,M,S,bleues,-11.089791,bleus,-11.627112,1
2672,P_NOUN_9_ADJ_b,F,P,les bouteilles avec le billet qui étaient là depuis hier ne sont pas très noires <eos>,14,noires,noirs,12,M,S,noires,-10.088854,noirs,-12.350115,1
2673,P_NOUN_9_ADJ_b,F,P,les bouteilles avec le billet qui étaient là depuis hier ne sont pas très délicates <eos>,14,délicates,délicats,12,M,S,délicates,-7.6136923,délicats,-9.493969,1
2674,P_NOUN_9_ADJ_b,F,P,les bouteilles avec le billet qui étaient là depuis hier ne sont pas très pointues <eos>,14,pointues,pointus,12,M,S,pointues,-9.150939,pointus,-12.082575,1
2675,P_NOUN_9_ADJ_b,F,P,les bouteilles avec le billet qui étaient là depuis hier ne sont pas très rondes <eos>,14,rondes,ronds,12,M,S,rondes,-11.002759,ronds,-12.4260645,1
2676,P_NOUN_9_ADJ_b,F,P,les bouteilles avec le billet qui étaient là depuis hier ne sont pas très froides <eos>,14,froides,froids,12,M,S,froides,-5.608531,froids,-11.94089,1
2677,P_NOUN_9_ADJ_b,F,P,les bouteilles avec le billet qui étaient là depuis hier ne sont pas très chaudes <eos>,14,chaudes,chauds,12,M,S,chaudes,-7.4740067,chauds,-9.527723,1
2678,P_NOUN_9_ADJ_b,F,P,les bouteilles avec le billet qui étaient là depuis hier ne sont pas très importantes <eos>,14,importantes,importants,12,M,S,importantes,-5.0504036,importants,-8.279821,1
2679,P_NOUN_9_ADJ_b,F,P,les bouteilles avec le billet qui étaient là depuis hier ne sont pas très courtes <eos>,14,courtes,courts,12,M,S,courtes,-6.9072375,courts,-8.825729,1
2680,P_NOUN_9_ADJ_b,F,P,les bouteilles avec le billet qui étaient là depuis hier ne sont pas très dures <eos>,14,dures,durs,12,M,S,dures,-5.582421,durs,-7.844168,1
2681,P_NOUN_9_ADJ_b,F,P,les bouteilles avec le billet qui étaient là depuis hier ne sont pas très claires <eos>,14,claires,clairs,12,M,S,claires,-5.2373447,clairs,-8.526728,1
2682,P_NOUN_9_ADJ_b,F,P,les bouteilles avec le billet qui étaient là depuis hier ne sont pas très intéressantes <eos>,14,intéressantes,intéressants,12,M,S,intéressantes,-5.957262,intéressants,-8.09586,1
2683,P_NOUN_9_ADJ_b,F,P,les bouteilles avec le billet qui étaient là depuis hier ne sont pas très brillantes <eos>,14,brillantes,brillants,12,M,S,brillantes,-7.6431055,brillants,-9.168511,1
2684,P_NOUN_9_ADJ_b,F,P,les bouteilles avec le billet qui étaient là depuis hier ne sont pas très compliquées <eos>,14,compliquées,compliqués,12,M,S,compliquées,-6.9908395,compliqués,-8.396551,1
2685,P_NOUN_9_ADJ_b,F,P,les bouteilles avec le légume qui étaient là depuis hier ne sont pas très vertes <eos>,14,vertes,verts,12,M,S,vertes,-9.747241,verts,-11.190538,1
2686,P_NOUN_9_ADJ_b,F,P,les bouteilles avec le légume qui étaient là depuis hier ne sont pas très bleues <eos>,14,bleues,bleus,12,M,S,bleues,-10.924162,bleus,-11.558037,1
2687,P_NOUN_9_ADJ_b,F,P,les bouteilles avec le légume qui étaient là depuis hier ne sont pas très noires <eos>,14,noires,noirs,12,M,S,noires,-9.394477,noirs,-12.19336,1
2688,P_NOUN_9_ADJ_b,F,P,les bouteilles avec le légume qui étaient là depuis hier ne sont pas très délicates <eos>,14,délicates,délicats,12,M,S,délicates,-6.965337,délicats,-8.931991,1
2689,P_NOUN_9_ADJ_b,F,P,les bouteilles avec le légume qui étaient là depuis hier ne sont pas très pointues <eos>,14,pointues,pointus,12,M,S,pointues,-9.153402,pointus,-12.589914,1
2690,P_NOUN_9_ADJ_b,F,P,les bouteilles avec le légume qui étaient là depuis hier ne sont pas très rondes <eos>,14,rondes,ronds,12,M,S,rondes,-10.355097,ronds,-12.20513,1
2691,P_NOUN_9_ADJ_b,F,P,les bouteilles avec le légume qui étaient là depuis hier ne sont pas très froides <eos>,14,froides,froids,12,M,S,froides,-4.9270353,froids,-10.356109,1
2692,P_NOUN_9_ADJ_b,F,P,les bouteilles avec le légume qui étaient là depuis hier ne sont pas très chaudes <eos>,14,chaudes,chauds,12,M,S,chaudes,-5.601087,chauds,-9.222271,1
2693,P_NOUN_9_ADJ_b,F,P,les bouteilles avec le légume qui étaient là depuis hier ne sont pas très importantes <eos>,14,importantes,importants,12,M,S,importantes,-4.927223,importants,-8.7245245,1
2694,P_NOUN_9_ADJ_b,F,P,les bouteilles avec le légume qui étaient là depuis hier ne sont pas très courtes <eos>,14,courtes,courts,12,M,S,courtes,-7.604563,courts,-9.782181,1
2695,P_NOUN_9_ADJ_b,F,P,les bouteilles avec le légume qui étaient là depuis hier ne sont pas très dures <eos>,14,dures,durs,12,M,S,dures,-5.063842,durs,-8.272091,1
2696,P_NOUN_9_ADJ_b,F,P,les bouteilles avec le légume qui étaient là depuis hier ne sont pas très claires <eos>,14,claires,clairs,12,M,S,claires,-4.029372,clairs,-8.710737,1
2697,P_NOUN_9_ADJ_b,F,P,les bouteilles avec le légume qui étaient là depuis hier ne sont pas très intéressantes <eos>,14,intéressantes,intéressants,12,M,S,intéressantes,-6.2259703,intéressants,-9.232389,1
2698,P_NOUN_9_ADJ_b,F,P,les bouteilles avec le légume qui étaient là depuis hier ne sont pas très brillantes <eos>,14,brillantes,brillants,12,M,S,brillantes,-7.0376854,brillants,-9.728752,1
2699,P_NOUN_9_ADJ_b,F,P,les bouteilles avec le légume qui étaient là depuis hier ne sont pas très compliquées <eos>,14,compliquées,compliqués,12,M,S,compliquées,-7.8981924,compliqués,-9.574591,1
2700,P_NOUN_9_ADJ_b,F,P,les boissons avec le bracelet qui étaient là depuis hier ne sont pas très vertes <eos>,14,vertes,verts,12,M,S,vertes,-10.236757,verts,-10.05105,0
2701,P_NOUN_9_ADJ_b,F,P,les boissons avec le bracelet qui étaient là depuis hier ne sont pas très bleues <eos>,14,bleues,bleus,12,M,S,bleues,-11.580006,bleus,-11.542583,0
2702,P_NOUN_9_ADJ_b,F,P,les boissons avec le bracelet qui étaient là depuis hier ne sont pas très noires <eos>,14,noires,noirs,12,M,S,noires,-9.80471,noirs,-11.8367405,1
2703,P_NOUN_9_ADJ_b,F,P,les boissons avec le bracelet qui étaient là depuis hier ne sont pas très délicates <eos>,14,délicates,délicats,12,M,S,délicates,-8.536785,délicats,-9.918417,1
2704,P_NOUN_9_ADJ_b,F,P,les boissons avec le bracelet qui étaient là depuis hier ne sont pas très pointues <eos>,14,pointues,pointus,12,M,S,pointues,-9.515224,pointus,-11.970821,1
2705,P_NOUN_9_ADJ_b,F,P,les boissons avec le bracelet qui étaient là depuis hier ne sont pas très rondes <eos>,14,rondes,ronds,12,M,S,rondes,-11.135062,ronds,-12.74031,1
2706,P_NOUN_9_ADJ_b,F,P,les boissons avec le bracelet qui étaient là depuis hier ne sont pas très froides <eos>,14,froides,froids,12,M,S,froides,-5.5930605,froids,-11.165694,1
2707,P_NOUN_9_ADJ_b,F,P,les boissons avec le bracelet qui étaient là depuis hier ne sont pas très chaudes <eos>,14,chaudes,chauds,12,M,S,chaudes,-6.660104,chauds,-8.088175,1
2708,P_NOUN_9_ADJ_b,F,P,les boissons avec le bracelet qui étaient là depuis hier ne sont pas très importantes <eos>,14,importantes,importants,12,M,S,importantes,-5.4851933,importants,-7.8442144,1
2709,P_NOUN_9_ADJ_b,F,P,les boissons avec le bracelet qui étaient là depuis hier ne sont pas très courtes <eos>,14,courtes,courts,12,M,S,courtes,-7.620654,courts,-8.848084,1
2710,P_NOUN_9_ADJ_b,F,P,les boissons avec le bracelet qui étaient là depuis hier ne sont pas très dures <eos>,14,dures,durs,12,M,S,dures,-5.4840345,durs,-7.0053043,1
2711,P_NOUN_9_ADJ_b,F,P,les boissons avec le bracelet qui étaient là depuis hier ne sont pas très claires <eos>,14,claires,clairs,12,M,S,claires,-4.4610567,clairs,-7.13011,1
2712,P_NOUN_9_ADJ_b,F,P,les boissons avec le bracelet qui étaient là depuis hier ne sont pas très intéressantes <eos>,14,intéressantes,intéressants,12,M,S,intéressantes,-6.917336,intéressants,-8.324425,1
2713,P_NOUN_9_ADJ_b,F,P,les boissons avec le bracelet qui étaient là depuis hier ne sont pas très brillantes <eos>,14,brillantes,brillants,12,M,S,brillantes,-8.1342945,brillants,-8.916508,1
2714,P_NOUN_9_ADJ_b,F,P,les boissons avec le bracelet qui étaient là depuis hier ne sont pas très compliquées <eos>,14,compliquées,compliqués,12,M,S,compliquées,-8.394476,compliqués,-8.292604,0
2715,P_NOUN_9_ADJ_b,F,P,les boissons avec le miroir qui étaient là depuis hier ne sont pas très vertes <eos>,14,vertes,verts,12,M,S,vertes,-9.686803,verts,-10.679778,1
2716,P_NOUN_9_ADJ_b,F,P,les boissons avec le miroir qui étaient là depuis hier ne sont pas très bleues <eos>,14,bleues,bleus,12,M,S,bleues,-11.272831,bleus,-11.558529,1
2717,P_NOUN_9_ADJ_b,F,P,les boissons avec le miroir qui étaient là depuis hier ne sont pas très noires <eos>,14,noires,noirs,12,M,S,noires,-9.59861,noirs,-12.059678,1
2718,P_NOUN_9_ADJ_b,F,P,les boissons avec le miroir qui étaient là depuis hier ne sont pas très délicates <eos>,14,délicates,délicats,12,M,S,délicates,-8.02925,délicats,-9.027409,1
2719,P_NOUN_9_ADJ_b,F,P,les boissons avec le miroir qui étaient là depuis hier ne sont pas très pointues <eos>,14,pointues,pointus,12,M,S,pointues,-9.307298,pointus,-11.78445,1
2720,P_NOUN_9_ADJ_b,F,P,les boissons avec le miroir qui étaient là depuis hier ne sont pas très rondes <eos>,14,rondes,ronds,12,M,S,rondes,-10.427182,ronds,-12.100686,1
2721,P_NOUN_9_ADJ_b,F,P,les boissons avec le miroir qui étaient là depuis hier ne sont pas très froides <eos>,14,froides,froids,12,M,S,froides,-5.39484,froids,-10.611683,1
2722,P_NOUN_9_ADJ_b,F,P,les boissons avec le miroir qui étaient là depuis hier ne sont pas très chaudes <eos>,14,chaudes,chauds,12,M,S,chaudes,-6.0202665,chauds,-8.340518,1
2723,P_NOUN_9_ADJ_b,F,P,les boissons avec le miroir qui étaient là depuis hier ne sont pas très importantes <eos>,14,importantes,importants,12,M,S,importantes,-5.347915,importants,-8.424187,1
2724,P_NOUN_9_ADJ_b,F,P,les boissons avec le miroir qui étaient là depuis hier ne sont pas très courtes <eos>,14,courtes,courts,12,M,S,courtes,-6.6878166,courts,-8.672806,1
2725,P_NOUN_9_ADJ_b,F,P,les boissons avec le miroir qui étaient là depuis hier ne sont pas très dures <eos>,14,dures,durs,12,M,S,dures,-5.687325,durs,-7.6279902,1
2726,P_NOUN_9_ADJ_b,F,P,les boissons avec le miroir qui étaient là depuis hier ne sont pas très claires <eos>,14,claires,clairs,12,M,S,claires,-4.0852537,clairs,-7.4099703,1
2727,P_NOUN_9_ADJ_b,F,P,les boissons avec le miroir qui étaient là depuis hier ne sont pas très intéressantes <eos>,14,intéressantes,intéressants,12,M,S,intéressantes,-6.7447605,intéressants,-8.867377,1
2728,P_NOUN_9_ADJ_b,F,P,les boissons avec le miroir qui étaient là depuis hier ne sont pas très brillantes <eos>,14,brillantes,brillants,12,M,S,brillantes,-7.377596,brillants,-9.380177,1
2729,P_NOUN_9_ADJ_b,F,P,les boissons avec le miroir qui étaient là depuis hier ne sont pas très compliquées <eos>,14,compliquées,compliqués,12,M,S,compliquées,-7.949107,compliqués,-8.267116,1
2730,P_NOUN_9_ADJ_b,F,P,les boissons avec le crayon qui étaient là depuis hier ne sont pas très vertes <eos>,14,vertes,verts,12,M,S,vertes,-9.495237,verts,-10.423914,1
2731,P_NOUN_9_ADJ_b,F,P,les boissons avec le crayon qui étaient là depuis hier ne sont pas très bleues <eos>,14,bleues,bleus,12,M,S,bleues,-11.310736,bleus,-11.641678,1
2732,P_NOUN_9_ADJ_b,F,P,les boissons avec le crayon qui étaient là depuis hier ne sont pas très noires <eos>,14,noires,noirs,12,M,S,noires,-9.783967,noirs,-12.0130825,1
2733,P_NOUN_9_ADJ_b,F,P,les boissons avec le crayon qui étaient là depuis hier ne sont pas très délicates <eos>,14,délicates,délicats,12,M,S,délicates,-8.1615505,délicats,-8.911045,1
2734,P_NOUN_9_ADJ_b,F,P,les boissons avec le crayon qui étaient là depuis hier ne sont pas très pointues <eos>,14,pointues,pointus,12,M,S,pointues,-10.011775,pointus,-11.946927,1
2735,P_NOUN_9_ADJ_b,F,P,les boissons avec le crayon qui étaient là depuis hier ne sont pas très rondes <eos>,14,rondes,ronds,12,M,S,rondes,-11.004885,ronds,-11.882896,1
2736,P_NOUN_9_ADJ_b,F,P,les boissons avec le crayon qui étaient là depuis hier ne sont pas très froides <eos>,14,froides,froids,12,M,S,froides,-5.674585,froids,-10.746094,1
2737,P_NOUN_9_ADJ_b,F,P,les boissons avec le crayon qui étaient là depuis hier ne sont pas très chaudes <eos>,14,chaudes,chauds,12,M,S,chaudes,-6.283057,chauds,-8.408816,1
2738,P_NOUN_9_ADJ_b,F,P,les boissons avec le crayon qui étaient là depuis hier ne sont pas très importantes <eos>,14,importantes,importants,12,M,S,importantes,-5.4989166,importants,-8.437581,1
2739,P_NOUN_9_ADJ_b,F,P,les boissons avec le crayon qui étaient là depuis hier ne sont pas très courtes <eos>,14,courtes,courts,12,M,S,courtes,-7.2163744,courts,-8.891317,1
2740,P_NOUN_9_ADJ_b,F,P,les boissons avec le crayon qui étaient là depuis hier ne sont pas très dures <eos>,14,dures,durs,12,M,S,dures,-5.566287,durs,-7.136718,1
2741,P_NOUN_9_ADJ_b,F,P,les boissons avec le crayon qui étaient là depuis hier ne sont pas très claires <eos>,14,claires,clairs,12,M,S,claires,-4.0996923,clairs,-6.864252,1
2742,P_NOUN_9_ADJ_b,F,P,les boissons avec le crayon qui étaient là depuis hier ne sont pas très intéressantes <eos>,14,intéressantes,intéressants,12,M,S,intéressantes,-6.6903877,intéressants,-8.77658,1
2743,P_NOUN_9_ADJ_b,F,P,les boissons avec le crayon qui étaient là depuis hier ne sont pas très brillantes <eos>,14,brillantes,brillants,12,M,S,brillantes,-7.2992325,brillants,-9.159593,1
2744,P_NOUN_9_ADJ_b,F,P,les boissons avec le crayon qui étaient là depuis hier ne sont pas très compliquées <eos>,14,compliquées,compliqués,12,M,S,compliquées,-8.358131,compliqués,-8.130764,0
2745,P_NOUN_9_ADJ_b,F,P,les boissons avec le rideau qui étaient là depuis hier ne sont pas très vertes <eos>,14,vertes,verts,12,M,S,vertes,-10.197491,verts,-10.81396,1
2746,P_NOUN_9_ADJ_b,F,P,les boissons avec le rideau qui étaient là depuis hier ne sont pas très bleues <eos>,14,bleues,bleus,12,M,S,bleues,-10.946209,bleus,-11.282829,1
2747,P_NOUN_9_ADJ_b,F,P,les boissons avec le rideau qui étaient là depuis hier ne sont pas très noires <eos>,14,noires,noirs,12,M,S,noires,-9.429518,noirs,-11.90513,1
2748,P_NOUN_9_ADJ_b,F,P,les boissons avec le rideau qui étaient là depuis hier ne sont pas très délicates <eos>,14,délicates,délicats,12,M,S,délicates,-7.9947433,délicats,-9.356845,1
2749,P_NOUN_9_ADJ_b,F,P,les boissons avec le rideau qui étaient là depuis hier ne sont pas très pointues <eos>,14,pointues,pointus,12,M,S,pointues,-9.471451,pointus,-12.44408,1
2750,P_NOUN_9_ADJ_b,F,P,les boissons avec le rideau qui étaient là depuis hier ne sont pas très rondes <eos>,14,rondes,ronds,12,M,S,rondes,-10.5921955,ronds,-12.159279,1
2751,P_NOUN_9_ADJ_b,F,P,les boissons avec le rideau qui étaient là depuis hier ne sont pas très froides <eos>,14,froides,froids,12,M,S,froides,-5.3662643,froids,-10.556209,1
2752,P_NOUN_9_ADJ_b,F,P,les boissons avec le rideau qui étaient là depuis hier ne sont pas très chaudes <eos>,14,chaudes,chauds,12,M,S,chaudes,-6.285598,chauds,-8.443124,1
2753,P_NOUN_9_ADJ_b,F,P,les boissons avec le rideau qui étaient là depuis hier ne sont pas très importantes <eos>,14,importantes,importants,12,M,S,importantes,-5.1489162,importants,-8.311945,1
2754,P_NOUN_9_ADJ_b,F,P,les boissons avec le rideau qui étaient là depuis hier ne sont pas très courtes <eos>,14,courtes,courts,12,M,S,courtes,-6.81439,courts,-9.019264,1
2755,P_NOUN_9_ADJ_b,F,P,les boissons avec le rideau qui étaient là depuis hier ne sont pas très dures <eos>,14,dures,durs,12,M,S,dures,-5.341856,durs,-7.540576,1
2756,P_NOUN_9_ADJ_b,F,P,les boissons avec le rideau qui étaient là depuis hier ne sont pas très claires <eos>,14,claires,clairs,12,M,S,claires,-3.84163,clairs,-7.2479744,1
2757,P_NOUN_9_ADJ_b,F,P,les boissons avec le rideau qui étaient là depuis hier ne sont pas très intéressantes <eos>,14,intéressantes,intéressants,12,M,S,intéressantes,-6.7850037,intéressants,-9.069234,1
2758,P_NOUN_9_ADJ_b,F,P,les boissons avec le rideau qui étaient là depuis hier ne sont pas très brillantes <eos>,14,brillantes,brillants,12,M,S,brillantes,-7.3507395,brillants,-9.852256,1
2759,P_NOUN_9_ADJ_b,F,P,les boissons avec le rideau qui étaient là depuis hier ne sont pas très compliquées <eos>,14,compliquées,compliqués,12,M,S,compliquées,-8.206837,compliqués,-8.765251,1
2760,P_NOUN_9_ADJ_b,F,P,les boissons avec le cahier qui étaient là depuis hier ne sont pas très vertes <eos>,14,vertes,verts,12,M,S,vertes,-10.234074,verts,-10.615506,1
2761,P_NOUN_9_ADJ_b,F,P,les boissons avec le cahier qui étaient là depuis hier ne sont pas très bleues <eos>,14,bleues,bleus,12,M,S,bleues,-11.998274,bleus,-11.922623,0
2762,P_NOUN_9_ADJ_b,F,P,les boissons avec le cahier qui étaient là depuis hier ne sont pas très noires <eos>,14,noires,noirs,12,M,S,noires,-10.326217,noirs,-12.127605,1
2763,P_NOUN_9_ADJ_b,F,P,les boissons avec le cahier qui étaient là depuis hier ne sont pas très délicates <eos>,14,délicates,délicats,12,M,S,délicates,-8.167898,délicats,-9.112914,1
2764,P_NOUN_9_ADJ_b,F,P,les boissons avec le cahier qui étaient là depuis hier ne sont pas très pointues <eos>,14,pointues,pointus,12,M,S,pointues,-9.844305,pointus,-12.111185,1
2765,P_NOUN_9_ADJ_b,F,P,les boissons avec le cahier qui étaient là depuis hier ne sont pas très rondes <eos>,14,rondes,ronds,12,M,S,rondes,-11.018838,ronds,-12.550753,1
2766,P_NOUN_9_ADJ_b,F,P,les boissons avec le cahier qui étaient là depuis hier ne sont pas très froides <eos>,14,froides,froids,12,M,S,froides,-5.4884167,froids,-10.288188,1
2767,P_NOUN_9_ADJ_b,F,P,les boissons avec le cahier qui étaient là depuis hier ne sont pas très chaudes <eos>,14,chaudes,chauds,12,M,S,chaudes,-6.225409,chauds,-8.051283,1
2768,P_NOUN_9_ADJ_b,F,P,les boissons avec le cahier qui étaient là depuis hier ne sont pas très importantes <eos>,14,importantes,importants,12,M,S,importantes,-5.2698154,importants,-7.430298,1
2769,P_NOUN_9_ADJ_b,F,P,les boissons avec le cahier qui étaient là depuis hier ne sont pas très courtes <eos>,14,courtes,courts,12,M,S,courtes,-7.1295443,courts,-8.528977,1
2770,P_NOUN_9_ADJ_b,F,P,les boissons avec le cahier qui étaient là depuis hier ne sont pas très dures <eos>,14,dures,durs,12,M,S,dures,-5.621806,durs,-7.488042,1
2771,P_NOUN_9_ADJ_b,F,P,les boissons avec le cahier qui étaient là depuis hier ne sont pas très claires <eos>,14,claires,clairs,12,M,S,claires,-3.9427366,clairs,-6.9535437,1
2772,P_NOUN_9_ADJ_b,F,P,les boissons avec le cahier qui étaient là depuis hier ne sont pas très intéressantes <eos>,14,intéressantes,intéressants,12,M,S,intéressantes,-6.7650604,intéressants,-8.239379,1
2773,P_NOUN_9_ADJ_b,F,P,les boissons avec le cahier qui étaient là depuis hier ne sont pas très brillantes <eos>,14,brillantes,brillants,12,M,S,brillantes,-8.408091,brillants,-9.5838375,1
2774,P_NOUN_9_ADJ_b,F,P,les boissons avec le cahier qui étaient là depuis hier ne sont pas très compliquées <eos>,14,compliquées,compliqués,12,M,S,compliquées,-8.704208,compliqués,-8.5170555,0
2775,P_NOUN_9_ADJ_b,F,P,les boissons avec le micro qui étaient là depuis hier ne sont pas très vertes <eos>,14,vertes,verts,12,M,S,vertes,-10.126491,verts,-10.670409,1
2776,P_NOUN_9_ADJ_b,F,P,les boissons avec le micro qui étaient là depuis hier ne sont pas très bleues <eos>,14,bleues,bleus,12,M,S,bleues,-11.296782,bleus,-11.393863,1
2777,P_NOUN_9_ADJ_b,F,P,les boissons avec le micro qui étaient là depuis hier ne sont pas très noires <eos>,14,noires,noirs,12,M,S,noires,-9.755804,noirs,-12.252598,1
2778,P_NOUN_9_ADJ_b,F,P,les boissons avec le micro qui étaient là depuis hier ne sont pas très délicates <eos>,14,délicates,délicats,12,M,S,délicates,-8.225686,délicats,-9.376594,1
2779,P_NOUN_9_ADJ_b,F,P,les boissons avec le micro qui étaient là depuis hier ne sont pas très pointues <eos>,14,pointues,pointus,12,M,S,pointues,-9.7542515,pointus,-12.610928,1
2780,P_NOUN_9_ADJ_b,F,P,les boissons avec le micro qui étaient là depuis hier ne sont pas très rondes <eos>,14,rondes,ronds,12,M,S,rondes,-10.951397,ronds,-12.497152,1
2781,P_NOUN_9_ADJ_b,F,P,les boissons avec le micro qui étaient là depuis hier ne sont pas très froides <eos>,14,froides,froids,12,M,S,froides,-5.2433014,froids,-10.456066,1
2782,P_NOUN_9_ADJ_b,F,P,les boissons avec le micro qui étaient là depuis hier ne sont pas très chaudes <eos>,14,chaudes,chauds,12,M,S,chaudes,-5.9200983,chauds,-8.345061,1
2783,P_NOUN_9_ADJ_b,F,P,les boissons avec le micro qui étaient là depuis hier ne sont pas très importantes <eos>,14,importantes,importants,12,M,S,importantes,-5.0568733,importants,-8.130251,1
2784,P_NOUN_9_ADJ_b,F,P,les boissons avec le micro qui étaient là depuis hier ne sont pas très courtes <eos>,14,courtes,courts,12,M,S,courtes,-6.7823153,courts,-8.815931,1
2785,P_NOUN_9_ADJ_b,F,P,les boissons avec le micro qui étaient là depuis hier ne sont pas très dures <eos>,14,dures,durs,12,M,S,dures,-5.723349,durs,-7.8009515,1
2786,P_NOUN_9_ADJ_b,F,P,les boissons avec le micro qui étaient là depuis hier ne sont pas très claires <eos>,14,claires,clairs,12,M,S,claires,-3.7683494,clairs,-7.787713,1
2787,P_NOUN_9_ADJ_b,F,P,les boissons avec le micro qui étaient là depuis hier ne sont pas très intéressantes <eos>,14,intéressantes,intéressants,12,M,S,intéressantes,-6.5972557,intéressants,-8.884149,1
2788,P_NOUN_9_ADJ_b,F,P,les boissons avec le micro qui étaient là depuis hier ne sont pas très brillantes <eos>,14,brillantes,brillants,12,M,S,brillantes,-8.274658,brillants,-10.170982,1
2789,P_NOUN_9_ADJ_b,F,P,les boissons avec le micro qui étaient là depuis hier ne sont pas très compliquées <eos>,14,compliquées,compliqués,12,M,S,compliquées,-8.597951,compliqués,-8.998905,1
2790,P_NOUN_9_ADJ_b,F,P,les boissons avec le sac qui étaient là depuis hier ne sont pas très vertes <eos>,14,vertes,verts,12,M,S,vertes,-10.094148,verts,-10.501589,1
2791,P_NOUN_9_ADJ_b,F,P,les boissons avec le sac qui étaient là depuis hier ne sont pas très bleues <eos>,14,bleues,bleus,12,M,S,bleues,-11.492775,bleus,-11.46319,0
2792,P_NOUN_9_ADJ_b,F,P,les boissons avec le sac qui étaient là depuis hier ne sont pas très noires <eos>,14,noires,noirs,12,M,S,noires,-9.665553,noirs,-11.773014,1
2793,P_NOUN_9_ADJ_b,F,P,les boissons avec le sac qui étaient là depuis hier ne sont pas très délicates <eos>,14,délicates,délicats,12,M,S,délicates,-8.669632,délicats,-9.211123,1
2794,P_NOUN_9_ADJ_b,F,P,les boissons avec le sac qui étaient là depuis hier ne sont pas très pointues <eos>,14,pointues,pointus,12,M,S,pointues,-9.544893,pointus,-12.0612545,1
2795,P_NOUN_9_ADJ_b,F,P,les boissons avec le sac qui étaient là depuis hier ne sont pas très rondes <eos>,14,rondes,ronds,12,M,S,rondes,-10.714945,ronds,-12.21497,1
2796,P_NOUN_9_ADJ_b,F,P,les boissons avec le sac qui étaient là depuis hier ne sont pas très froides <eos>,14,froides,froids,12,M,S,froides,-5.255905,froids,-10.337828,1
2797,P_NOUN_9_ADJ_b,F,P,les boissons avec le sac qui étaient là depuis hier ne sont pas très chaudes <eos>,14,chaudes,chauds,12,M,S,chaudes,-6.215986,chauds,-7.9113517,1
2798,P_NOUN_9_ADJ_b,F,P,les boissons avec le sac qui étaient là depuis hier ne sont pas très importantes <eos>,14,importantes,importants,12,M,S,importantes,-5.4429755,importants,-8.053801,1
2799,P_NOUN_9_ADJ_b,F,P,les boissons avec le sac qui étaient là depuis hier ne sont pas très courtes <eos>,14,courtes,courts,12,M,S,courtes,-6.8944397,courts,-8.579489,1
2800,P_NOUN_9_ADJ_b,F,P,les boissons avec le sac qui étaient là depuis hier ne sont pas très dures <eos>,14,dures,durs,12,M,S,dures,-5.2700005,durs,-7.1349487,1
2801,P_NOUN_9_ADJ_b,F,P,les boissons avec le sac qui étaient là depuis hier ne sont pas très claires <eos>,14,claires,clairs,12,M,S,claires,-4.174383,clairs,-7.3770905,1
2802,P_NOUN_9_ADJ_b,F,P,les boissons avec le sac qui étaient là depuis hier ne sont pas très intéressantes <eos>,14,intéressantes,intéressants,12,M,S,intéressantes,-6.950428,intéressants,-8.883768,1
2803,P_NOUN_9_ADJ_b,F,P,les boissons avec le sac qui étaient là depuis hier ne sont pas très brillantes <eos>,14,brillantes,brillants,12,M,S,brillantes,-8.149155,brillants,-9.680843,1
2804,P_NOUN_9_ADJ_b,F,P,les boissons avec le sac qui étaient là depuis hier ne sont pas très compliquées <eos>,14,compliquées,compliqués,12,M,S,compliquées,-8.590493,compliqués,-8.803038,1
2805,P_NOUN_9_ADJ_b,F,P,les boissons avec le clavier qui étaient là depuis hier ne sont pas très vertes <eos>,14,vertes,verts,12,M,S,vertes,-10.696002,verts,-11.357334,1
2806,P_NOUN_9_ADJ_b,F,P,les boissons avec le clavier qui étaient là depuis hier ne sont pas très bleues <eos>,14,bleues,bleus,12,M,S,bleues,-11.9325285,bleus,-12.2216425,1
2807,P_NOUN_9_ADJ_b,F,P,les boissons avec le clavier qui étaient là depuis hier ne sont pas très noires <eos>,14,noires,noirs,12,M,S,noires,-10.412674,noirs,-12.514662,1
2808,P_NOUN_9_ADJ_b,F,P,les boissons avec le clavier qui étaient là depuis hier ne sont pas très délicates <eos>,14,délicates,délicats,12,M,S,délicates,-8.6145935,délicats,-9.635732,1
2809,P_NOUN_9_ADJ_b,F,P,les boissons avec le clavier qui étaient là depuis hier ne sont pas très pointues <eos>,14,pointues,pointus,12,M,S,pointues,-9.283678,pointus,-12.789204,1
2810,P_NOUN_9_ADJ_b,F,P,les boissons avec le clavier qui étaient là depuis hier ne sont pas très rondes <eos>,14,rondes,ronds,12,M,S,rondes,-10.751922,ronds,-12.638566,1
2811,P_NOUN_9_ADJ_b,F,P,les boissons avec le clavier qui étaient là depuis hier ne sont pas très froides <eos>,14,froides,froids,12,M,S,froides,-6.0758777,froids,-11.338051,1
2812,P_NOUN_9_ADJ_b,F,P,les boissons avec le clavier qui étaient là depuis hier ne sont pas très chaudes <eos>,14,chaudes,chauds,12,M,S,chaudes,-6.955264,chauds,-9.261391,1
2813,P_NOUN_9_ADJ_b,F,P,les boissons avec le clavier qui étaient là depuis hier ne sont pas très importantes <eos>,14,importantes,importants,12,M,S,importantes,-5.543255,importants,-8.471368,1
2814,P_NOUN_9_ADJ_b,F,P,les boissons avec le clavier qui étaient là depuis hier ne sont pas très courtes <eos>,14,courtes,courts,12,M,S,courtes,-6.643179,courts,-8.807706,1
2815,P_NOUN_9_ADJ_b,F,P,les boissons avec le clavier qui étaient là depuis hier ne sont pas très dures <eos>,14,dures,durs,12,M,S,dures,-5.644281,durs,-6.7427077,1
2816,P_NOUN_9_ADJ_b,F,P,les boissons avec le clavier qui étaient là depuis hier ne sont pas très claires <eos>,14,claires,clairs,12,M,S,claires,-3.9185681,clairs,-7.3466573,1
2817,P_NOUN_9_ADJ_b,F,P,les boissons avec le clavier qui étaient là depuis hier ne sont pas très intéressantes <eos>,14,intéressantes,intéressants,12,M,S,intéressantes,-6.5826335,intéressants,-8.619843,1
2818,P_NOUN_9_ADJ_b,F,P,les boissons avec le clavier qui étaient là depuis hier ne sont pas très brillantes <eos>,14,brillantes,brillants,12,M,S,brillantes,-7.3263006,brillants,-9.763478,1
2819,P_NOUN_9_ADJ_b,F,P,les boissons avec le clavier qui étaient là depuis hier ne sont pas très compliquées <eos>,14,compliquées,compliqués,12,M,S,compliquées,-7.370713,compliqués,-8.065204,1
2820,P_NOUN_9_ADJ_b,F,P,les boissons avec le raisin qui étaient là depuis hier ne sont pas très vertes <eos>,14,vertes,verts,12,M,S,vertes,-9.909576,verts,-11.170941,1
2821,P_NOUN_9_ADJ_b,F,P,les boissons avec le raisin qui étaient là depuis hier ne sont pas très bleues <eos>,14,bleues,bleus,12,M,S,bleues,-12.048296,bleus,-12.3702545,1
2822,P_NOUN_9_ADJ_b,F,P,les boissons avec le raisin qui étaient là depuis hier ne sont pas très noires <eos>,14,noires,noirs,12,M,S,noires,-10.082752,noirs,-13.060488,1
2823,P_NOUN_9_ADJ_b,F,P,les boissons avec le raisin qui étaient là depuis hier ne sont pas très délicates <eos>,14,délicates,délicats,12,M,S,délicates,-8.51511,délicats,-8.809845,1
2824,P_NOUN_9_ADJ_b,F,P,les boissons avec le raisin qui étaient là depuis hier ne sont pas très pointues <eos>,14,pointues,pointus,12,M,S,pointues,-10.083082,pointus,-13.101283,1
2825,P_NOUN_9_ADJ_b,F,P,les boissons avec le raisin qui étaient là depuis hier ne sont pas très rondes <eos>,14,rondes,ronds,12,M,S,rondes,-11.3674755,ronds,-13.046209,1
2826,P_NOUN_9_ADJ_b,F,P,les boissons avec le raisin qui étaient là depuis hier ne sont pas très froides <eos>,14,froides,froids,12,M,S,froides,-5.325047,froids,-9.942955,1
2827,P_NOUN_9_ADJ_b,F,P,les boissons avec le raisin qui étaient là depuis hier ne sont pas très chaudes <eos>,14,chaudes,chauds,12,M,S,chaudes,-5.3920174,chauds,-8.038584,1
2828,P_NOUN_9_ADJ_b,F,P,les boissons avec le raisin qui étaient là depuis hier ne sont pas très importantes <eos>,14,importantes,importants,12,M,S,importantes,-4.721727,importants,-8.187931,1
2829,P_NOUN_9_ADJ_b,F,P,les boissons avec le raisin qui étaient là depuis hier ne sont pas très courtes <eos>,14,courtes,courts,12,M,S,courtes,-7.3263497,courts,-9.4581585,1
2830,P_NOUN_9_ADJ_b,F,P,les boissons avec le raisin qui étaient là depuis hier ne sont pas très dures <eos>,14,dures,durs,12,M,S,dures,-5.337063,durs,-7.57625,1
2831,P_NOUN_9_ADJ_b,F,P,les boissons avec le raisin qui étaient là depuis hier ne sont pas très claires <eos>,14,claires,clairs,12,M,S,claires,-4.0154734,clairs,-8.026335,1
2832,P_NOUN_9_ADJ_b,F,P,les boissons avec le raisin qui étaient là depuis hier ne sont pas très intéressantes <eos>,14,intéressantes,intéressants,12,M,S,intéressantes,-6.488344,intéressants,-9.512195,1
2833,P_NOUN_9_ADJ_b,F,P,les boissons avec le raisin qui étaient là depuis hier ne sont pas très brillantes <eos>,14,brillantes,brillants,12,M,S,brillantes,-8.067526,brillants,-10.034733,1
2834,P_NOUN_9_ADJ_b,F,P,les boissons avec le raisin qui étaient là depuis hier ne sont pas très compliquées <eos>,14,compliquées,compliqués,12,M,S,compliquées,-9.358879,compliqués,-9.49785,1
2835,P_NOUN_9_ADJ_b,F,P,les boissons avec le chargeur qui étaient là depuis hier ne sont pas très vertes <eos>,14,vertes,verts,12,M,S,vertes,-10.550131,verts,-11.7074375,1
2836,P_NOUN_9_ADJ_b,F,P,les boissons avec le chargeur qui étaient là depuis hier ne sont pas très bleues <eos>,14,bleues,bleus,12,M,S,bleues,-11.665513,bleus,-11.961152,1
2837,P_NOUN_9_ADJ_b,F,P,les boissons avec le chargeur qui étaient là depuis hier ne sont pas très noires <eos>,14,noires,noirs,12,M,S,noires,-9.575573,noirs,-11.870517,1
2838,P_NOUN_9_ADJ_b,F,P,les boissons avec le chargeur qui étaient là depuis hier ne sont pas très délicates <eos>,14,délicates,délicats,12,M,S,délicates,-9.20108,délicats,-10.101453,1
2839,P_NOUN_9_ADJ_b,F,P,les boissons avec le chargeur qui étaient là depuis hier ne sont pas très pointues <eos>,14,pointues,pointus,12,M,S,pointues,-9.171804,pointus,-12.175894,1
2840,P_NOUN_9_ADJ_b,F,P,les boissons avec le chargeur qui étaient là depuis hier ne sont pas très rondes <eos>,14,rondes,ronds,12,M,S,rondes,-10.786111,ronds,-12.420156,1
2841,P_NOUN_9_ADJ_b,F,P,les boissons avec le chargeur qui étaient là depuis hier ne sont pas très froides <eos>,14,froides,froids,12,M,S,froides,-5.3940835,froids,-11.364008,1
2842,P_NOUN_9_ADJ_b,F,P,les boissons avec le chargeur qui étaient là depuis hier ne sont pas très chaudes <eos>,14,chaudes,chauds,12,M,S,chaudes,-6.979739,chauds,-8.507886,1
2843,P_NOUN_9_ADJ_b,F,P,les boissons avec le chargeur qui étaient là depuis hier ne sont pas très importantes <eos>,14,importantes,importants,12,M,S,importantes,-5.5926056,importants,-8.744865,1
2844,P_NOUN_9_ADJ_b,F,P,les boissons avec le chargeur qui étaient là depuis hier ne sont pas très courtes <eos>,14,courtes,courts,12,M,S,courtes,-6.3240395,courts,-8.904375,1
2845,P_NOUN_9_ADJ_b,F,P,les boissons avec le chargeur qui étaient là depuis hier ne sont pas très dures <eos>,14,dures,durs,12,M,S,dures,-5.660903,durs,-7.582672,1
2846,P_NOUN_9_ADJ_b,F,P,les boissons avec le chargeur qui étaient là depuis hier ne sont pas très claires <eos>,14,claires,clairs,12,M,S,claires,-4.644718,clairs,-8.020125,1
2847,P_NOUN_9_ADJ_b,F,P,les boissons avec le chargeur qui étaient là depuis hier ne sont pas très intéressantes <eos>,14,intéressantes,intéressants,12,M,S,intéressantes,-7.066968,intéressants,-9.363551,1
2848,P_NOUN_9_ADJ_b,F,P,les boissons avec le chargeur qui étaient là depuis hier ne sont pas très brillantes <eos>,14,brillantes,brillants,12,M,S,brillantes,-8.032011,brillants,-9.925131,1
2849,P_NOUN_9_ADJ_b,F,P,les boissons avec le chargeur qui étaient là depuis hier ne sont pas très compliquées <eos>,14,compliquées,compliqués,12,M,S,compliquées,-7.978665,compliqués,-8.449757,1
2850,P_NOUN_9_ADJ_b,F,P,les boissons avec le vase qui étaient là depuis hier ne sont pas très vertes <eos>,14,vertes,verts,12,M,S,vertes,-10.0275955,verts,-10.695816,1
2851,P_NOUN_9_ADJ_b,F,P,les boissons avec le vase qui étaient là depuis hier ne sont pas très bleues <eos>,14,bleues,bleus,12,M,S,bleues,-11.735107,bleus,-12.042473,1
2852,P_NOUN_9_ADJ_b,F,P,les boissons avec le vase qui étaient là depuis hier ne sont pas très noires <eos>,14,noires,noirs,12,M,S,noires,-9.853265,noirs,-12.569822,1
2853,P_NOUN_9_ADJ_b,F,P,les boissons avec le vase qui étaient là depuis hier ne sont pas très délicates <eos>,14,délicates,délicats,12,M,S,délicates,-8.156723,délicats,-8.986583,1
2854,P_NOUN_9_ADJ_b,F,P,les boissons avec le vase qui étaient là depuis hier ne sont pas très pointues <eos>,14,pointues,pointus,12,M,S,pointues,-9.711912,pointus,-12.170304,1
2855,P_NOUN_9_ADJ_b,F,P,les boissons avec le vase qui étaient là depuis hier ne sont pas très rondes <eos>,14,rondes,ronds,12,M,S,rondes,-11.19279,ronds,-12.477434,1
2856,P_NOUN_9_ADJ_b,F,P,les boissons avec le vase qui étaient là depuis hier ne sont pas très froides <eos>,14,froides,froids,12,M,S,froides,-5.3625984,froids,-10.479879,1
2857,P_NOUN_9_ADJ_b,F,P,les boissons avec le vase qui étaient là depuis hier ne sont pas très chaudes <eos>,14,chaudes,chauds,12,M,S,chaudes,-5.780999,chauds,-7.984001,1
2858,P_NOUN_9_ADJ_b,F,P,les boissons avec le vase qui étaient là depuis hier ne sont pas très importantes <eos>,14,importantes,importants,12,M,S,importantes,-4.855128,importants,-7.7879415,1
2859,P_NOUN_9_ADJ_b,F,P,les boissons avec le vase qui étaient là depuis hier ne sont pas très courtes <eos>,14,courtes,courts,12,M,S,courtes,-7.522091,courts,-9.341135,1
2860,P_NOUN_9_ADJ_b,F,P,les boissons avec le vase qui étaient là depuis hier ne sont pas très dures <eos>,14,dures,durs,12,M,S,dures,-5.422369,durs,-7.3975973,1
2861,P_NOUN_9_ADJ_b,F,P,les boissons avec le vase qui étaient là depuis hier ne sont pas très claires <eos>,14,claires,clairs,12,M,S,claires,-4.1518307,clairs,-7.338826,1
2862,P_NOUN_9_ADJ_b,F,P,les boissons avec le vase qui étaient là depuis hier ne sont pas très intéressantes <eos>,14,intéressantes,intéressants,12,M,S,intéressantes,-6.5315013,intéressants,-8.753944,1
2863,P_NOUN_9_ADJ_b,F,P,les boissons avec le vase qui étaient là depuis hier ne sont pas très brillantes <eos>,14,brillantes,brillants,12,M,S,brillantes,-7.8680544,brillants,-9.758108,1
2864,P_NOUN_9_ADJ_b,F,P,les boissons avec le vase qui étaient là depuis hier ne sont pas très compliquées <eos>,14,compliquées,compliqués,12,M,S,compliquées,-8.666344,compliqués,-8.604382,0
2865,P_NOUN_9_ADJ_b,F,P,les boissons avec le panier qui étaient là depuis hier ne sont pas très vertes <eos>,14,vertes,verts,12,M,S,vertes,-10.224917,verts,-10.699819,1
2866,P_NOUN_9_ADJ_b,F,P,les boissons avec le panier qui étaient là depuis hier ne sont pas très bleues <eos>,14,bleues,bleus,12,M,S,bleues,-11.784732,bleus,-11.736364,0
2867,P_NOUN_9_ADJ_b,F,P,les boissons avec le panier qui étaient là depuis hier ne sont pas très noires <eos>,14,noires,noirs,12,M,S,noires,-9.845948,noirs,-12.109441,1
2868,P_NOUN_9_ADJ_b,F,P,les boissons avec le panier qui étaient là depuis hier ne sont pas très délicates <eos>,14,délicates,délicats,12,M,S,délicates,-8.47589,délicats,-9.389985,1
2869,P_NOUN_9_ADJ_b,F,P,les boissons avec le panier qui étaient là depuis hier ne sont pas très pointues <eos>,14,pointues,pointus,12,M,S,pointues,-9.677076,pointus,-12.250216,1
2870,P_NOUN_9_ADJ_b,F,P,les boissons avec le panier qui étaient là depuis hier ne sont pas très rondes <eos>,14,rondes,ronds,12,M,S,rondes,-11.044057,ronds,-12.2261,1
2871,P_NOUN_9_ADJ_b,F,P,les boissons avec le panier qui étaient là depuis hier ne sont pas très froides <eos>,14,froides,froids,12,M,S,froides,-5.277932,froids,-10.752765,1
2872,P_NOUN_9_ADJ_b,F,P,les boissons avec le panier qui étaient là depuis hier ne sont pas très chaudes <eos>,14,chaudes,chauds,12,M,S,chaudes,-6.2311535,chauds,-8.111769,1
2873,P_NOUN_9_ADJ_b,F,P,les boissons avec le panier qui étaient là depuis hier ne sont pas très importantes <eos>,14,importantes,importants,12,M,S,importantes,-5.0937395,importants,-7.742243,1
2874,P_NOUN_9_ADJ_b,F,P,les boissons avec le panier qui étaient là depuis hier ne sont pas très courtes <eos>,14,courtes,courts,12,M,S,courtes,-7.176854,courts,-8.701465,1
2875,P_NOUN_9_ADJ_b,F,P,les boissons avec le panier qui étaient là depuis hier ne sont pas très dures <eos>,14,dures,durs,12,M,S,dures,-5.496378,durs,-7.447563,1
2876,P_NOUN_9_ADJ_b,F,P,les boissons avec le panier qui étaient là depuis hier ne sont pas très claires <eos>,14,claires,clairs,12,M,S,claires,-4.277414,clairs,-7.5378165,1
2877,P_NOUN_9_ADJ_b,F,P,les boissons avec le panier qui étaient là depuis hier ne sont pas très intéressantes <eos>,14,intéressantes,intéressants,12,M,S,intéressantes,-6.762085,intéressants,-8.753894,1
2878,P_NOUN_9_ADJ_b,F,P,les boissons avec le panier qui étaient là depuis hier ne sont pas très brillantes <eos>,14,brillantes,brillants,12,M,S,brillantes,-8.484985,brillants,-9.666722,1
2879,P_NOUN_9_ADJ_b,F,P,les boissons avec le panier qui étaient là depuis hier ne sont pas très compliquées <eos>,14,compliquées,compliqués,12,M,S,compliquées,-8.815783,compliqués,-8.673141,0
2880,P_NOUN_9_ADJ_b,F,P,les boissons avec le collier qui étaient là depuis hier ne sont pas très vertes <eos>,14,vertes,verts,12,M,S,vertes,-10.180932,verts,-10.131425,0
2881,P_NOUN_9_ADJ_b,F,P,les boissons avec le collier qui étaient là depuis hier ne sont pas très bleues <eos>,14,bleues,bleus,12,M,S,bleues,-11.268534,bleus,-11.214121,0
2882,P_NOUN_9_ADJ_b,F,P,les boissons avec le collier qui étaient là depuis hier ne sont pas très noires <eos>,14,noires,noirs,12,M,S,noires,-9.685123,noirs,-11.430845,1
2883,P_NOUN_9_ADJ_b,F,P,les boissons avec le collier qui étaient là depuis hier ne sont pas très délicates <eos>,14,délicates,délicats,12,M,S,délicates,-8.217849,délicats,-9.333744,1
2884,P_NOUN_9_ADJ_b,F,P,les boissons avec le collier qui étaient là depuis hier ne sont pas très pointues <eos>,14,pointues,pointus,12,M,S,pointues,-9.406802,pointus,-11.791327,1
2885,P_NOUN_9_ADJ_b,F,P,les boissons avec le collier qui étaient là depuis hier ne sont pas très rondes <eos>,14,rondes,ronds,12,M,S,rondes,-10.834038,ronds,-12.051441,1
2886,P_NOUN_9_ADJ_b,F,P,les boissons avec le collier qui étaient là depuis hier ne sont pas très froides <eos>,14,froides,froids,12,M,S,froides,-5.284416,froids,-10.603925,1
2887,P_NOUN_9_ADJ_b,F,P,les boissons avec le collier qui étaient là depuis hier ne sont pas très chaudes <eos>,14,chaudes,chauds,12,M,S,chaudes,-6.559156,chauds,-8.114347,1
2888,P_NOUN_9_ADJ_b,F,P,les boissons avec le collier qui étaient là depuis hier ne sont pas très importantes <eos>,14,importantes,importants,12,M,S,importantes,-5.3506837,importants,-7.661301,1
2889,P_NOUN_9_ADJ_b,F,P,les boissons avec le collier qui étaient là depuis hier ne sont pas très courtes <eos>,14,courtes,courts,12,M,S,courtes,-7.3405294,courts,-8.556345,1
2890,P_NOUN_9_ADJ_b,F,P,les boissons avec le collier qui étaient là depuis hier ne sont pas très dures <eos>,14,dures,durs,12,M,S,dures,-5.2909517,durs,-7.1147766,1
2891,P_NOUN_9_ADJ_b,F,P,les boissons avec le collier qui étaient là depuis hier ne sont pas très claires <eos>,14,claires,clairs,12,M,S,claires,-4.144621,clairs,-6.847904,1
2892,P_NOUN_9_ADJ_b,F,P,les boissons avec le collier qui étaient là depuis hier ne sont pas très intéressantes <eos>,14,intéressantes,intéressants,12,M,S,intéressantes,-6.755849,intéressants,-8.349487,1
2893,P_NOUN_9_ADJ_b,F,P,les boissons avec le collier qui étaient là depuis hier ne sont pas très brillantes <eos>,14,brillantes,brillants,12,M,S,brillantes,-7.5533295,brillants,-8.872667,1
2894,P_NOUN_9_ADJ_b,F,P,les boissons avec le collier qui étaient là depuis hier ne sont pas très compliquées <eos>,14,compliquées,compliqués,12,M,S,compliquées,-8.359548,compliqués,-8.356265,0
2895,P_NOUN_9_ADJ_b,F,P,les boissons avec le chapeau qui étaient là depuis hier ne sont pas très vertes <eos>,14,vertes,verts,12,M,S,vertes,-9.866498,verts,-10.520438,1
2896,P_NOUN_9_ADJ_b,F,P,les boissons avec le chapeau qui étaient là depuis hier ne sont pas très bleues <eos>,14,bleues,bleus,12,M,S,bleues,-10.798735,bleus,-11.1374655,1
2897,P_NOUN_9_ADJ_b,F,P,les boissons avec le chapeau qui étaient là depuis hier ne sont pas très noires <eos>,14,noires,noirs,12,M,S,noires,-9.175816,noirs,-11.512186,1
2898,P_NOUN_9_ADJ_b,F,P,les boissons avec le chapeau qui étaient là depuis hier ne sont pas très délicates <eos>,14,délicates,délicats,12,M,S,délicates,-8.253871,délicats,-9.605709,1
2899,P_NOUN_9_ADJ_b,F,P,les boissons avec le chapeau qui étaient là depuis hier ne sont pas très pointues <eos>,14,pointues,pointus,12,M,S,pointues,-9.212129,pointus,-12.235464,1
2900,P_NOUN_9_ADJ_b,F,P,les boissons avec le chapeau qui étaient là depuis hier ne sont pas très rondes <eos>,14,rondes,ronds,12,M,S,rondes,-10.69967,ronds,-12.047483,1
2901,P_NOUN_9_ADJ_b,F,P,les boissons avec le chapeau qui étaient là depuis hier ne sont pas très froides <eos>,14,froides,froids,12,M,S,froides,-5.2350616,froids,-10.964889,1
2902,P_NOUN_9_ADJ_b,F,P,les boissons avec le chapeau qui étaient là depuis hier ne sont pas très chaudes <eos>,14,chaudes,chauds,12,M,S,chaudes,-6.204167,chauds,-8.145361,1
2903,P_NOUN_9_ADJ_b,F,P,les boissons avec le chapeau qui étaient là depuis hier ne sont pas très importantes <eos>,14,importantes,importants,12,M,S,importantes,-5.4902306,importants,-8.57014,1
2904,P_NOUN_9_ADJ_b,F,P,les boissons avec le chapeau qui étaient là depuis hier ne sont pas très courtes <eos>,14,courtes,courts,12,M,S,courtes,-6.9433365,courts,-8.974813,1
2905,P_NOUN_9_ADJ_b,F,P,les boissons avec le chapeau qui étaient là depuis hier ne sont pas très dures <eos>,14,dures,durs,12,M,S,dures,-5.5222836,durs,-7.5241327,1
2906,P_NOUN_9_ADJ_b,F,P,les boissons avec le chapeau qui étaient là depuis hier ne sont pas très claires <eos>,14,claires,clairs,12,M,S,claires,-3.719184,clairs,-7.0919914,1
2907,P_NOUN_9_ADJ_b,F,P,les boissons avec le chapeau qui étaient là depuis hier ne sont pas très intéressantes <eos>,14,intéressantes,intéressants,12,M,S,intéressantes,-6.802785,intéressants,-9.129046,1
2908,P_NOUN_9_ADJ_b,F,P,les boissons avec le chapeau qui étaient là depuis hier ne sont pas très brillantes <eos>,14,brillantes,brillants,12,M,S,brillantes,-7.603383,brillants,-9.604242,1
2909,P_NOUN_9_ADJ_b,F,P,les boissons avec le chapeau qui étaient là depuis hier ne sont pas très compliquées <eos>,14,compliquées,compliqués,12,M,S,compliquées,-8.549469,compliqués,-8.990622,1
2910,P_NOUN_9_ADJ_b,F,P,les boissons avec le pot qui étaient là depuis hier ne sont pas très vertes <eos>,14,vertes,verts,12,M,S,vertes,-9.881566,verts,-10.3436365,1
2911,P_NOUN_9_ADJ_b,F,P,les boissons avec le pot qui étaient là depuis hier ne sont pas très bleues <eos>,14,bleues,bleus,12,M,S,bleues,-11.486748,bleus,-11.479328,0
2912,P_NOUN_9_ADJ_b,F,P,les boissons avec le pot qui étaient là depuis hier ne sont pas très noires <eos>,14,noires,noirs,12,M,S,noires,-9.751709,noirs,-11.988608,1
2913,P_NOUN_9_ADJ_b,F,P,les boissons avec le pot qui étaient là depuis hier ne sont pas très délicates <eos>,14,délicates,délicats,12,M,S,délicates,-8.242766,délicats,-9.214901,1
2914,P_NOUN_9_ADJ_b,F,P,les boissons avec le pot qui étaient là depuis hier ne sont pas très pointues <eos>,14,pointues,pointus,12,M,S,pointues,-9.963907,pointus,-12.487864,1
2915,P_NOUN_9_ADJ_b,F,P,les boissons avec le pot qui étaient là depuis hier ne sont pas très rondes <eos>,14,rondes,ronds,12,M,S,rondes,-11.238638,ronds,-12.373387,1
2916,P_NOUN_9_ADJ_b,F,P,les boissons avec le pot qui étaient là depuis hier ne sont pas très froides <eos>,14,froides,froids,12,M,S,froides,-5.064267,froids,-10.175088,1
2917,P_NOUN_9_ADJ_b,F,P,les boissons avec le pot qui étaient là depuis hier ne sont pas très chaudes <eos>,14,chaudes,chauds,12,M,S,chaudes,-5.665339,chauds,-7.8336205,1
2918,P_NOUN_9_ADJ_b,F,P,les boissons avec le pot qui étaient là depuis hier ne sont pas très importantes <eos>,14,importantes,importants,12,M,S,importantes,-4.9139595,importants,-7.895232,1
2919,P_NOUN_9_ADJ_b,F,P,les boissons avec le pot qui étaient là depuis hier ne sont pas très courtes <eos>,14,courtes,courts,12,M,S,courtes,-7.493443,courts,-9.017742,1
2920,P_NOUN_9_ADJ_b,F,P,les boissons avec le pot qui étaient là depuis hier ne sont pas très dures <eos>,14,dures,durs,12,M,S,dures,-5.4502096,durs,-7.4827595,1
2921,P_NOUN_9_ADJ_b,F,P,les boissons avec le pot qui étaient là depuis hier ne sont pas très claires <eos>,14,claires,clairs,12,M,S,claires,-4.0014534,clairs,-7.411229,1
2922,P_NOUN_9_ADJ_b,F,P,les boissons avec le pot qui étaient là depuis hier ne sont pas très intéressantes <eos>,14,intéressantes,intéressants,12,M,S,intéressantes,-6.480023,intéressants,-8.818733,1
2923,P_NOUN_9_ADJ_b,F,P,les boissons avec le pot qui étaient là depuis hier ne sont pas très brillantes <eos>,14,brillantes,brillants,12,M,S,brillantes,-8.0432,brillants,-9.494169,1
2924,P_NOUN_9_ADJ_b,F,P,les boissons avec le pot qui étaient là depuis hier ne sont pas très compliquées <eos>,14,compliquées,compliqués,12,M,S,compliquées,-8.955774,compliqués,-8.9597225,1
2925,P_NOUN_9_ADJ_b,F,P,les boissons avec le coussin qui étaient là depuis hier ne sont pas très vertes <eos>,14,vertes,verts,12,M,S,vertes,-10.256592,verts,-11.173765,1
2926,P_NOUN_9_ADJ_b,F,P,les boissons avec le coussin qui étaient là depuis hier ne sont pas très bleues <eos>,14,bleues,bleus,12,M,S,bleues,-11.289595,bleus,-11.454159,1
2927,P_NOUN_9_ADJ_b,F,P,les boissons avec le coussin qui étaient là depuis hier ne sont pas très noires <eos>,14,noires,noirs,12,M,S,noires,-9.525136,noirs,-11.801712,1
2928,P_NOUN_9_ADJ_b,F,P,les boissons avec le coussin qui étaient là depuis hier ne sont pas très délicates <eos>,14,délicates,délicats,12,M,S,délicates,-8.857463,délicats,-9.651675,1
2929,P_NOUN_9_ADJ_b,F,P,les boissons avec le coussin qui étaient là depuis hier ne sont pas très pointues <eos>,14,pointues,pointus,12,M,S,pointues,-9.215262,pointus,-12.059699,1
2930,P_NOUN_9_ADJ_b,F,P,les boissons avec le coussin qui étaient là depuis hier ne sont pas très rondes <eos>,14,rondes,ronds,12,M,S,rondes,-10.579804,ronds,-12.242994,1
2931,P_NOUN_9_ADJ_b,F,P,les boissons avec le coussin qui étaient là depuis hier ne sont pas très froides <eos>,14,froides,froids,12,M,S,froides,-5.4534006,froids,-10.961865,1
2932,P_NOUN_9_ADJ_b,F,P,les boissons avec le coussin qui étaient là depuis hier ne sont pas très chaudes <eos>,14,chaudes,chauds,12,M,S,chaudes,-6.673294,chauds,-8.467815,1
2933,P_NOUN_9_ADJ_b,F,P,les boissons avec le coussin qui étaient là depuis hier ne sont pas très importantes <eos>,14,importantes,importants,12,M,S,importantes,-5.5135503,importants,-8.33951,1
2934,P_NOUN_9_ADJ_b,F,P,les boissons avec le coussin qui étaient là depuis hier ne sont pas très courtes <eos>,14,courtes,courts,12,M,S,courtes,-6.4057403,courts,-8.516651,1
2935,P_NOUN_9_ADJ_b,F,P,les boissons avec le coussin qui étaient là depuis hier ne sont pas très dures <eos>,14,dures,durs,12,M,S,dures,-5.4253907,durs,-7.50703,1
2936,P_NOUN_9_ADJ_b,F,P,les boissons avec le coussin qui étaient là depuis hier ne sont pas très claires <eos>,14,claires,clairs,12,M,S,claires,-4.273552,clairs,-7.612399,1
2937,P_NOUN_9_ADJ_b,F,P,les boissons avec le coussin qui étaient là depuis hier ne sont pas très intéressantes <eos>,14,intéressantes,intéressants,12,M,S,intéressantes,-7.2158384,intéressants,-9.257626,1
2938,P_NOUN_9_ADJ_b,F,P,les boissons avec le coussin qui étaient là depuis hier ne sont pas très brillantes <eos>,14,brillantes,brillants,12,M,S,brillantes,-8.117476,brillants,-9.904396,1
2939,P_NOUN_9_ADJ_b,F,P,les boissons avec le coussin qui étaient là depuis hier ne sont pas très compliquées <eos>,14,compliquées,compliqués,12,M,S,compliquées,-8.0082855,compliqués,-8.585775,1
2940,P_NOUN_9_ADJ_b,F,P,les boissons avec le jouet qui étaient là depuis hier ne sont pas très vertes <eos>,14,vertes,verts,12,M,S,vertes,-10.045082,verts,-10.55648,1
2941,P_NOUN_9_ADJ_b,F,P,les boissons avec le jouet qui étaient là depuis hier ne sont pas très bleues <eos>,14,bleues,bleus,12,M,S,bleues,-11.314477,bleus,-11.469012,1
2942,P_NOUN_9_ADJ_b,F,P,les boissons avec le jouet qui étaient là depuis hier ne sont pas très noires <eos>,14,noires,noirs,12,M,S,noires,-9.766037,noirs,-11.919811,1
2943,P_NOUN_9_ADJ_b,F,P,les boissons avec le jouet qui étaient là depuis hier ne sont pas très délicates <eos>,14,délicates,délicats,12,M,S,délicates,-8.447805,délicats,-9.449004,1
2944,P_NOUN_9_ADJ_b,F,P,les boissons avec le jouet qui étaient là depuis hier ne sont pas très pointues <eos>,14,pointues,pointus,12,M,S,pointues,-9.516819,pointus,-12.221876,1
2945,P_NOUN_9_ADJ_b,F,P,les boissons avec le jouet qui étaient là depuis hier ne sont pas très rondes <eos>,14,rondes,ronds,12,M,S,rondes,-10.870346,ronds,-12.512203,1
2946,P_NOUN_9_ADJ_b,F,P,les boissons avec le jouet qui étaient là depuis hier ne sont pas très froides <eos>,14,froides,froids,12,M,S,froides,-5.4959087,froids,-10.707787,1
2947,P_NOUN_9_ADJ_b,F,P,les boissons avec le jouet qui étaient là depuis hier ne sont pas très chaudes <eos>,14,chaudes,chauds,12,M,S,chaudes,-6.3619537,chauds,-8.561201,1
2948,P_NOUN_9_ADJ_b,F,P,les boissons avec le jouet qui étaient là depuis hier ne sont pas très importantes <eos>,14,importantes,importants,12,M,S,importantes,-5.4370866,importants,-8.305801,1
2949,P_NOUN_9_ADJ_b,F,P,les boissons avec le jouet qui étaient là depuis hier ne sont pas très courtes <eos>,14,courtes,courts,12,M,S,courtes,-7.071004,courts,-8.914412,1
2950,P_NOUN_9_ADJ_b,F,P,les boissons avec le jouet qui étaient là depuis hier ne sont pas très dures <eos>,14,dures,durs,12,M,S,dures,-5.5989523,durs,-7.5546875,1
2951,P_NOUN_9_ADJ_b,F,P,les boissons avec le jouet qui étaient là depuis hier ne sont pas très claires <eos>,14,claires,clairs,12,M,S,claires,-3.9339364,clairs,-7.460881,1
2952,P_NOUN_9_ADJ_b,F,P,les boissons avec le jouet qui étaient là depuis hier ne sont pas très intéressantes <eos>,14,intéressantes,intéressants,12,M,S,intéressantes,-6.862668,intéressants,-8.903752,1
2953,P_NOUN_9_ADJ_b,F,P,les boissons avec le jouet qui étaient là depuis hier ne sont pas très brillantes <eos>,14,brillantes,brillants,12,M,S,brillantes,-7.8087873,brillants,-9.805007,1
2954,P_NOUN_9_ADJ_b,F,P,les boissons avec le jouet qui étaient là depuis hier ne sont pas très compliquées <eos>,14,compliquées,compliqués,12,M,S,compliquées,-8.366152,compliqués,-8.738169,1
2955,P_NOUN_9_ADJ_b,F,P,les boissons avec le clou qui étaient là depuis hier ne sont pas très vertes <eos>,14,vertes,verts,12,M,S,vertes,-9.8313465,verts,-10.765062,1
2956,P_NOUN_9_ADJ_b,F,P,les boissons avec le clou qui étaient là depuis hier ne sont pas très bleues <eos>,14,bleues,bleus,12,M,S,bleues,-10.796924,bleus,-11.1276245,1
2957,P_NOUN_9_ADJ_b,F,P,les boissons avec le clou qui étaient là depuis hier ne sont pas très noires <eos>,14,noires,noirs,12,M,S,noires,-9.370316,noirs,-11.881486,1
2958,P_NOUN_9_ADJ_b,F,P,les boissons avec le clou qui étaient là depuis hier ne sont pas très délicates <eos>,14,délicates,délicats,12,M,S,délicates,-7.93169,délicats,-9.248105,1
2959,P_NOUN_9_ADJ_b,F,P,les boissons avec le clou qui étaient là depuis hier ne sont pas très pointues <eos>,14,pointues,pointus,12,M,S,pointues,-9.44138,pointus,-11.974808,1
2960,P_NOUN_9_ADJ_b,F,P,les boissons avec le clou qui étaient là depuis hier ne sont pas très rondes <eos>,14,rondes,ronds,12,M,S,rondes,-10.536435,ronds,-11.78655,1
2961,P_NOUN_9_ADJ_b,F,P,les boissons avec le clou qui étaient là depuis hier ne sont pas très froides <eos>,14,froides,froids,12,M,S,froides,-5.3622575,froids,-11.125324,1
2962,P_NOUN_9_ADJ_b,F,P,les boissons avec le clou qui étaient là depuis hier ne sont pas très chaudes <eos>,14,chaudes,chauds,12,M,S,chaudes,-6.4714985,chauds,-8.62115,1
2963,P_NOUN_9_ADJ_b,F,P,les boissons avec le clou qui étaient là depuis hier ne sont pas très importantes <eos>,14,importantes,importants,12,M,S,importantes,-5.2118034,importants,-8.359551,1
2964,P_NOUN_9_ADJ_b,F,P,les boissons avec le clou qui étaient là depuis hier ne sont pas très courtes <eos>,14,courtes,courts,12,M,S,courtes,-6.771964,courts,-8.791584,1
2965,P_NOUN_9_ADJ_b,F,P,les boissons avec le clou qui étaient là depuis hier ne sont pas très dures <eos>,14,dures,durs,12,M,S,dures,-5.636856,durs,-7.719905,1
2966,P_NOUN_9_ADJ_b,F,P,les boissons avec le clou qui étaient là depuis hier ne sont pas très claires <eos>,14,claires,clairs,12,M,S,claires,-4.1633368,clairs,-7.2748394,1
2967,P_NOUN_9_ADJ_b,F,P,les boissons avec le clou qui étaient là depuis hier ne sont pas très intéressantes <eos>,14,intéressantes,intéressants,12,M,S,intéressantes,-6.5662184,intéressants,-8.9800205,1
2968,P_NOUN_9_ADJ_b,F,P,les boissons avec le clou qui étaient là depuis hier ne sont pas très brillantes <eos>,14,brillantes,brillants,12,M,S,brillantes,-7.617504,brillants,-9.707888,1
2969,P_NOUN_9_ADJ_b,F,P,les boissons avec le clou qui étaient là depuis hier ne sont pas très compliquées <eos>,14,compliquées,compliqués,12,M,S,compliquées,-8.170402,compliqués,-8.500001,1
2970,P_NOUN_9_ADJ_b,F,P,les boissons avec le billet qui étaient là depuis hier ne sont pas très vertes <eos>,14,vertes,verts,12,M,S,vertes,-10.694586,verts,-11.135476,1
2971,P_NOUN_9_ADJ_b,F,P,les boissons avec le billet qui étaient là depuis hier ne sont pas très bleues <eos>,14,bleues,bleus,12,M,S,bleues,-11.831397,bleus,-11.797452,0
2972,P_NOUN_9_ADJ_b,F,P,les boissons avec le billet qui étaient là depuis hier ne sont pas très noires <eos>,14,noires,noirs,12,M,S,noires,-10.518494,noirs,-12.104903,1
2973,P_NOUN_9_ADJ_b,F,P,les boissons avec le billet qui étaient là depuis hier ne sont pas très délicates <eos>,14,délicates,délicats,12,M,S,délicates,-8.590614,délicats,-9.902712,1
2974,P_NOUN_9_ADJ_b,F,P,les boissons avec le billet qui étaient là depuis hier ne sont pas très pointues <eos>,14,pointues,pointus,12,M,S,pointues,-9.789493,pointus,-12.476386,1
2975,P_NOUN_9_ADJ_b,F,P,les boissons avec le billet qui étaient là depuis hier ne sont pas très rondes <eos>,14,rondes,ronds,12,M,S,rondes,-11.563942,ronds,-12.767674,1
2976,P_NOUN_9_ADJ_b,F,P,les boissons avec le billet qui étaient là depuis hier ne sont pas très froides <eos>,14,froides,froids,12,M,S,froides,-5.709853,froids,-11.376859,1
2977,P_NOUN_9_ADJ_b,F,P,les boissons avec le billet qui étaient là depuis hier ne sont pas très chaudes <eos>,14,chaudes,chauds,12,M,S,chaudes,-7.066594,chauds,-8.693142,1
2978,P_NOUN_9_ADJ_b,F,P,les boissons avec le billet qui étaient là depuis hier ne sont pas très importantes <eos>,14,importantes,importants,12,M,S,importantes,-4.9022555,importants,-7.712316,1
2979,P_NOUN_9_ADJ_b,F,P,les boissons avec le billet qui étaient là depuis hier ne sont pas très courtes <eos>,14,courtes,courts,12,M,S,courtes,-6.8969193,courts,-8.698037,1
2980,P_NOUN_9_ADJ_b,F,P,les boissons avec le billet qui étaient là depuis hier ne sont pas très dures <eos>,14,dures,durs,12,M,S,dures,-5.3723392,durs,-7.770258,1
2981,P_NOUN_9_ADJ_b,F,P,les boissons avec le billet qui étaient là depuis hier ne sont pas très claires <eos>,14,claires,clairs,12,M,S,claires,-4.821781,clairs,-7.587862,1
2982,P_NOUN_9_ADJ_b,F,P,les boissons avec le billet qui étaient là depuis hier ne sont pas très intéressantes <eos>,14,intéressantes,intéressants,12,M,S,intéressantes,-6.6888247,intéressants,-8.526596,1
2983,P_NOUN_9_ADJ_b,F,P,les boissons avec le billet qui étaient là depuis hier ne sont pas très brillantes <eos>,14,brillantes,brillants,12,M,S,brillantes,-8.375491,brillants,-9.559196,1
2984,P_NOUN_9_ADJ_b,F,P,les boissons avec le billet qui étaient là depuis hier ne sont pas très compliquées <eos>,14,compliquées,compliqués,12,M,S,compliquées,-8.497965,compliqués,-8.752421,1
2985,P_NOUN_9_ADJ_b,F,P,les boissons avec le légume qui étaient là depuis hier ne sont pas très vertes <eos>,14,vertes,verts,12,M,S,vertes,-9.960569,verts,-10.793688,1
2986,P_NOUN_9_ADJ_b,F,P,les boissons avec le légume qui étaient là depuis hier ne sont pas très bleues <eos>,14,bleues,bleus,12,M,S,bleues,-11.732148,bleus,-11.858236,1
2987,P_NOUN_9_ADJ_b,F,P,les boissons avec le légume qui étaient là depuis hier ne sont pas très noires <eos>,14,noires,noirs,12,M,S,noires,-9.897163,noirs,-12.043554,1
2988,P_NOUN_9_ADJ_b,F,P,les boissons avec le légume qui étaient là depuis hier ne sont pas très délicates <eos>,14,délicates,délicats,12,M,S,délicates,-7.8857336,délicats,-9.256408,1
2989,P_NOUN_9_ADJ_b,F,P,les boissons avec le légume qui étaient là depuis hier ne sont pas très pointues <eos>,14,pointues,pointus,12,M,S,pointues,-9.988323,pointus,-13.063328,1
2990,P_NOUN_9_ADJ_b,F,P,les boissons avec le légume qui étaient là depuis hier ne sont pas très rondes <eos>,14,rondes,ronds,12,M,S,rondes,-11.122183,ronds,-12.457648,1
2991,P_NOUN_9_ADJ_b,F,P,les boissons avec le légume qui étaient là depuis hier ne sont pas très froides <eos>,14,froides,froids,12,M,S,froides,-4.950142,froids,-9.573977,1
2992,P_NOUN_9_ADJ_b,F,P,les boissons avec le légume qui étaient là depuis hier ne sont pas très chaudes <eos>,14,chaudes,chauds,12,M,S,chaudes,-5.0993648,chauds,-8.016705,1
2993,P_NOUN_9_ADJ_b,F,P,les boissons avec le légume qui étaient là depuis hier ne sont pas très importantes <eos>,14,importantes,importants,12,M,S,importantes,-4.7697277,importants,-8.155561,1
2994,P_NOUN_9_ADJ_b,F,P,les boissons avec le légume qui étaient là depuis hier ne sont pas très courtes <eos>,14,courtes,courts,12,M,S,courtes,-7.624217,courts,-9.764399,1
2995,P_NOUN_9_ADJ_b,F,P,les boissons avec le légume qui étaient là depuis hier ne sont pas très dures <eos>,14,dures,durs,12,M,S,dures,-5.2858534,durs,-7.9326067,1
2996,P_NOUN_9_ADJ_b,F,P,les boissons avec le légume qui étaient là depuis hier ne sont pas très claires <eos>,14,claires,clairs,12,M,S,claires,-3.7839983,clairs,-7.808426,1
2997,P_NOUN_9_ADJ_b,F,P,les boissons avec le légume qui étaient là depuis hier ne sont pas très intéressantes <eos>,14,intéressantes,intéressants,12,M,S,intéressantes,-6.6006365,intéressants,-9.463519,1
2998,P_NOUN_9_ADJ_b,F,P,les boissons avec le légume qui étaient là depuis hier ne sont pas très brillantes <eos>,14,brillantes,brillants,12,M,S,brillantes,-7.579177,brillants,-9.873287,1
2999,P_NOUN_9_ADJ_b,F,P,les boissons avec le légume qui étaient là depuis hier ne sont pas très compliquées <eos>,14,compliquées,compliqués,12,M,S,compliquées,-9.1467495,compliqués,-9.722418,1
3000,P_NOUN_9_ADJ_b,F,P,les pommes avec le bracelet qui étaient là depuis hier ne sont pas très vertes <eos>,14,vertes,verts,12,M,S,vertes,-10.327009,verts,-9.378115,0
3001,P_NOUN_9_ADJ_b,F,P,les pommes avec le bracelet qui étaient là depuis hier ne sont pas très bleues <eos>,14,bleues,bleus,12,M,S,bleues,-11.545225,bleus,-10.810659,0
3002,P_NOUN_9_ADJ_b,F,P,les pommes avec le bracelet qui étaient là depuis hier ne sont pas très noires <eos>,14,noires,noirs,12,M,S,noires,-9.586056,noirs,-10.657964,1
3003,P_NOUN_9_ADJ_b,F,P,les pommes avec le bracelet qui étaient là depuis hier ne sont pas très délicates <eos>,14,délicates,délicats,12,M,S,délicates,-8.419174,délicats,-9.10959,1
3004,P_NOUN_9_ADJ_b,F,P,les pommes avec le bracelet qui étaient là depuis hier ne sont pas très pointues <eos>,14,pointues,pointus,12,M,S,pointues,-9.058668,pointus,-10.917362,1
3005,P_NOUN_9_ADJ_b,F,P,les pommes avec le bracelet qui étaient là depuis hier ne sont pas très rondes <eos>,14,rondes,ronds,12,M,S,rondes,-10.73323,ronds,-11.617278,1
3006,P_NOUN_9_ADJ_b,F,P,les pommes avec le bracelet qui étaient là depuis hier ne sont pas très froides <eos>,14,froides,froids,12,M,S,froides,-5.8497705,froids,-10.054929,1
3007,P_NOUN_9_ADJ_b,F,P,les pommes avec le bracelet qui étaient là depuis hier ne sont pas très chaudes <eos>,14,chaudes,chauds,12,M,S,chaudes,-6.85788,chauds,-7.3875613,1
3008,P_NOUN_9_ADJ_b,F,P,les pommes avec le bracelet qui étaient là depuis hier ne sont pas très importantes <eos>,14,importantes,importants,12,M,S,importantes,-5.762315,importants,-6.957305,1
3009,P_NOUN_9_ADJ_b,F,P,les pommes avec le bracelet qui étaient là depuis hier ne sont pas très courtes <eos>,14,courtes,courts,12,M,S,courtes,-7.7329564,courts,-7.989736,1
3010,P_NOUN_9_ADJ_b,F,P,les pommes avec le bracelet qui étaient là depuis hier ne sont pas très dures <eos>,14,dures,durs,12,M,S,dures,-5.311846,durs,-6.0604057,1
3011,P_NOUN_9_ADJ_b,F,P,les pommes avec le bracelet qui étaient là depuis hier ne sont pas très claires <eos>,14,claires,clairs,12,M,S,claires,-4.715603,clairs,-5.9426355,1
3012,P_NOUN_9_ADJ_b,F,P,les pommes avec le bracelet qui étaient là depuis hier ne sont pas très intéressantes <eos>,14,intéressantes,intéressants,12,M,S,intéressantes,-6.8678684,intéressants,-7.5683336,1
3013,P_NOUN_9_ADJ_b,F,P,les pommes avec le bracelet qui étaient là depuis hier ne sont pas très brillantes <eos>,14,brillantes,brillants,12,M,S,brillantes,-7.5690565,brillants,-7.6460466,1
3014,P_NOUN_9_ADJ_b,F,P,les pommes avec le bracelet qui étaient là depuis hier ne sont pas très compliquées <eos>,14,compliquées,compliqués,12,M,S,compliquées,-8.052617,compliqués,-7.4620113,0
3015,P_NOUN_9_ADJ_b,F,P,les pommes avec le miroir qui étaient là depuis hier ne sont pas très vertes <eos>,14,vertes,verts,12,M,S,vertes,-9.716913,verts,-10.312979,1
3016,P_NOUN_9_ADJ_b,F,P,les pommes avec le miroir qui étaient là depuis hier ne sont pas très bleues <eos>,14,bleues,bleus,12,M,S,bleues,-10.962153,bleus,-10.953275,0
3017,P_NOUN_9_ADJ_b,F,P,les pommes avec le miroir qui étaient là depuis hier ne sont pas très noires <eos>,14,noires,noirs,12,M,S,noires,-9.121328,noirs,-10.705372,1
3018,P_NOUN_9_ADJ_b,F,P,les pommes avec le miroir qui étaient là depuis hier ne sont pas très délicates <eos>,14,délicates,délicats,12,M,S,délicates,-8.171879,délicats,-8.186457,1
3019,P_NOUN_9_ADJ_b,F,P,les pommes avec le miroir qui étaient là depuis hier ne sont pas très pointues <eos>,14,pointues,pointus,12,M,S,pointues,-8.727498,pointus,-10.764811,1
3020,P_NOUN_9_ADJ_b,F,P,les pommes avec le miroir qui étaient là depuis hier ne sont pas très rondes <eos>,14,rondes,ronds,12,M,S,rondes,-9.786759,ronds,-10.819965,1
3021,P_NOUN_9_ADJ_b,F,P,les pommes avec le miroir qui étaient là depuis hier ne sont pas très froides <eos>,14,froides,froids,12,M,S,froides,-5.700908,froids,-9.561111,1
3022,P_NOUN_9_ADJ_b,F,P,les pommes avec le miroir qui étaient là depuis hier ne sont pas très chaudes <eos>,14,chaudes,chauds,12,M,S,chaudes,-6.178509,chauds,-7.9365125,1
3023,P_NOUN_9_ADJ_b,F,P,les pommes avec le miroir qui étaient là depuis hier ne sont pas très importantes <eos>,14,importantes,importants,12,M,S,importantes,-5.5603075,importants,-7.5877085,1
3024,P_NOUN_9_ADJ_b,F,P,les pommes avec le miroir qui étaient là depuis hier ne sont pas très courtes <eos>,14,courtes,courts,12,M,S,courtes,-6.4595175,courts,-7.796463,1
3025,P_NOUN_9_ADJ_b,F,P,les pommes avec le miroir qui étaient là depuis hier ne sont pas très dures <eos>,14,dures,durs,12,M,S,dures,-5.1925917,durs,-6.776211,1
3026,P_NOUN_9_ADJ_b,F,P,les pommes avec le miroir qui étaient là depuis hier ne sont pas très claires <eos>,14,claires,clairs,12,M,S,claires,-4.3708496,clairs,-6.3397026,1
3027,P_NOUN_9_ADJ_b,F,P,les pommes avec le miroir qui étaient là depuis hier ne sont pas très intéressantes <eos>,14,intéressantes,intéressants,12,M,S,intéressantes,-6.5861583,intéressants,-8.182831,1
3028,P_NOUN_9_ADJ_b,F,P,les pommes avec le miroir qui étaient là depuis hier ne sont pas très brillantes <eos>,14,brillantes,brillants,12,M,S,brillantes,-6.384009,brillants,-8.132469,1
3029,P_NOUN_9_ADJ_b,F,P,les pommes avec le miroir qui étaient là depuis hier ne sont pas très compliquées <eos>,14,compliquées,compliqués,12,M,S,compliquées,-7.46844,compliqués,-7.6874094,1
3030,P_NOUN_9_ADJ_b,F,P,les pommes avec le crayon qui étaient là depuis hier ne sont pas très vertes <eos>,14,vertes,verts,12,M,S,vertes,-9.602959,verts,-10.066767,1
3031,P_NOUN_9_ADJ_b,F,P,les pommes avec le crayon qui étaient là depuis hier ne sont pas très bleues <eos>,14,bleues,bleus,12,M,S,bleues,-11.088822,bleus,-11.050954,0
3032,P_NOUN_9_ADJ_b,F,P,les pommes avec le crayon qui étaient là depuis hier ne sont pas très noires <eos>,14,noires,noirs,12,M,S,noires,-9.279496,noirs,-10.851641,1
3033,P_NOUN_9_ADJ_b,F,P,les pommes avec le crayon qui étaient là depuis hier ne sont pas très délicates <eos>,14,délicates,délicats,12,M,S,délicates,-8.205467,délicats,-8.183003,0
3034,P_NOUN_9_ADJ_b,F,P,les pommes avec le crayon qui étaient là depuis hier ne sont pas très pointues <eos>,14,pointues,pointus,12,M,S,pointues,-9.490356,pointus,-11.071211,1
3035,P_NOUN_9_ADJ_b,F,P,les pommes avec le crayon qui étaient là depuis hier ne sont pas très rondes <eos>,14,rondes,ronds,12,M,S,rondes,-10.527006,ronds,-10.790285,1
3036,P_NOUN_9_ADJ_b,F,P,les pommes avec le crayon qui étaient là depuis hier ne sont pas très froides <eos>,14,froides,froids,12,M,S,froides,-5.909356,froids,-9.9005165,1
3037,P_NOUN_9_ADJ_b,F,P,les pommes avec le crayon qui étaient là depuis hier ne sont pas très chaudes <eos>,14,chaudes,chauds,12,M,S,chaudes,-6.5651307,chauds,-8.127506,1
3038,P_NOUN_9_ADJ_b,F,P,les pommes avec le crayon qui étaient là depuis hier ne sont pas très importantes <eos>,14,importantes,importants,12,M,S,importantes,-5.742611,importants,-7.5512276,1
3039,P_NOUN_9_ADJ_b,F,P,les pommes avec le crayon qui étaient là depuis hier ne sont pas très courtes <eos>,14,courtes,courts,12,M,S,courtes,-7.09614,courts,-8.137133,1
3040,P_NOUN_9_ADJ_b,F,P,les pommes avec le crayon qui étaient là depuis hier ne sont pas très dures <eos>,14,dures,durs,12,M,S,dures,-5.1046343,durs,-6.2810965,1
3041,P_NOUN_9_ADJ_b,F,P,les pommes avec le crayon qui étaient là depuis hier ne sont pas très claires <eos>,14,claires,clairs,12,M,S,claires,-4.354464,clairs,-5.8564677,1
3042,P_NOUN_9_ADJ_b,F,P,les pommes avec le crayon qui étaient là depuis hier ne sont pas très intéressantes <eos>,14,intéressantes,intéressants,12,M,S,intéressantes,-6.6684093,intéressants,-8.047343,1
3043,P_NOUN_9_ADJ_b,F,P,les pommes avec le crayon qui étaient là depuis hier ne sont pas très brillantes <eos>,14,brillantes,brillants,12,M,S,brillantes,-6.5582333,brillants,-8.116401,1
3044,P_NOUN_9_ADJ_b,F,P,les pommes avec le crayon qui étaient là depuis hier ne sont pas très compliquées <eos>,14,compliquées,compliqués,12,M,S,compliquées,-8.046734,compliqués,-7.516216,0
3045,P_NOUN_9_ADJ_b,F,P,les pommes avec le rideau qui étaient là depuis hier ne sont pas très vertes <eos>,14,vertes,verts,12,M,S,vertes,-10.226682,verts,-10.572867,1
3046,P_NOUN_9_ADJ_b,F,P,les pommes avec le rideau qui étaient là depuis hier ne sont pas très bleues <eos>,14,bleues,bleus,12,M,S,bleues,-10.725297,bleus,-10.819139,1
3047,P_NOUN_9_ADJ_b,F,P,les pommes avec le rideau qui étaient là depuis hier ne sont pas très noires <eos>,14,noires,noirs,12,M,S,noires,-8.856438,noirs,-10.78842,1
3048,P_NOUN_9_ADJ_b,F,P,les pommes avec le rideau qui étaient là depuis hier ne sont pas très délicates <eos>,14,délicates,délicats,12,M,S,délicates,-8.001783,délicats,-8.741343,1
3049,P_NOUN_9_ADJ_b,F,P,les pommes avec le rideau qui étaient là depuis hier ne sont pas très pointues <eos>,14,pointues,pointus,12,M,S,pointues,-8.850822,pointus,-11.447029,1
3050,P_NOUN_9_ADJ_b,F,P,les pommes avec le rideau qui étaient là depuis hier ne sont pas très rondes <eos>,14,rondes,ronds,12,M,S,rondes,-9.9229355,ronds,-10.905817,1
3051,P_NOUN_9_ADJ_b,F,P,les pommes avec le rideau qui étaient là depuis hier ne sont pas très froides <eos>,14,froides,froids,12,M,S,froides,-5.6390815,froids,-9.798567,1
3052,P_NOUN_9_ADJ_b,F,P,les pommes avec le rideau qui étaient là depuis hier ne sont pas très chaudes <eos>,14,chaudes,chauds,12,M,S,chaudes,-6.389074,chauds,-8.102295,1
3053,P_NOUN_9_ADJ_b,F,P,les pommes avec le rideau qui étaient là depuis hier ne sont pas très importantes <eos>,14,importantes,importants,12,M,S,importantes,-5.2717075,importants,-7.616948,1
3054,P_NOUN_9_ADJ_b,F,P,les pommes avec le rideau qui étaient là depuis hier ne sont pas très courtes <eos>,14,courtes,courts,12,M,S,courtes,-6.5107393,courts,-8.298406,1
3055,P_NOUN_9_ADJ_b,F,P,les pommes avec le rideau qui étaient là depuis hier ne sont pas très dures <eos>,14,dures,durs,12,M,S,dures,-5.039018,durs,-6.8534856,1
3056,P_NOUN_9_ADJ_b,F,P,les pommes avec le rideau qui étaient là depuis hier ne sont pas très claires <eos>,14,claires,clairs,12,M,S,claires,-4.1403055,clairs,-6.3394995,1
3057,P_NOUN_9_ADJ_b,F,P,les pommes avec le rideau qui étaient là depuis hier ne sont pas très intéressantes <eos>,14,intéressantes,intéressants,12,M,S,intéressantes,-6.7299795,intéressants,-8.620298,1
3058,P_NOUN_9_ADJ_b,F,P,les pommes avec le rideau qui étaient là depuis hier ne sont pas très brillantes <eos>,14,brillantes,brillants,12,M,S,brillantes,-6.5878057,brillants,-8.90043,1
3059,P_NOUN_9_ADJ_b,F,P,les pommes avec le rideau qui étaient là depuis hier ne sont pas très compliquées <eos>,14,compliquées,compliqués,12,M,S,compliquées,-7.8910522,compliqués,-8.246866,1
3060,P_NOUN_9_ADJ_b,F,P,les pommes avec le cahier qui étaient là depuis hier ne sont pas très vertes <eos>,14,vertes,verts,12,M,S,vertes,-10.324759,verts,-10.143765,0
3061,P_NOUN_9_ADJ_b,F,P,les pommes avec le cahier qui étaient là depuis hier ne sont pas très bleues <eos>,14,bleues,bleus,12,M,S,bleues,-11.763838,bleus,-11.108679,0
3062,P_NOUN_9_ADJ_b,F,P,les pommes avec le cahier qui étaient là depuis hier ne sont pas très noires <eos>,14,noires,noirs,12,M,S,noires,-9.801249,noirs,-10.628239,1
3063,P_NOUN_9_ADJ_b,F,P,les pommes avec le cahier qui étaient là depuis hier ne sont pas très délicates <eos>,14,délicates,délicats,12,M,S,délicates,-8.00255,délicats,-8.0312,1
3064,P_NOUN_9_ADJ_b,F,P,les pommes avec le cahier qui étaient là depuis hier ne sont pas très pointues <eos>,14,pointues,pointus,12,M,S,pointues,-9.313541,pointus,-10.825329,1
3065,P_NOUN_9_ADJ_b,F,P,les pommes avec le cahier qui étaient là depuis hier ne sont pas très rondes <eos>,14,rondes,ronds,12,M,S,rondes,-10.39467,ronds,-10.936385,1
3066,P_NOUN_9_ADJ_b,F,P,les pommes avec le cahier qui étaient là depuis hier ne sont pas très froides <eos>,14,froides,froids,12,M,S,froides,-5.664058,froids,-9.043015,1
3067,P_NOUN_9_ADJ_b,F,P,les pommes avec le cahier qui étaient là depuis hier ne sont pas très chaudes <eos>,14,chaudes,chauds,12,M,S,chaudes,-6.4452453,chauds,-7.2640347,1
3068,P_NOUN_9_ADJ_b,F,P,les pommes avec le cahier qui étaient là depuis hier ne sont pas très importantes <eos>,14,importantes,importants,12,M,S,importantes,-5.643876,importants,-6.4808273,1
3069,P_NOUN_9_ADJ_b,F,P,les pommes avec le cahier qui étaient là depuis hier ne sont pas très courtes <eos>,14,courtes,courts,12,M,S,courtes,-6.907835,courts,-7.364732,1
3070,P_NOUN_9_ADJ_b,F,P,les pommes avec le cahier qui étaient là depuis hier ne sont pas très dures <eos>,14,dures,durs,12,M,S,dures,-5.1217804,durs,-6.270005,1
3071,P_NOUN_9_ADJ_b,F,P,les pommes avec le cahier qui étaient là depuis hier ne sont pas très claires <eos>,14,claires,clairs,12,M,S,claires,-4.3702,clairs,-5.7096596,1
3072,P_NOUN_9_ADJ_b,F,P,les pommes avec le cahier qui étaient là depuis hier ne sont pas très intéressantes <eos>,14,intéressantes,intéressants,12,M,S,intéressantes,-6.5511284,intéressants,-7.3215256,1
3073,P_NOUN_9_ADJ_b,F,P,les pommes avec le cahier qui étaient là depuis hier ne sont pas très brillantes <eos>,14,brillantes,brillants,12,M,S,brillantes,-7.398053,brillants,-7.932311,1
3074,P_NOUN_9_ADJ_b,F,P,les pommes avec le cahier qui étaient là depuis hier ne sont pas très compliquées <eos>,14,compliquées,compliqués,12,M,S,compliquées,-8.165954,compliqués,-7.654255,0
3075,P_NOUN_9_ADJ_b,F,P,les pommes avec le micro qui étaient là depuis hier ne sont pas très vertes <eos>,14,vertes,verts,12,M,S,vertes,-9.929923,verts,-10.476064,1
3076,P_NOUN_9_ADJ_b,F,P,les pommes avec le micro qui étaient là depuis hier ne sont pas très bleues <eos>,14,bleues,bleus,12,M,S,bleues,-10.895,bleus,-10.70293,0
3077,P_NOUN_9_ADJ_b,F,P,les pommes avec le micro qui étaient là depuis hier ne sont pas très noires <eos>,14,noires,noirs,12,M,S,noires,-9.082243,noirs,-10.850639,1
3078,P_NOUN_9_ADJ_b,F,P,les pommes avec le micro qui étaient là depuis hier ne sont pas très délicates <eos>,14,délicates,délicats,12,M,S,délicates,-8.387629,délicats,-8.667522,1
3079,P_NOUN_9_ADJ_b,F,P,les pommes avec le micro qui étaient là depuis hier ne sont pas très pointues <eos>,14,pointues,pointus,12,M,S,pointues,-9.063807,pointus,-11.53189,1
3080,P_NOUN_9_ADJ_b,F,P,les pommes avec le micro qui étaient là depuis hier ne sont pas très rondes <eos>,14,rondes,ronds,12,M,S,rondes,-10.221679,ronds,-10.968815,1
3081,P_NOUN_9_ADJ_b,F,P,les pommes avec le micro qui étaient là depuis hier ne sont pas très froides <eos>,14,froides,froids,12,M,S,froides,-5.5972056,froids,-9.55814,1
3082,P_NOUN_9_ADJ_b,F,P,les pommes avec le micro qui étaient là depuis hier ne sont pas très chaudes <eos>,14,chaudes,chauds,12,M,S,chaudes,-6.3014784,chauds,-7.980317,1
3083,P_NOUN_9_ADJ_b,F,P,les pommes avec le micro qui étaient là depuis hier ne sont pas très importantes <eos>,14,importantes,importants,12,M,S,importantes,-5.3070045,importants,-7.473226,1
3084,P_NOUN_9_ADJ_b,F,P,les pommes avec le micro qui étaient là depuis hier ne sont pas très courtes <eos>,14,courtes,courts,12,M,S,courtes,-6.3077,courts,-7.8231106,1
3085,P_NOUN_9_ADJ_b,F,P,les pommes avec le micro qui étaient là depuis hier ne sont pas très dures <eos>,14,dures,durs,12,M,S,dures,-5.356049,durs,-6.738356,1
3086,P_NOUN_9_ADJ_b,F,P,les pommes avec le micro qui étaient là depuis hier ne sont pas très claires <eos>,14,claires,clairs,12,M,S,claires,-4.1437073,clairs,-6.8680334,1
3087,P_NOUN_9_ADJ_b,F,P,les pommes avec le micro qui étaient là depuis hier ne sont pas très intéressantes <eos>,14,intéressantes,intéressants,12,M,S,intéressantes,-6.3293943,intéressants,-8.393114,1
3088,P_NOUN_9_ADJ_b,F,P,les pommes avec le micro qui étaient là depuis hier ne sont pas très brillantes <eos>,14,brillantes,brillants,12,M,S,brillantes,-7.285541,brillants,-8.878239,1
3089,P_NOUN_9_ADJ_b,F,P,les pommes avec le micro qui étaient là depuis hier ne sont pas très compliquées <eos>,14,compliquées,compliqués,12,M,S,compliquées,-8.174328,compliqués,-8.443623,1
3090,P_NOUN_9_ADJ_b,F,P,les pommes avec le sac qui étaient là depuis hier ne sont pas très vertes <eos>,14,vertes,verts,12,M,S,vertes,-10.2156315,verts,-10.070549,0
3091,P_NOUN_9_ADJ_b,F,P,les pommes avec le sac qui étaient là depuis hier ne sont pas très bleues <eos>,14,bleues,bleus,12,M,S,bleues,-11.474611,bleus,-10.761946,0
3092,P_NOUN_9_ADJ_b,F,P,les pommes avec le sac qui étaient là depuis hier ne sont pas très noires <eos>,14,noires,noirs,12,M,S,noires,-9.168949,noirs,-10.410114,1
3093,P_NOUN_9_ADJ_b,F,P,les pommes avec le sac qui étaient là depuis hier ne sont pas très délicates <eos>,14,délicates,délicats,12,M,S,délicates,-8.769548,délicats,-8.281831,0
3094,P_NOUN_9_ADJ_b,F,P,les pommes avec le sac qui étaient là depuis hier ne sont pas très pointues <eos>,14,pointues,pointus,12,M,S,pointues,-8.921194,pointus,-10.844402,1
3095,P_NOUN_9_ADJ_b,F,P,les pommes avec le sac qui étaient là depuis hier ne sont pas très rondes <eos>,14,rondes,ronds,12,M,S,rondes,-10.00523,ronds,-10.80293,1
3096,P_NOUN_9_ADJ_b,F,P,les pommes avec le sac qui étaient là depuis hier ne sont pas très froides <eos>,14,froides,froids,12,M,S,froides,-5.695123,froids,-9.276493,1
3097,P_NOUN_9_ADJ_b,F,P,les pommes avec le sac qui étaient là depuis hier ne sont pas très chaudes <eos>,14,chaudes,chauds,12,M,S,chaudes,-6.552812,chauds,-7.323789,1
3098,P_NOUN_9_ADJ_b,F,P,les pommes avec le sac qui étaient là depuis hier ne sont pas très importantes <eos>,14,importantes,importants,12,M,S,importantes,-5.7494974,importants,-7.094798,1
3099,P_NOUN_9_ADJ_b,F,P,les pommes avec le sac qui étaient là depuis hier ne sont pas très courtes <eos>,14,courtes,courts,12,M,S,courtes,-6.751424,courts,-7.5234537,1
3100,P_NOUN_9_ADJ_b,F,P,les pommes avec le sac qui étaient là depuis hier ne sont pas très dures <eos>,14,dures,durs,12,M,S,dures,-4.8856506,durs,-5.931303,1
3101,P_NOUN_9_ADJ_b,F,P,les pommes avec le sac qui étaient là depuis hier ne sont pas très claires <eos>,14,claires,clairs,12,M,S,claires,-4.6152916,clairs,-6.216407,1
3102,P_NOUN_9_ADJ_b,F,P,les pommes avec le sac qui étaient là depuis hier ne sont pas très intéressantes <eos>,14,intéressantes,intéressants,12,M,S,intéressantes,-6.80532,intéressants,-8.052695,1
3103,P_NOUN_9_ADJ_b,F,P,les pommes avec le sac qui étaient là depuis hier ne sont pas très brillantes <eos>,14,brillantes,brillants,12,M,S,brillantes,-7.355114,brillants,-8.312388,1
3104,P_NOUN_9_ADJ_b,F,P,les pommes avec le sac qui étaient là depuis hier ne sont pas très compliquées <eos>,14,compliquées,compliqués,12,M,S,compliquées,-8.1982155,compliqués,-7.963144,0
3105,P_NOUN_9_ADJ_b,F,P,les pommes avec le clavier qui étaient là depuis hier ne sont pas très vertes <eos>,14,vertes,verts,12,M,S,vertes,-10.544344,verts,-10.92498,1
3106,P_NOUN_9_ADJ_b,F,P,les pommes avec le clavier qui étaient là depuis hier ne sont pas très bleues <eos>,14,bleues,bleus,12,M,S,bleues,-11.568007,bleus,-11.637827,1
3107,P_NOUN_9_ADJ_b,F,P,les pommes avec le clavier qui étaient là depuis hier ne sont pas très noires <eos>,14,noires,noirs,12,M,S,noires,-9.812052,noirs,-11.374592,1
3108,P_NOUN_9_ADJ_b,F,P,les pommes avec le clavier qui étaient là depuis hier ne sont pas très délicates <eos>,14,délicates,délicats,12,M,S,délicates,-8.643566,délicats,-9.012423,1
3109,P_NOUN_9_ADJ_b,F,P,les pommes avec le clavier qui étaient là depuis hier ne sont pas très pointues <eos>,14,pointues,pointus,12,M,S,pointues,-8.743732,pointus,-11.849594,1
3110,P_NOUN_9_ADJ_b,F,P,les pommes avec le clavier qui étaient là depuis hier ne sont pas très rondes <eos>,14,rondes,ronds,12,M,S,rondes,-10.149458,ronds,-11.46751,1
3111,P_NOUN_9_ADJ_b,F,P,les pommes avec le clavier qui étaient là depuis hier ne sont pas très froides <eos>,14,froides,froids,12,M,S,froides,-6.1604505,froids,-10.633951,1
3112,P_NOUN_9_ADJ_b,F,P,les pommes avec le clavier qui étaient là depuis hier ne sont pas très chaudes <eos>,14,chaudes,chauds,12,M,S,chaudes,-7.0579247,chauds,-8.851353,1
3113,P_NOUN_9_ADJ_b,F,P,les pommes avec le clavier qui étaient là depuis hier ne sont pas très importantes <eos>,14,importantes,importants,12,M,S,importantes,-5.8534746,importants,-7.7786293,1
3114,P_NOUN_9_ADJ_b,F,P,les pommes avec le clavier qui étaient là depuis hier ne sont pas très courtes <eos>,14,courtes,courts,12,M,S,courtes,-6.6123176,courts,-8.129414,1
3115,P_NOUN_9_ADJ_b,F,P,les pommes avec le clavier qui étaient là depuis hier ne sont pas très dures <eos>,14,dures,durs,12,M,S,dures,-5.4074607,durs,-5.9359946,1
3116,P_NOUN_9_ADJ_b,F,P,les pommes avec le clavier qui étaient là depuis hier ne sont pas très claires <eos>,14,claires,clairs,12,M,S,claires,-4.2026644,clairs,-6.4991293,1
3117,P_NOUN_9_ADJ_b,F,P,les pommes avec le clavier qui étaient là depuis hier ne sont pas très intéressantes <eos>,14,intéressantes,intéressants,12,M,S,intéressantes,-6.4245834,intéressants,-7.836941,1
3118,P_NOUN_9_ADJ_b,F,P,les pommes avec le clavier qui étaient là depuis hier ne sont pas très brillantes <eos>,14,brillantes,brillants,12,M,S,brillantes,-6.751474,brillants,-8.84877,1
3119,P_NOUN_9_ADJ_b,F,P,les pommes avec le clavier qui étaient là depuis hier ne sont pas très compliquées <eos>,14,compliquées,compliqués,12,M,S,compliquées,-6.888159,compliqués,-7.34326,1
3120,P_NOUN_9_ADJ_b,F,P,les pommes avec le raisin qui étaient là depuis hier ne sont pas très vertes <eos>,14,vertes,verts,12,M,S,vertes,-9.813182,verts,-10.96195,1
3121,P_NOUN_9_ADJ_b,F,P,les pommes avec le raisin qui étaient là depuis hier ne sont pas très bleues <eos>,14,bleues,bleus,12,M,S,bleues,-11.802249,bleus,-11.966377,1
3122,P_NOUN_9_ADJ_b,F,P,les pommes avec le raisin qui étaient là depuis hier ne sont pas très noires <eos>,14,noires,noirs,12,M,S,noires,-9.740685,noirs,-12.25977,1
3123,P_NOUN_9_ADJ_b,F,P,les pommes avec le raisin qui étaient là depuis hier ne sont pas très délicates <eos>,14,délicates,délicats,12,M,S,délicates,-8.611495,délicats,-8.319025,0
3124,P_NOUN_9_ADJ_b,F,P,les pommes avec le raisin qui étaient là depuis hier ne sont pas très pointues <eos>,14,pointues,pointus,12,M,S,pointues,-9.7540455,pointus,-12.432047,1
3125,P_NOUN_9_ADJ_b,F,P,les pommes avec le raisin qui étaient là depuis hier ne sont pas très rondes <eos>,14,rondes,ronds,12,M,S,rondes,-10.848573,ronds,-12.2294035,1
3126,P_NOUN_9_ADJ_b,F,P,les pommes avec le raisin qui étaient là depuis hier ne sont pas très froides <eos>,14,froides,froids,12,M,S,froides,-5.4543843,froids,-9.10405,1
3127,P_NOUN_9_ADJ_b,F,P,les pommes avec le raisin qui étaient là depuis hier ne sont pas très chaudes <eos>,14,chaudes,chauds,12,M,S,chaudes,-5.6194754,chauds,-7.7345133,1
3128,P_NOUN_9_ADJ_b,F,P,les pommes avec le raisin qui étaient là depuis hier ne sont pas très importantes <eos>,14,importantes,importants,12,M,S,importantes,-4.9656157,importants,-7.769173,1
3129,P_NOUN_9_ADJ_b,F,P,les pommes avec le raisin qui étaient là depuis hier ne sont pas très courtes <eos>,14,courtes,courts,12,M,S,courtes,-6.986222,courts,-8.816233,1
3130,P_NOUN_9_ADJ_b,F,P,les pommes avec le raisin qui étaient là depuis hier ne sont pas très dures <eos>,14,dures,durs,12,M,S,dures,-5.0304384,durs,-6.834593,1
3131,P_NOUN_9_ADJ_b,F,P,les pommes avec le raisin qui étaient là depuis hier ne sont pas très claires <eos>,14,claires,clairs,12,M,S,claires,-4.1656446,clairs,-7.270034,1
3132,P_NOUN_9_ADJ_b,F,P,les pommes avec le raisin qui étaient là depuis hier ne sont pas très intéressantes <eos>,14,intéressantes,intéressants,12,M,S,intéressantes,-6.4367905,intéressants,-9.237344,1
3133,P_NOUN_9_ADJ_b,F,P,les pommes avec le raisin qui étaient là depuis hier ne sont pas très brillantes <eos>,14,brillantes,brillants,12,M,S,brillantes,-7.4523945,brillants,-9.108106,1
3134,P_NOUN_9_ADJ_b,F,P,les pommes avec le raisin qui étaient là depuis hier ne sont pas très compliquées <eos>,14,compliquées,compliqués,12,M,S,compliquées,-9.145216,compliqués,-9.219146,1
3135,P_NOUN_9_ADJ_b,F,P,les pommes avec le chargeur qui étaient là depuis hier ne sont pas très vertes <eos>,14,vertes,verts,12,M,S,vertes,-10.336445,verts,-10.979555,1
3136,P_NOUN_9_ADJ_b,F,P,les pommes avec le chargeur qui étaient là depuis hier ne sont pas très bleues <eos>,14,bleues,bleus,12,M,S,bleues,-11.442833,bleus,-11.179565,0
3137,P_NOUN_9_ADJ_b,F,P,les pommes avec le chargeur qui étaient là depuis hier ne sont pas très noires <eos>,14,noires,noirs,12,M,S,noires,-9.113437,noirs,-10.727154,1
3138,P_NOUN_9_ADJ_b,F,P,les pommes avec le chargeur qui étaient là depuis hier ne sont pas très délicates <eos>,14,délicates,délicats,12,M,S,délicates,-9.106049,délicats,-9.220394,1
3139,P_NOUN_9_ADJ_b,F,P,les pommes avec le chargeur qui étaient là depuis hier ne sont pas très pointues <eos>,14,pointues,pointus,12,M,S,pointues,-8.726442,pointus,-11.270775,1
3140,P_NOUN_9_ADJ_b,F,P,les pommes avec le chargeur qui étaient là depuis hier ne sont pas très rondes <eos>,14,rondes,ronds,12,M,S,rondes,-10.034707,ronds,-11.303061,1
3141,P_NOUN_9_ADJ_b,F,P,les pommes avec le chargeur qui étaient là depuis hier ne sont pas très froides <eos>,14,froides,froids,12,M,S,froides,-5.668035,froids,-10.376623,1
3142,P_NOUN_9_ADJ_b,F,P,les pommes avec le chargeur qui étaient là depuis hier ne sont pas très chaudes <eos>,14,chaudes,chauds,12,M,S,chaudes,-7.0973825,chauds,-7.9388733,1
3143,P_NOUN_9_ADJ_b,F,P,les pommes avec le chargeur qui étaient là depuis hier ne sont pas très importantes <eos>,14,importantes,importants,12,M,S,importantes,-5.858836,importants,-8.037487,1
3144,P_NOUN_9_ADJ_b,F,P,les pommes avec le chargeur qui étaient là depuis hier ne sont pas très courtes <eos>,14,courtes,courts,12,M,S,courtes,-6.265476,courts,-8.133946,1
3145,P_NOUN_9_ADJ_b,F,P,les pommes avec le chargeur qui étaient là depuis hier ne sont pas très dures <eos>,14,dures,durs,12,M,S,dures,-5.180869,durs,-6.3852644,1
3146,P_NOUN_9_ADJ_b,F,P,les pommes avec le chargeur qui étaient là depuis hier ne sont pas très claires <eos>,14,claires,clairs,12,M,S,claires,-5.054258,clairs,-7.040567,1
3147,P_NOUN_9_ADJ_b,F,P,les pommes avec le chargeur qui étaient là depuis hier ne sont pas très intéressantes <eos>,14,intéressantes,intéressants,12,M,S,intéressantes,-6.818142,intéressants,-8.44274,1
3148,P_NOUN_9_ADJ_b,F,P,les pommes avec le chargeur qui étaient là depuis hier ne sont pas très brillantes <eos>,14,brillantes,brillants,12,M,S,brillantes,-7.356056,brillants,-8.614864,1
3149,P_NOUN_9_ADJ_b,F,P,les pommes avec le chargeur qui étaient là depuis hier ne sont pas très compliquées <eos>,14,compliquées,compliqués,12,M,S,compliquées,-7.4172287,compliqués,-7.7697573,1
3150,P_NOUN_9_ADJ_b,F,P,les pommes avec le vase qui étaient là depuis hier ne sont pas très vertes <eos>,14,vertes,verts,12,M,S,vertes,-10.22887,verts,-10.477728,1
3151,P_NOUN_9_ADJ_b,F,P,les pommes avec le vase qui étaient là depuis hier ne sont pas très bleues <eos>,14,bleues,bleus,12,M,S,bleues,-11.626899,bleus,-11.6191225,0
3152,P_NOUN_9_ADJ_b,F,P,les pommes avec le vase qui étaient là depuis hier ne sont pas très noires <eos>,14,noires,noirs,12,M,S,noires,-9.558873,noirs,-11.43793,1
3153,P_NOUN_9_ADJ_b,F,P,les pommes avec le vase qui étaient là depuis hier ne sont pas très délicates <eos>,14,délicates,délicats,12,M,S,délicates,-8.277567,délicats,-8.429428,1
3154,P_NOUN_9_ADJ_b,F,P,les pommes avec le vase qui étaient là depuis hier ne sont pas très pointues <eos>,14,pointues,pointus,12,M,S,pointues,-9.3388815,pointus,-11.33296,1
3155,P_NOUN_9_ADJ_b,F,P,les pommes avec le vase qui étaient là depuis hier ne sont pas très rondes <eos>,14,rondes,ronds,12,M,S,rondes,-10.653952,ronds,-11.287265,1
3156,P_NOUN_9_ADJ_b,F,P,les pommes avec le vase qui étaient là depuis hier ne sont pas très froides <eos>,14,froides,froids,12,M,S,froides,-5.7554483,froids,-9.641465,1
3157,P_NOUN_9_ADJ_b,F,P,les pommes avec le vase qui étaient là depuis hier ne sont pas très chaudes <eos>,14,chaudes,chauds,12,M,S,chaudes,-6.124343,chauds,-7.7974176,1
3158,P_NOUN_9_ADJ_b,F,P,les pommes avec le vase qui étaient là depuis hier ne sont pas très importantes <eos>,14,importantes,importants,12,M,S,importantes,-5.019793,importants,-7.052381,1
3159,P_NOUN_9_ADJ_b,F,P,les pommes avec le vase qui étaient là depuis hier ne sont pas très courtes <eos>,14,courtes,courts,12,M,S,courtes,-7.3398685,courts,-8.57362,1
3160,P_NOUN_9_ADJ_b,F,P,les pommes avec le vase qui étaient là depuis hier ne sont pas très dures <eos>,14,dures,durs,12,M,S,dures,-5.1030874,durs,-6.6776915,1
3161,P_NOUN_9_ADJ_b,F,P,les pommes avec le vase qui étaient là depuis hier ne sont pas très claires <eos>,14,claires,clairs,12,M,S,claires,-4.446692,clairs,-6.376617,1
3162,P_NOUN_9_ADJ_b,F,P,les pommes avec le vase qui étaient là depuis hier ne sont pas très intéressantes <eos>,14,intéressantes,intéressants,12,M,S,intéressantes,-6.494972,intéressants,-8.29225,1
3163,P_NOUN_9_ADJ_b,F,P,les pommes avec le vase qui étaient là depuis hier ne sont pas très brillantes <eos>,14,brillantes,brillants,12,M,S,brillantes,-7.055148,brillants,-8.777389,1
3164,P_NOUN_9_ADJ_b,F,P,les pommes avec le vase qui étaient là depuis hier ne sont pas très compliquées <eos>,14,compliquées,compliqués,12,M,S,compliquées,-8.263815,compliqués,-8.069425,0
3165,P_NOUN_9_ADJ_b,F,P,les pommes avec le panier qui étaient là depuis hier ne sont pas très vertes <eos>,14,vertes,verts,12,M,S,vertes,-10.411236,verts,-10.348885,0
3166,P_NOUN_9_ADJ_b,F,P,les pommes avec le panier qui étaient là depuis hier ne sont pas très bleues <eos>,14,bleues,bleus,12,M,S,bleues,-11.665085,bleus,-11.057226,0
3167,P_NOUN_9_ADJ_b,F,P,les pommes avec le panier qui étaient là depuis hier ne sont pas très noires <eos>,14,noires,noirs,12,M,S,noires,-9.339453,noirs,-10.784229,1
3168,P_NOUN_9_ADJ_b,F,P,les pommes avec le panier qui étaient là depuis hier ne sont pas très délicates <eos>,14,délicates,délicats,12,M,S,délicates,-8.423223,délicats,-8.446216,1
3169,P_NOUN_9_ADJ_b,F,P,les pommes avec le panier qui étaient là depuis hier ne sont pas très pointues <eos>,14,pointues,pointus,12,M,S,pointues,-9.0300665,pointus,-11.074342,1
3170,P_NOUN_9_ADJ_b,F,P,les pommes avec le panier qui étaient là depuis hier ne sont pas très rondes <eos>,14,rondes,ronds,12,M,S,rondes,-10.270203,ronds,-10.692077,1
3171,P_NOUN_9_ADJ_b,F,P,les pommes avec le panier qui étaient là depuis hier ne sont pas très froides <eos>,14,froides,froids,12,M,S,froides,-5.674714,froids,-9.807017,1
3172,P_NOUN_9_ADJ_b,F,P,les pommes avec le panier qui étaient là depuis hier ne sont pas très chaudes <eos>,14,chaudes,chauds,12,M,S,chaudes,-6.630454,chauds,-7.6787434,1
3173,P_NOUN_9_ADJ_b,F,P,les pommes avec le panier qui étaient là depuis hier ne sont pas très importantes <eos>,14,importantes,importants,12,M,S,importantes,-5.4313183,importants,-6.8722296,1
3174,P_NOUN_9_ADJ_b,F,P,les pommes avec le panier qui étaient là depuis hier ne sont pas très courtes <eos>,14,courtes,courts,12,M,S,courtes,-6.9695225,courts,-7.6280603,1
3175,P_NOUN_9_ADJ_b,F,P,les pommes avec le panier qui étaient là depuis hier ne sont pas très dures <eos>,14,dures,durs,12,M,S,dures,-5.0051193,durs,-6.351883,1
3176,P_NOUN_9_ADJ_b,F,P,les pommes avec le panier qui étaient là depuis hier ne sont pas très claires <eos>,14,claires,clairs,12,M,S,claires,-4.6080623,clairs,-6.493939,1
3177,P_NOUN_9_ADJ_b,F,P,les pommes avec le panier qui étaient là depuis hier ne sont pas très intéressantes <eos>,14,intéressantes,intéressants,12,M,S,intéressantes,-6.721846,intéressants,-8.068161,1
3178,P_NOUN_9_ADJ_b,F,P,les pommes avec le panier qui étaient là depuis hier ne sont pas très brillantes <eos>,14,brillantes,brillants,12,M,S,brillantes,-7.7223973,brillants,-8.339174,1
3179,P_NOUN_9_ADJ_b,F,P,les pommes avec le panier qui étaient là depuis hier ne sont pas très compliquées <eos>,14,compliquées,compliqués,12,M,S,compliquées,-8.457106,compliqués,-7.969267,0
3180,P_NOUN_9_ADJ_b,F,P,les pommes avec le collier qui étaient là depuis hier ne sont pas très vertes <eos>,14,vertes,verts,12,M,S,vertes,-10.3923645,verts,-9.431137,0
3181,P_NOUN_9_ADJ_b,F,P,les pommes avec le collier qui étaient là depuis hier ne sont pas très bleues <eos>,14,bleues,bleus,12,M,S,bleues,-11.389284,bleus,-10.541179,0
3182,P_NOUN_9_ADJ_b,F,P,les pommes avec le collier qui étaient là depuis hier ne sont pas très noires <eos>,14,noires,noirs,12,M,S,noires,-9.514143,noirs,-10.129709,1
3183,P_NOUN_9_ADJ_b,F,P,les pommes avec le collier qui étaient là depuis hier ne sont pas très délicates <eos>,14,délicates,délicats,12,M,S,délicates,-8.39536,délicats,-8.417619,1
3184,P_NOUN_9_ADJ_b,F,P,les pommes avec le collier qui étaient là depuis hier ne sont pas très pointues <eos>,14,pointues,pointus,12,M,S,pointues,-8.971693,pointus,-10.614397,1
3185,P_NOUN_9_ADJ_b,F,P,les pommes avec le collier qui étaient là depuis hier ne sont pas très rondes <eos>,14,rondes,ronds,12,M,S,rondes,-10.549961,ronds,-10.822771,1
3186,P_NOUN_9_ADJ_b,F,P,les pommes avec le collier qui étaient là depuis hier ne sont pas très froides <eos>,14,froides,froids,12,M,S,froides,-5.8180075,froids,-9.378758,1
3187,P_NOUN_9_ADJ_b,F,P,les pommes avec le collier qui étaient là depuis hier ne sont pas très chaudes <eos>,14,chaudes,chauds,12,M,S,chaudes,-6.8625307,chauds,-7.2885036,1
3188,P_NOUN_9_ADJ_b,F,P,les pommes avec le collier qui étaient là depuis hier ne sont pas très importantes <eos>,14,importantes,importants,12,M,S,importantes,-5.7367563,importants,-6.4386024,1
3189,P_NOUN_9_ADJ_b,F,P,les pommes avec le collier qui étaient là depuis hier ne sont pas très courtes <eos>,14,courtes,courts,12,M,S,courtes,-7.508033,courts,-7.462044,0
3190,P_NOUN_9_ADJ_b,F,P,les pommes avec le collier qui étaient là depuis hier ne sont pas très dures <eos>,14,dures,durs,12,M,S,dures,-5.018233,durs,-5.909123,1
3191,P_NOUN_9_ADJ_b,F,P,les pommes avec le collier qui étaient là depuis hier ne sont pas très claires <eos>,14,claires,clairs,12,M,S,claires,-4.5930862,clairs,-5.358815,1
3192,P_NOUN_9_ADJ_b,F,P,les pommes avec le collier qui étaient là depuis hier ne sont pas très intéressantes <eos>,14,intéressantes,intéressants,12,M,S,intéressantes,-6.70656,intéressants,-7.3281183,1
3193,P_NOUN_9_ADJ_b,F,P,les pommes avec le collier qui étaient là depuis hier ne sont pas très brillantes <eos>,14,brillantes,brillants,12,M,S,brillantes,-6.8379292,brillants,-7.2292886,1
3194,P_NOUN_9_ADJ_b,F,P,les pommes avec le collier qui étaient là depuis hier ne sont pas très compliquées <eos>,14,compliquées,compliqués,12,M,S,compliquées,-8.076404,compliqués,-7.468395,0
3195,P_NOUN_9_ADJ_b,F,P,les pommes avec le chapeau qui étaient là depuis hier ne sont pas très vertes <eos>,14,vertes,verts,12,M,S,vertes,-9.819183,verts,-10.448039,1
3196,P_NOUN_9_ADJ_b,F,P,les pommes avec le chapeau qui étaient là depuis hier ne sont pas très bleues <eos>,14,bleues,bleus,12,M,S,bleues,-10.52487,bleus,-10.577988,1
3197,P_NOUN_9_ADJ_b,F,P,les pommes avec le chapeau qui étaient là depuis hier ne sont pas très noires <eos>,14,noires,noirs,12,M,S,noires,-8.519764,noirs,-10.354719,1
3198,P_NOUN_9_ADJ_b,F,P,les pommes avec le chapeau qui étaient là depuis hier ne sont pas très délicates <eos>,14,délicates,délicats,12,M,S,délicates,-8.175411,délicats,-8.898659,1
3199,P_NOUN_9_ADJ_b,F,P,les pommes avec le chapeau qui étaient là depuis hier ne sont pas très pointues <eos>,14,pointues,pointus,12,M,S,pointues,-8.462307,pointus,-11.189453,1
3200,P_NOUN_9_ADJ_b,F,P,les pommes avec le chapeau qui étaient là depuis hier ne sont pas très rondes <eos>,14,rondes,ronds,12,M,S,rondes,-9.899438,ronds,-10.818047,1
3201,P_NOUN_9_ADJ_b,F,P,les pommes avec le chapeau qui étaient là depuis hier ne sont pas très froides <eos>,14,froides,froids,12,M,S,froides,-5.550674,froids,-10.104355,1
3202,P_NOUN_9_ADJ_b,F,P,les pommes avec le chapeau qui étaient là depuis hier ne sont pas très chaudes <eos>,14,chaudes,chauds,12,M,S,chaudes,-6.2841206,chauds,-7.893077,1
3203,P_NOUN_9_ADJ_b,F,P,les pommes avec le chapeau qui étaient là depuis hier ne sont pas très importantes <eos>,14,importantes,importants,12,M,S,importantes,-5.573304,importants,-7.9339905,1
3204,P_NOUN_9_ADJ_b,F,P,les pommes avec le chapeau qui étaient là depuis hier ne sont pas très courtes <eos>,14,courtes,courts,12,M,S,courtes,-6.605886,courts,-8.243601,1
3205,P_NOUN_9_ADJ_b,F,P,les pommes avec le chapeau qui étaient là depuis hier ne sont pas très dures <eos>,14,dures,durs,12,M,S,dures,-5.2078514,durs,-6.8957605,1
3206,P_NOUN_9_ADJ_b,F,P,les pommes avec le chapeau qui étaient là depuis hier ne sont pas très claires <eos>,14,claires,clairs,12,M,S,claires,-3.9213395,clairs,-6.197618,1
3207,P_NOUN_9_ADJ_b,F,P,les pommes avec le chapeau qui étaient là depuis hier ne sont pas très intéressantes <eos>,14,intéressantes,intéressants,12,M,S,intéressantes,-6.7135086,intéressants,-8.744692,1
3208,P_NOUN_9_ADJ_b,F,P,les pommes avec le chapeau qui étaient là depuis hier ne sont pas très brillantes <eos>,14,brillantes,brillants,12,M,S,brillantes,-6.702248,brillants,-8.546219,1
3209,P_NOUN_9_ADJ_b,F,P,les pommes avec le chapeau qui étaient là depuis hier ne sont pas très compliquées <eos>,14,compliquées,compliqués,12,M,S,compliquées,-8.252727,compliqués,-8.555017,1
3210,P_NOUN_9_ADJ_b,F,P,les pommes avec le pot qui étaient là depuis hier ne sont pas très vertes <eos>,14,vertes,verts,12,M,S,vertes,-9.86226,verts,-9.96136,1
3211,P_NOUN_9_ADJ_b,F,P,les pommes avec le pot qui étaient là depuis hier ne sont pas très bleues <eos>,14,bleues,bleus,12,M,S,bleues,-11.348307,bleus,-10.799885,0
3212,P_NOUN_9_ADJ_b,F,P,les pommes avec le pot qui étaient là depuis hier ne sont pas très noires <eos>,14,noires,noirs,12,M,S,noires,-9.245037,noirs,-10.683699,1
3213,P_NOUN_9_ADJ_b,F,P,les pommes avec le pot qui étaient là depuis hier ne sont pas très délicates <eos>,14,délicates,délicats,12,M,S,délicates,-8.294346,délicats,-8.507065,1
3214,P_NOUN_9_ADJ_b,F,P,les pommes avec le pot qui étaient là depuis hier ne sont pas très pointues <eos>,14,pointues,pointus,12,M,S,pointues,-9.457152,pointus,-11.359575,1
3215,P_NOUN_9_ADJ_b,F,P,les pommes avec le pot qui étaient là depuis hier ne sont pas très rondes <eos>,14,rondes,ronds,12,M,S,rondes,-10.60051,ronds,-11.090706,1
3216,P_NOUN_9_ADJ_b,F,P,les pommes avec le pot qui étaient là depuis hier ne sont pas très froides <eos>,14,froides,froids,12,M,S,froides,-5.277569,froids,-8.9947195,1
3217,P_NOUN_9_ADJ_b,F,P,les pommes avec le pot qui étaient là depuis hier ne sont pas très chaudes <eos>,14,chaudes,chauds,12,M,S,chaudes,-5.850313,chauds,-7.181632,1
3218,P_NOUN_9_ADJ_b,F,P,les pommes avec le pot qui étaient là depuis hier ne sont pas très importantes <eos>,14,importantes,importants,12,M,S,importantes,-5.177088,importants,-7.1475267,1
3219,P_NOUN_9_ADJ_b,F,P,les pommes avec le pot qui étaient là depuis hier ne sont pas très courtes <eos>,14,courtes,courts,12,M,S,courtes,-7.351961,courts,-8.1789465,1
3220,P_NOUN_9_ADJ_b,F,P,les pommes avec le pot qui étaient là depuis hier ne sont pas très dures <eos>,14,dures,durs,12,M,S,dures,-5.2261534,durs,-6.4539204,1
3221,P_NOUN_9_ADJ_b,F,P,les pommes avec le pot qui étaient là depuis hier ne sont pas très claires <eos>,14,claires,clairs,12,M,S,claires,-4.2776146,clairs,-6.3364725,1
3222,P_NOUN_9_ADJ_b,F,P,les pommes avec le pot qui étaient là depuis hier ne sont pas très intéressantes <eos>,14,intéressantes,intéressants,12,M,S,intéressantes,-6.4345574,intéressants,-8.355463,1
3223,P_NOUN_9_ADJ_b,F,P,les pommes avec le pot qui étaient là depuis hier ne sont pas très brillantes <eos>,14,brillantes,brillants,12,M,S,brillantes,-7.3305426,brillants,-8.1772,1
3224,P_NOUN_9_ADJ_b,F,P,les pommes avec le pot qui étaient là depuis hier ne sont pas très compliquées <eos>,14,compliquées,compliqués,12,M,S,compliquées,-8.762292,compliqués,-8.317127,0
3225,P_NOUN_9_ADJ_b,F,P,les pommes avec le coussin qui étaient là depuis hier ne sont pas très vertes <eos>,14,vertes,verts,12,M,S,vertes,-10.218782,verts,-10.779683,1
3226,P_NOUN_9_ADJ_b,F,P,les pommes avec le coussin qui étaient là depuis hier ne sont pas très bleues <eos>,14,bleues,bleus,12,M,S,bleues,-11.117527,bleus,-10.785839,0
3227,P_NOUN_9_ADJ_b,F,P,les pommes avec le coussin qui étaient là depuis hier ne sont pas très noires <eos>,14,noires,noirs,12,M,S,noires,-8.956153,noirs,-10.562092,1
3228,P_NOUN_9_ADJ_b,F,P,les pommes avec le coussin qui étaient là depuis hier ne sont pas très délicates <eos>,14,délicates,délicats,12,M,S,délicates,-8.943436,délicats,-8.821012,0
3229,P_NOUN_9_ADJ_b,F,P,les pommes avec le coussin qui étaient là depuis hier ne sont pas très pointues <eos>,14,pointues,pointus,12,M,S,pointues,-8.644346,pointus,-10.937019,1
3230,P_NOUN_9_ADJ_b,F,P,les pommes avec le coussin qui étaient là depuis hier ne sont pas très rondes <eos>,14,rondes,ronds,12,M,S,rondes,-9.928633,ronds,-11.007349,1
3231,P_NOUN_9_ADJ_b,F,P,les pommes avec le coussin qui étaient là depuis hier ne sont pas très froides <eos>,14,froides,froids,12,M,S,froides,-5.727786,froids,-9.910398,1
3232,P_NOUN_9_ADJ_b,F,P,les pommes avec le coussin qui étaient là depuis hier ne sont pas très chaudes <eos>,14,chaudes,chauds,12,M,S,chaudes,-6.776247,chauds,-7.908701,1
3233,P_NOUN_9_ADJ_b,F,P,les pommes avec le coussin qui étaient là depuis hier ne sont pas très importantes <eos>,14,importantes,importants,12,M,S,importantes,-5.7260427,importants,-7.4471655,1
3234,P_NOUN_9_ADJ_b,F,P,les pommes avec le coussin qui étaient là depuis hier ne sont pas très courtes <eos>,14,courtes,courts,12,M,S,courtes,-6.1797457,courts,-7.621814,1
3235,P_NOUN_9_ADJ_b,F,P,les pommes avec le coussin qui étaient là depuis hier ne sont pas très dures <eos>,14,dures,durs,12,M,S,dures,-5.117156,durs,-6.451292,1
3236,P_NOUN_9_ADJ_b,F,P,les pommes avec le coussin qui étaient là depuis hier ne sont pas très claires <eos>,14,claires,clairs,12,M,S,claires,-4.616932,clairs,-6.595477,1
3237,P_NOUN_9_ADJ_b,F,P,les pommes avec le coussin qui étaient là depuis hier ne sont pas très intéressantes <eos>,14,intéressantes,intéressants,12,M,S,intéressantes,-7.0668535,intéressants,-8.53734,1
3238,P_NOUN_9_ADJ_b,F,P,les pommes avec le coussin qui étaient là depuis hier ne sont pas très brillantes <eos>,14,brillantes,brillants,12,M,S,brillantes,-7.4601393,brillants,-8.699685,1
3239,P_NOUN_9_ADJ_b,F,P,les pommes avec le coussin qui étaient là depuis hier ne sont pas très compliquées <eos>,14,compliquées,compliqués,12,M,S,compliquées,-7.6833367,compliqués,-7.904679,1
3240,P_NOUN_9_ADJ_b,F,P,les pommes avec le jouet qui étaient là depuis hier ne sont pas très vertes <eos>,14,vertes,verts,12,M,S,vertes,-10.111453,verts,-10.121505,1
3241,P_NOUN_9_ADJ_b,F,P,les pommes avec le jouet qui étaient là depuis hier ne sont pas très bleues <eos>,14,bleues,bleus,12,M,S,bleues,-11.171748,bleus,-10.9096365,0
3242,P_NOUN_9_ADJ_b,F,P,les pommes avec le jouet qui étaient là depuis hier ne sont pas très noires <eos>,14,noires,noirs,12,M,S,noires,-9.406488,noirs,-10.827962,1
3243,P_NOUN_9_ADJ_b,F,P,les pommes avec le jouet qui étaient là depuis hier ne sont pas très délicates <eos>,14,délicates,délicats,12,M,S,délicates,-8.480366,délicats,-8.619833,1
3244,P_NOUN_9_ADJ_b,F,P,les pommes avec le jouet qui étaient là depuis hier ne sont pas très pointues <eos>,14,pointues,pointus,12,M,S,pointues,-9.020979,pointus,-11.189152,1
3245,P_NOUN_9_ADJ_b,F,P,les pommes avec le jouet qui étaient là depuis hier ne sont pas très rondes <eos>,14,rondes,ronds,12,M,S,rondes,-10.382805,ronds,-11.310156,1
3246,P_NOUN_9_ADJ_b,F,P,les pommes avec le jouet qui étaient là depuis hier ne sont pas très froides <eos>,14,froides,froids,12,M,S,froides,-5.697112,froids,-9.684421,1
3247,P_NOUN_9_ADJ_b,F,P,les pommes avec le jouet qui étaient là depuis hier ne sont pas très chaudes <eos>,14,chaudes,chauds,12,M,S,chaudes,-6.5533247,chauds,-7.95312,1
3248,P_NOUN_9_ADJ_b,F,P,les pommes avec le jouet qui étaient là depuis hier ne sont pas très importantes <eos>,14,importantes,importants,12,M,S,importantes,-5.6685705,importants,-7.463872,1
3249,P_NOUN_9_ADJ_b,F,P,les pommes avec le jouet qui étaient là depuis hier ne sont pas très courtes <eos>,14,courtes,courts,12,M,S,courtes,-6.8685384,courts,-8.101879,1
3250,P_NOUN_9_ADJ_b,F,P,les pommes avec le jouet qui étaient là depuis hier ne sont pas très dures <eos>,14,dures,durs,12,M,S,dures,-5.352009,durs,-6.5582848,1
3251,P_NOUN_9_ADJ_b,F,P,les pommes avec le jouet qui étaient là depuis hier ne sont pas très claires <eos>,14,claires,clairs,12,M,S,claires,-4.1741686,clairs,-6.4495144,1
3252,P_NOUN_9_ADJ_b,F,P,les pommes avec le jouet qui étaient là depuis hier ne sont pas très intéressantes <eos>,14,intéressantes,intéressants,12,M,S,intéressantes,-6.750576,intéressants,-8.197655,1
3253,P_NOUN_9_ADJ_b,F,P,les pommes avec le jouet qui étaient là depuis hier ne sont pas très brillantes <eos>,14,brillantes,brillants,12,M,S,brillantes,-7.1947107,brillants,-8.683188,1
3254,P_NOUN_9_ADJ_b,F,P,les pommes avec le jouet qui étaient là depuis hier ne sont pas très compliquées <eos>,14,compliquées,compliqués,12,M,S,compliquées,-7.958347,compliqués,-8.004272,1
3255,P_NOUN_9_ADJ_b,F,P,les pommes avec le clou qui étaient là depuis hier ne sont pas très vertes <eos>,14,vertes,verts,12,M,S,vertes,-9.6318245,verts,-10.513439,1
3256,P_NOUN_9_ADJ_b,F,P,les pommes avec le clou qui étaient là depuis hier ne sont pas très bleues <eos>,14,bleues,bleus,12,M,S,bleues,-10.403034,bleus,-10.425304,1
3257,P_NOUN_9_ADJ_b,F,P,les pommes avec le clou qui étaient là depuis hier ne sont pas très noires <eos>,14,noires,noirs,12,M,S,noires,-8.745859,noirs,-10.682382,1
3258,P_NOUN_9_ADJ_b,F,P,les pommes avec le clou qui étaient là depuis hier ne sont pas très délicates <eos>,14,délicates,délicats,12,M,S,délicates,-7.9263134,délicats,-8.661485,1
3259,P_NOUN_9_ADJ_b,F,P,les pommes avec le clou qui étaient là depuis hier ne sont pas très pointues <eos>,14,pointues,pointus,12,M,S,pointues,-8.764284,pointus,-10.907862,1
3260,P_NOUN_9_ADJ_b,F,P,les pommes avec le clou qui étaient là depuis hier ne sont pas très rondes <eos>,14,rondes,ronds,12,M,S,rondes,-9.729776,ronds,-10.521805,1
3261,P_NOUN_9_ADJ_b,F,P,les pommes avec le clou qui étaient là depuis hier ne sont pas très froides <eos>,14,froides,froids,12,M,S,froides,-5.6166162,froids,-10.365451,1
3262,P_NOUN_9_ADJ_b,F,P,les pommes avec le clou qui étaient là depuis hier ne sont pas très chaudes <eos>,14,chaudes,chauds,12,M,S,chaudes,-6.499278,chauds,-8.216474,1
3263,P_NOUN_9_ADJ_b,F,P,les pommes avec le clou qui étaient là depuis hier ne sont pas très importantes <eos>,14,importantes,importants,12,M,S,importantes,-5.363237,importants,-7.7318406,1
3264,P_NOUN_9_ADJ_b,F,P,les pommes avec le clou qui étaient là depuis hier ne sont pas très courtes <eos>,14,courtes,courts,12,M,S,courtes,-6.3794494,courts,-8.174088,1
3265,P_NOUN_9_ADJ_b,F,P,les pommes avec le clou qui étaient là depuis hier ne sont pas très dures <eos>,14,dures,durs,12,M,S,dures,-5.440124,durs,-7.3383565,1
3266,P_NOUN_9_ADJ_b,F,P,les pommes avec le clou qui étaient là depuis hier ne sont pas très claires <eos>,14,claires,clairs,12,M,S,claires,-4.4966226,clairs,-6.452171,1
3267,P_NOUN_9_ADJ_b,F,P,les pommes avec le clou qui étaient là depuis hier ne sont pas très intéressantes <eos>,14,intéressantes,intéressants,12,M,S,intéressantes,-6.5101404,intéressants,-8.612267,1
3268,P_NOUN_9_ADJ_b,F,P,les pommes avec le clou qui étaient là depuis hier ne sont pas très brillantes <eos>,14,brillantes,brillants,12,M,S,brillantes,-6.814658,brillants,-8.675883,1
3269,P_NOUN_9_ADJ_b,F,P,les pommes avec le clou qui étaient là depuis hier ne sont pas très compliquées <eos>,14,compliquées,compliqués,12,M,S,compliquées,-7.9473066,compliqués,-8.085137,1
3270,P_NOUN_9_ADJ_b,F,P,les pommes avec le billet qui étaient là depuis hier ne sont pas très vertes <eos>,14,vertes,verts,12,M,S,vertes,-10.546701,verts,-10.573576,1
3271,P_NOUN_9_ADJ_b,F,P,les pommes avec le billet qui étaient là depuis hier ne sont pas très bleues <eos>,14,bleues,bleus,12,M,S,bleues,-11.4559145,bleus,-10.938718,0
3272,P_NOUN_9_ADJ_b,F,P,les pommes avec le billet qui étaient là depuis hier ne sont pas très noires <eos>,14,noires,noirs,12,M,S,noires,-9.788384,noirs,-10.689902,1
3273,P_NOUN_9_ADJ_b,F,P,les pommes avec le billet qui étaient là depuis hier ne sont pas très délicates <eos>,14,délicates,délicats,12,M,S,délicates,-8.381287,délicats,-9.01025,1
3274,P_NOUN_9_ADJ_b,F,P,les pommes avec le billet qui étaient là depuis hier ne sont pas très pointues <eos>,14,pointues,pointus,12,M,S,pointues,-9.162947,pointus,-11.477816,1
3275,P_NOUN_9_ADJ_b,F,P,les pommes avec le billet qui étaient là depuis hier ne sont pas très rondes <eos>,14,rondes,ronds,12,M,S,rondes,-11.0068035,ronds,-11.429244,1
3276,P_NOUN_9_ADJ_b,F,P,les pommes avec le billet qui étaient là depuis hier ne sont pas très froides <eos>,14,froides,froids,12,M,S,froides,-5.911977,froids,-10.385725,1
3277,P_NOUN_9_ADJ_b,F,P,les pommes avec le billet qui étaient là depuis hier ne sont pas très chaudes <eos>,14,chaudes,chauds,12,M,S,chaudes,-7.2085595,chauds,-8.151567,1
3278,P_NOUN_9_ADJ_b,F,P,les pommes avec le billet qui étaient là depuis hier ne sont pas très importantes <eos>,14,importantes,importants,12,M,S,importantes,-5.1119385,importants,-6.855856,1
3279,P_NOUN_9_ADJ_b,F,P,les pommes avec le billet qui étaient là depuis hier ne sont pas très courtes <eos>,14,courtes,courts,12,M,S,courtes,-6.5871186,courts,-7.5974374,1
3280,P_NOUN_9_ADJ_b,F,P,les pommes avec le billet qui étaient là depuis hier ne sont pas très dures <eos>,14,dures,durs,12,M,S,dures,-4.695513,durs,-6.5181274,1
3281,P_NOUN_9_ADJ_b,F,P,les pommes avec le billet qui étaient là depuis hier ne sont pas très claires <eos>,14,claires,clairs,12,M,S,claires,-4.955956,clairs,-6.3686213,1
3282,P_NOUN_9_ADJ_b,F,P,les pommes avec le billet qui étaient là depuis hier ne sont pas très intéressantes <eos>,14,intéressantes,intéressants,12,M,S,intéressantes,-6.5542607,intéressants,-7.6748586,1
3283,P_NOUN_9_ADJ_b,F,P,les pommes avec le billet qui étaient là depuis hier ne sont pas très brillantes <eos>,14,brillantes,brillants,12,M,S,brillantes,-7.342211,brillants,-7.96776,1
3284,P_NOUN_9_ADJ_b,F,P,les pommes avec le billet qui étaient là depuis hier ne sont pas très compliquées <eos>,14,compliquées,compliqués,12,M,S,compliquées,-7.9941053,compliqués,-8.155669,1
3285,P_NOUN_9_ADJ_b,F,P,les pommes avec le légume qui étaient là depuis hier ne sont pas très vertes <eos>,14,vertes,verts,12,M,S,vertes,-9.963211,verts,-10.514042,1
3286,P_NOUN_9_ADJ_b,F,P,les pommes avec le légume qui étaient là depuis hier ne sont pas très bleues <eos>,14,bleues,bleus,12,M,S,bleues,-11.689461,bleus,-11.425402,0
3287,P_NOUN_9_ADJ_b,F,P,les pommes avec le légume qui étaient là depuis hier ne sont pas très noires <eos>,14,noires,noirs,12,M,S,noires,-9.654602,noirs,-11.283937,1
3288,P_NOUN_9_ADJ_b,F,P,les pommes avec le légume qui étaient là depuis hier ne sont pas très délicates <eos>,14,délicates,délicats,12,M,S,délicates,-8.019775,délicats,-8.696682,1
3289,P_NOUN_9_ADJ_b,F,P,les pommes avec le légume qui étaient là depuis hier ne sont pas très pointues <eos>,14,pointues,pointus,12,M,S,pointues,-9.753831,pointus,-12.325654,1
3290,P_NOUN_9_ADJ_b,F,P,les pommes avec le légume qui étaient là depuis hier ne sont pas très rondes <eos>,14,rondes,ronds,12,M,S,rondes,-10.792553,ronds,-11.543585,1
3291,P_NOUN_9_ADJ_b,F,P,les pommes avec le légume qui étaient là depuis hier ne sont pas très froides <eos>,14,froides,froids,12,M,S,froides,-5.02337,froids,-8.441717,1
3292,P_NOUN_9_ADJ_b,F,P,les pommes avec le légume qui étaient là depuis hier ne sont pas très chaudes <eos>,14,chaudes,chauds,12,M,S,chaudes,-5.2591267,chauds,-7.3895836,1
3293,P_NOUN_9_ADJ_b,F,P,les pommes avec le légume qui étaient là depuis hier ne sont pas très importantes <eos>,14,importantes,importants,12,M,S,importantes,-4.9851766,importants,-7.6297917,1
3294,P_NOUN_9_ADJ_b,F,P,les pommes avec le légume qui étaient là depuis hier ne sont pas très courtes <eos>,14,courtes,courts,12,M,S,courtes,-7.3884974,courts,-9.208006,1
3295,P_NOUN_9_ADJ_b,F,P,les pommes avec le légume qui étaient là depuis hier ne sont pas très dures <eos>,14,dures,durs,12,M,S,dures,-4.9988265,durs,-7.0560718,1
3296,P_NOUN_9_ADJ_b,F,P,les pommes avec le légume qui étaient là depuis hier ne sont pas très claires <eos>,14,claires,clairs,12,M,S,claires,-4.0044184,clairs,-7.057765,1
3297,P_NOUN_9_ADJ_b,F,P,les pommes avec le légume qui étaient là depuis hier ne sont pas très intéressantes <eos>,14,intéressantes,intéressants,12,M,S,intéressantes,-6.602456,intéressants,-9.2869,1
3298,P_NOUN_9_ADJ_b,F,P,les pommes avec le légume qui étaient là depuis hier ne sont pas très brillantes <eos>,14,brillantes,brillants,12,M,S,brillantes,-7.059658,brillants,-8.813616,1
3299,P_NOUN_9_ADJ_b,F,P,les pommes avec le légume qui étaient là depuis hier ne sont pas très compliquées <eos>,14,compliquées,compliqués,12,M,S,compliquées,-9.133387,compliqués,-9.421848,1
3300,P_NOUN_9_ADJ_b,F,P,les tasses avec le bracelet qui étaient là depuis hier ne sont pas très vertes <eos>,14,vertes,verts,12,M,S,vertes,-10.150306,verts,-10.117409,0
3301,P_NOUN_9_ADJ_b,F,P,les tasses avec le bracelet qui étaient là depuis hier ne sont pas très bleues <eos>,14,bleues,bleus,12,M,S,bleues,-11.637146,bleus,-11.585346,0
3302,P_NOUN_9_ADJ_b,F,P,les tasses avec le bracelet qui étaient là depuis hier ne sont pas très noires <eos>,14,noires,noirs,12,M,S,noires,-10.262274,noirs,-12.27146,1
3303,P_NOUN_9_ADJ_b,F,P,les tasses avec le bracelet qui étaient là depuis hier ne sont pas très délicates <eos>,14,délicates,délicats,12,M,S,délicates,-7.525157,délicats,-8.888349,1
3304,P_NOUN_9_ADJ_b,F,P,les tasses avec le bracelet qui étaient là depuis hier ne sont pas très pointues <eos>,14,pointues,pointus,12,M,S,pointues,-8.681915,pointus,-11.13553,1
3305,P_NOUN_9_ADJ_b,F,P,les tasses avec le bracelet qui étaient là depuis hier ne sont pas très rondes <eos>,14,rondes,ronds,12,M,S,rondes,-10.737402,ronds,-12.02249,1
3306,P_NOUN_9_ADJ_b,F,P,les tasses avec le bracelet qui étaient là depuis hier ne sont pas très froides <eos>,14,froides,froids,12,M,S,froides,-5.5015097,froids,-10.908935,1
3307,P_NOUN_9_ADJ_b,F,P,les tasses avec le bracelet qui étaient là depuis hier ne sont pas très chaudes <eos>,14,chaudes,chauds,12,M,S,chaudes,-6.5454845,chauds,-8.037699,1
3308,P_NOUN_9_ADJ_b,F,P,les tasses avec le bracelet qui étaient là depuis hier ne sont pas très importantes <eos>,14,importantes,importants,12,M,S,importantes,-5.2543445,importants,-7.60496,1
3309,P_NOUN_9_ADJ_b,F,P,les tasses avec le bracelet qui étaient là depuis hier ne sont pas très courtes <eos>,14,courtes,courts,12,M,S,courtes,-7.566053,courts,-8.521135,1
3310,P_NOUN_9_ADJ_b,F,P,les tasses avec le bracelet qui étaient là depuis hier ne sont pas très dures <eos>,14,dures,durs,12,M,S,dures,-5.627941,durs,-7.309697,1
3311,P_NOUN_9_ADJ_b,F,P,les tasses avec le bracelet qui étaient là depuis hier ne sont pas très claires <eos>,14,claires,clairs,12,M,S,claires,-4.5082445,clairs,-7.21183,1
3312,P_NOUN_9_ADJ_b,F,P,les tasses avec le bracelet qui étaient là depuis hier ne sont pas très intéressantes <eos>,14,intéressantes,intéressants,12,M,S,intéressantes,-6.3708525,intéressants,-8.0263815,1
3313,P_NOUN_9_ADJ_b,F,P,les tasses avec le bracelet qui étaient là depuis hier ne sont pas très brillantes <eos>,14,brillantes,brillants,12,M,S,brillantes,-7.4310255,brillants,-8.053641,1
3314,P_NOUN_9_ADJ_b,F,P,les tasses avec le bracelet qui étaient là depuis hier ne sont pas très compliquées <eos>,14,compliquées,compliqués,12,M,S,compliquées,-7.108576,compliqués,-7.1351643,1
3315,P_NOUN_9_ADJ_b,F,P,les tasses avec le miroir qui étaient là depuis hier ne sont pas très vertes <eos>,14,vertes,verts,12,M,S,vertes,-9.931102,verts,-11.053771,1
3316,P_NOUN_9_ADJ_b,F,P,les tasses avec le miroir qui étaient là depuis hier ne sont pas très bleues <eos>,14,bleues,bleus,12,M,S,bleues,-11.572536,bleus,-11.955137,1
3317,P_NOUN_9_ADJ_b,F,P,les tasses avec le miroir qui étaient là depuis hier ne sont pas très noires <eos>,14,noires,noirs,12,M,S,noires,-10.077658,noirs,-12.549385,1
3318,P_NOUN_9_ADJ_b,F,P,les tasses avec le miroir qui étaient là depuis hier ne sont pas très délicates <eos>,14,délicates,délicats,12,M,S,délicates,-7.376582,délicats,-8.331406,1
3319,P_NOUN_9_ADJ_b,F,P,les tasses avec le miroir qui étaient là depuis hier ne sont pas très pointues <eos>,14,pointues,pointus,12,M,S,pointues,-8.425235,pointus,-11.13182,1
3320,P_NOUN_9_ADJ_b,F,P,les tasses avec le miroir qui étaient là depuis hier ne sont pas très rondes <eos>,14,rondes,ronds,12,M,S,rondes,-10.117745,ronds,-11.404193,1
3321,P_NOUN_9_ADJ_b,F,P,les tasses avec le miroir qui étaient là depuis hier ne sont pas très froides <eos>,14,froides,froids,12,M,S,froides,-5.641303,froids,-10.556256,1
3322,P_NOUN_9_ADJ_b,F,P,les tasses avec le miroir qui étaient là depuis hier ne sont pas très chaudes <eos>,14,chaudes,chauds,12,M,S,chaudes,-6.223798,chauds,-8.690292,1
3323,P_NOUN_9_ADJ_b,F,P,les tasses avec le miroir qui étaient là depuis hier ne sont pas très importantes <eos>,14,importantes,importants,12,M,S,importantes,-5.3560123,importants,-8.300678,1
3324,P_NOUN_9_ADJ_b,F,P,les tasses avec le miroir qui étaient là depuis hier ne sont pas très courtes <eos>,14,courtes,courts,12,M,S,courtes,-6.6127844,courts,-8.437604,1
3325,P_NOUN_9_ADJ_b,F,P,les tasses avec le miroir qui étaient là depuis hier ne sont pas très dures <eos>,14,dures,durs,12,M,S,dures,-5.771537,durs,-7.9850445,1
3326,P_NOUN_9_ADJ_b,F,P,les tasses avec le miroir qui étaient là depuis hier ne sont pas très claires <eos>,14,claires,clairs,12,M,S,claires,-4.2662067,clairs,-7.60042,1
3327,P_NOUN_9_ADJ_b,F,P,les tasses avec le miroir qui étaient là depuis hier ne sont pas très intéressantes <eos>,14,intéressantes,intéressants,12,M,S,intéressantes,-6.577615,intéressants,-8.810592,1
3328,P_NOUN_9_ADJ_b,F,P,les tasses avec le miroir qui étaient là depuis hier ne sont pas très brillantes <eos>,14,brillantes,brillants,12,M,S,brillantes,-7.0246058,brillants,-8.969017,1
3329,P_NOUN_9_ADJ_b,F,P,les tasses avec le miroir qui étaient là depuis hier ne sont pas très compliquées <eos>,14,compliquées,compliqués,12,M,S,compliquées,-6.646672,compliqués,-7.296448,1
3330,P_NOUN_9_ADJ_b,F,P,les tasses avec le crayon qui étaient là depuis hier ne sont pas très vertes <eos>,14,vertes,verts,12,M,S,vertes,-9.650669,verts,-10.97561,1
3331,P_NOUN_9_ADJ_b,F,P,les tasses avec le crayon qui étaient là depuis hier ne sont pas très bleues <eos>,14,bleues,bleus,12,M,S,bleues,-11.374098,bleus,-11.916594,1
3332,P_NOUN_9_ADJ_b,F,P,les tasses avec le crayon qui étaient là depuis hier ne sont pas très noires <eos>,14,noires,noirs,12,M,S,noires,-9.915674,noirs,-12.4672785,1
3333,P_NOUN_9_ADJ_b,F,P,les tasses avec le crayon qui étaient là depuis hier ne sont pas très délicates <eos>,14,délicates,délicats,12,M,S,délicates,-7.4993596,délicats,-8.326935,1
3334,P_NOUN_9_ADJ_b,F,P,les tasses avec le crayon qui étaient là depuis hier ne sont pas très pointues <eos>,14,pointues,pointus,12,M,S,pointues,-9.237852,pointus,-11.63833,1
3335,P_NOUN_9_ADJ_b,F,P,les tasses avec le crayon qui étaient là depuis hier ne sont pas très rondes <eos>,14,rondes,ronds,12,M,S,rondes,-10.631216,ronds,-11.357536,1
3336,P_NOUN_9_ADJ_b,F,P,les tasses avec le crayon qui étaient là depuis hier ne sont pas très froides <eos>,14,froides,froids,12,M,S,froides,-5.6968713,froids,-10.759653,1
3337,P_NOUN_9_ADJ_b,F,P,les tasses avec le crayon qui étaient là depuis hier ne sont pas très chaudes <eos>,14,chaudes,chauds,12,M,S,chaudes,-6.2543507,chauds,-8.758545,1
3338,P_NOUN_9_ADJ_b,F,P,les tasses avec le crayon qui étaient là depuis hier ne sont pas très importantes <eos>,14,importantes,importants,12,M,S,importantes,-5.3989,importants,-8.388774,1
3339,P_NOUN_9_ADJ_b,F,P,les tasses avec le crayon qui étaient là depuis hier ne sont pas très courtes <eos>,14,courtes,courts,12,M,S,courtes,-6.9770393,courts,-8.684757,1
3340,P_NOUN_9_ADJ_b,F,P,les tasses avec le crayon qui étaient là depuis hier ne sont pas très dures <eos>,14,dures,durs,12,M,S,dures,-5.721269,durs,-7.7837653,1
3341,P_NOUN_9_ADJ_b,F,P,les tasses avec le crayon qui étaient là depuis hier ne sont pas très claires <eos>,14,claires,clairs,12,M,S,claires,-4.1219816,clairs,-7.1908875,1
3342,P_NOUN_9_ADJ_b,F,P,les tasses avec le crayon qui étaient là depuis hier ne sont pas très intéressantes <eos>,14,intéressantes,intéressants,12,M,S,intéressantes,-6.5331445,intéressants,-8.815044,1
3343,P_NOUN_9_ADJ_b,F,P,les tasses avec le crayon qui étaient là depuis hier ne sont pas très brillantes <eos>,14,brillantes,brillants,12,M,S,brillantes,-7.1192245,brillants,-8.863633,1
3344,P_NOUN_9_ADJ_b,F,P,les tasses avec le crayon qui étaient là depuis hier ne sont pas très compliquées <eos>,14,compliquées,compliqués,12,M,S,compliquées,-7.3326063,compliqués,-7.4409113,1
3345,P_NOUN_9_ADJ_b,F,P,les tasses avec le rideau qui étaient là depuis hier ne sont pas très vertes <eos>,14,vertes,verts,12,M,S,vertes,-10.22698,verts,-11.09534,1
3346,P_NOUN_9_ADJ_b,F,P,les tasses avec le rideau qui étaient là depuis hier ne sont pas très bleues <eos>,14,bleues,bleus,12,M,S,bleues,-11.20055,bleus,-11.571451,1
3347,P_NOUN_9_ADJ_b,F,P,les tasses avec le rideau qui étaient là depuis hier ne sont pas très noires <eos>,14,noires,noirs,12,M,S,noires,-9.835967,noirs,-12.460034,1
3348,P_NOUN_9_ADJ_b,F,P,les tasses avec le rideau qui étaient là depuis hier ne sont pas très délicates <eos>,14,délicates,délicats,12,M,S,délicates,-7.164731,délicats,-8.531023,1
3349,P_NOUN_9_ADJ_b,F,P,les tasses avec le rideau qui étaient là depuis hier ne sont pas très pointues <eos>,14,pointues,pointus,12,M,S,pointues,-8.67095,pointus,-11.610216,1
3350,P_NOUN_9_ADJ_b,F,P,les tasses avec le rideau qui étaient là depuis hier ne sont pas très rondes <eos>,14,rondes,ronds,12,M,S,rondes,-10.036509,ronds,-11.262009,1
3351,P_NOUN_9_ADJ_b,F,P,les tasses avec le rideau qui étaient là depuis hier ne sont pas très froides <eos>,14,froides,froids,12,M,S,froides,-5.5119333,froids,-10.459722,1
3352,P_NOUN_9_ADJ_b,F,P,les tasses avec le rideau qui étaient là depuis hier ne sont pas très chaudes <eos>,14,chaudes,chauds,12,M,S,chaudes,-6.32868,chauds,-8.724825,1
3353,P_NOUN_9_ADJ_b,F,P,les tasses avec le rideau qui étaient là depuis hier ne sont pas très importantes <eos>,14,importantes,importants,12,M,S,importantes,-5.073371,importants,-8.165984,1
3354,P_NOUN_9_ADJ_b,F,P,les tasses avec le rideau qui étaient là depuis hier ne sont pas très courtes <eos>,14,courtes,courts,12,M,S,courtes,-6.663781,courts,-8.572559,1
3355,P_NOUN_9_ADJ_b,F,P,les tasses avec le rideau qui étaient là depuis hier ne sont pas très dures <eos>,14,dures,durs,12,M,S,dures,-5.418689,durs,-7.8591194,1
3356,P_NOUN_9_ADJ_b,F,P,les tasses avec le rideau qui étaient là depuis hier ne sont pas très claires <eos>,14,claires,clairs,12,M,S,claires,-4.145934,clairs,-7.531064,1
3357,P_NOUN_9_ADJ_b,F,P,les tasses avec le rideau qui étaient là depuis hier ne sont pas très intéressantes <eos>,14,intéressantes,intéressants,12,M,S,intéressantes,-6.650475,intéressants,-8.989435,1
3358,P_NOUN_9_ADJ_b,F,P,les tasses avec le rideau qui étaient là depuis hier ne sont pas très brillantes <eos>,14,brillantes,brillants,12,M,S,brillantes,-7.120571,brillants,-9.17272,1
3359,P_NOUN_9_ADJ_b,F,P,les tasses avec le rideau qui étaient là depuis hier ne sont pas très compliquées <eos>,14,compliquées,compliqués,12,M,S,compliquées,-7.0561066,compliqués,-7.712165,1
3360,P_NOUN_9_ADJ_b,F,P,les tasses avec le cahier qui étaient là depuis hier ne sont pas très vertes <eos>,14,vertes,verts,12,M,S,vertes,-10.150546,verts,-10.90816,1
3361,P_NOUN_9_ADJ_b,F,P,les tasses avec le cahier qui étaient là depuis hier ne sont pas très bleues <eos>,14,bleues,bleus,12,M,S,bleues,-11.853743,bleus,-11.972261,1
3362,P_NOUN_9_ADJ_b,F,P,les tasses avec le cahier qui étaient là depuis hier ne sont pas très noires <eos>,14,noires,noirs,12,M,S,noires,-10.3919,noirs,-12.537673,1
3363,P_NOUN_9_ADJ_b,F,P,les tasses avec le cahier qui étaient là depuis hier ne sont pas très délicates <eos>,14,délicates,délicats,12,M,S,délicates,-7.2422895,délicats,-8.11683,1
3364,P_NOUN_9_ADJ_b,F,P,les tasses avec le cahier qui étaient là depuis hier ne sont pas très pointues <eos>,14,pointues,pointus,12,M,S,pointues,-8.96352,pointus,-11.15679,1
3365,P_NOUN_9_ADJ_b,F,P,les tasses avec le cahier qui étaient là depuis hier ne sont pas très rondes <eos>,14,rondes,ronds,12,M,S,rondes,-10.116333,ronds,-11.182969,1
3366,P_NOUN_9_ADJ_b,F,P,les tasses avec le cahier qui étaient là depuis hier ne sont pas très froides <eos>,14,froides,froids,12,M,S,froides,-5.6066666,froids,-10.121054,1
3367,P_NOUN_9_ADJ_b,F,P,les tasses avec le cahier qui étaient là depuis hier ne sont pas très chaudes <eos>,14,chaudes,chauds,12,M,S,chaudes,-6.1576576,chauds,-8.081624,1
3368,P_NOUN_9_ADJ_b,F,P,les tasses avec le cahier qui étaient là depuis hier ne sont pas très importantes <eos>,14,importantes,importants,12,M,S,importantes,-5.378778,importants,-7.4962344,1
3369,P_NOUN_9_ADJ_b,F,P,les tasses avec le cahier qui étaient là depuis hier ne sont pas très courtes <eos>,14,courtes,courts,12,M,S,courtes,-6.6419334,courts,-7.9895763,1
3370,P_NOUN_9_ADJ_b,F,P,les tasses avec le cahier qui étaient là depuis hier ne sont pas très dures <eos>,14,dures,durs,12,M,S,dures,-5.5812664,durs,-7.7394686,1
3371,P_NOUN_9_ADJ_b,F,P,les tasses avec le cahier qui étaient là depuis hier ne sont pas très claires <eos>,14,claires,clairs,12,M,S,claires,-4.188615,clairs,-7.2548494,1
3372,P_NOUN_9_ADJ_b,F,P,les tasses avec le cahier qui étaient là depuis hier ne sont pas très intéressantes <eos>,14,intéressantes,intéressants,12,M,S,intéressantes,-6.593963,intéressants,-8.143305,1
3373,P_NOUN_9_ADJ_b,F,P,les tasses avec le cahier qui étaient là depuis hier ne sont pas très brillantes <eos>,14,brillantes,brillants,12,M,S,brillantes,-7.8029947,brillants,-8.809078,1
3374,P_NOUN_9_ADJ_b,F,P,les tasses avec le cahier qui étaient là depuis hier ne sont pas très compliquées <eos>,14,compliquées,compliqués,12,M,S,compliquées,-7.3078346,compliqués,-7.303563,0
3375,P_NOUN_9_ADJ_b,F,P,les tasses avec le micro qui étaient là depuis hier ne sont pas très vertes <eos>,14,vertes,verts,12,M,S,vertes,-10.015861,verts,-10.933008,1
3376,P_NOUN_9_ADJ_b,F,P,les tasses avec le micro qui étaient là depuis hier ne sont pas très bleues <eos>,14,bleues,bleus,12,M,S,bleues,-11.314896,bleus,-11.584982,1
3377,P_NOUN_9_ADJ_b,F,P,les tasses avec le micro qui étaient là depuis hier ne sont pas très noires <eos>,14,noires,noirs,12,M,S,noires,-9.838497,noirs,-12.450645,1
3378,P_NOUN_9_ADJ_b,F,P,les tasses avec le micro qui étaient là depuis hier ne sont pas très délicates <eos>,14,délicates,délicats,12,M,S,délicates,-7.3942475,délicats,-8.542122,1
3379,P_NOUN_9_ADJ_b,F,P,les tasses avec le micro qui étaient là depuis hier ne sont pas très pointues <eos>,14,pointues,pointus,12,M,S,pointues,-8.657032,pointus,-11.584654,1
3380,P_NOUN_9_ADJ_b,F,P,les tasses avec le micro qui étaient là depuis hier ne sont pas très rondes <eos>,14,rondes,ronds,12,M,S,rondes,-10.012793,ronds,-11.308677,1
3381,P_NOUN_9_ADJ_b,F,P,les tasses avec le micro qui étaient là depuis hier ne sont pas très froides <eos>,14,froides,froids,12,M,S,froides,-5.3314357,froids,-10.435823,1
3382,P_NOUN_9_ADJ_b,F,P,les tasses avec le micro qui étaient là depuis hier ne sont pas très chaudes <eos>,14,chaudes,chauds,12,M,S,chaudes,-6.07983,chauds,-8.563041,1
3383,P_NOUN_9_ADJ_b,F,P,les tasses avec le micro qui étaient là depuis hier ne sont pas très importantes <eos>,14,importantes,importants,12,M,S,importantes,-5.200084,importants,-8.188496,1
3384,P_NOUN_9_ADJ_b,F,P,les tasses avec le micro qui étaient là depuis hier ne sont pas très courtes <eos>,14,courtes,courts,12,M,S,courtes,-6.607298,courts,-8.277456,1
3385,P_NOUN_9_ADJ_b,F,P,les tasses avec le micro qui étaient là depuis hier ne sont pas très dures <eos>,14,dures,durs,12,M,S,dures,-5.7974606,durs,-7.8658905,1
3386,P_NOUN_9_ADJ_b,F,P,les tasses avec le micro qui étaient là depuis hier ne sont pas très claires <eos>,14,claires,clairs,12,M,S,claires,-4.0404196,clairs,-7.950798,1
3387,P_NOUN_9_ADJ_b,F,P,les tasses avec le micro qui étaient là depuis hier ne sont pas très intéressantes <eos>,14,intéressantes,intéressants,12,M,S,intéressantes,-6.441577,intéressants,-8.716651,1
3388,P_NOUN_9_ADJ_b,F,P,les tasses avec le micro qui étaient là depuis hier ne sont pas très brillantes <eos>,14,brillantes,brillants,12,M,S,brillantes,-7.6012387,brillants,-9.266033,1
3389,P_NOUN_9_ADJ_b,F,P,les tasses avec le micro qui étaient là depuis hier ne sont pas très compliquées <eos>,14,compliquées,compliqués,12,M,S,compliquées,-7.1088467,compliqués,-7.6555576,1
3390,P_NOUN_9_ADJ_b,F,P,les tasses avec le sac qui étaient là depuis hier ne sont pas très vertes <eos>,14,vertes,verts,12,M,S,vertes,-10.218532,verts,-10.925478,1
3391,P_NOUN_9_ADJ_b,F,P,les tasses avec le sac qui étaient là depuis hier ne sont pas très bleues <eos>,14,bleues,bleus,12,M,S,bleues,-11.628094,bleus,-11.741392,1
3392,P_NOUN_9_ADJ_b,F,P,les tasses avec le sac qui étaient là depuis hier ne sont pas très noires <eos>,14,noires,noirs,12,M,S,noires,-10.100759,noirs,-12.325286,1
3393,P_NOUN_9_ADJ_b,F,P,les tasses avec le sac qui étaient là depuis hier ne sont pas très délicates <eos>,14,délicates,délicats,12,M,S,délicates,-7.6343946,délicats,-8.191524,1
3394,P_NOUN_9_ADJ_b,F,P,les tasses avec le sac qui étaient là depuis hier ne sont pas très pointues <eos>,14,pointues,pointus,12,M,S,pointues,-8.621127,pointus,-11.186267,1
3395,P_NOUN_9_ADJ_b,F,P,les tasses avec le sac qui étaient là depuis hier ne sont pas très rondes <eos>,14,rondes,ronds,12,M,S,rondes,-10.037662,ronds,-11.278744,1
3396,P_NOUN_9_ADJ_b,F,P,les tasses avec le sac qui étaient là depuis hier ne sont pas très froides <eos>,14,froides,froids,12,M,S,froides,-5.36822,froids,-10.263041,1
3397,P_NOUN_9_ADJ_b,F,P,les tasses avec le sac qui étaient là depuis hier ne sont pas très chaudes <eos>,14,chaudes,chauds,12,M,S,chaudes,-6.3263035,chauds,-8.201417,1
3398,P_NOUN_9_ADJ_b,F,P,les tasses avec le sac qui étaient là depuis hier ne sont pas très importantes <eos>,14,importantes,importants,12,M,S,importantes,-5.31891,importants,-7.9832597,1
3399,P_NOUN_9_ADJ_b,F,P,les tasses avec le sac qui étaient là depuis hier ne sont pas très courtes <eos>,14,courtes,courts,12,M,S,courtes,-6.7675867,courts,-8.223519,1
3400,P_NOUN_9_ADJ_b,F,P,les tasses avec le sac qui étaient là depuis hier ne sont pas très dures <eos>,14,dures,durs,12,M,S,dures,-5.270729,durs,-7.3439035,1
3401,P_NOUN_9_ADJ_b,F,P,les tasses avec le sac qui étaient là depuis hier ne sont pas très claires <eos>,14,claires,clairs,12,M,S,claires,-4.3429003,clairs,-7.492239,1
3402,P_NOUN_9_ADJ_b,F,P,les tasses avec le sac qui étaient là depuis hier ne sont pas très intéressantes <eos>,14,intéressantes,intéressants,12,M,S,intéressantes,-6.567898,intéressants,-8.715412,1
3403,P_NOUN_9_ADJ_b,F,P,les tasses avec le sac qui étaient là depuis hier ne sont pas très brillantes <eos>,14,brillantes,brillants,12,M,S,brillantes,-7.403138,brillants,-8.800596,1
3404,P_NOUN_9_ADJ_b,F,P,les tasses avec le sac qui étaient là depuis hier ne sont pas très compliquées <eos>,14,compliquées,compliqués,12,M,S,compliquées,-7.06637,compliqués,-7.4995937,1
3405,P_NOUN_9_ADJ_b,F,P,les tasses avec le clavier qui étaient là depuis hier ne sont pas très vertes <eos>,14,vertes,verts,12,M,S,vertes,-10.625731,verts,-11.636881,1
3406,P_NOUN_9_ADJ_b,F,P,les tasses avec le clavier qui étaient là depuis hier ne sont pas très bleues <eos>,14,bleues,bleus,12,M,S,bleues,-12.06633,bleus,-12.654625,1
3407,P_NOUN_9_ADJ_b,F,P,les tasses avec le clavier qui étaient là depuis hier ne sont pas très noires <eos>,14,noires,noirs,12,M,S,noires,-10.520641,noirs,-12.993376,1
3408,P_NOUN_9_ADJ_b,F,P,les tasses avec le clavier qui étaient là depuis hier ne sont pas très délicates <eos>,14,délicates,délicats,12,M,S,délicates,-7.876995,délicats,-8.851174,1
3409,P_NOUN_9_ADJ_b,F,P,les tasses avec le clavier qui étaient là depuis hier ne sont pas très pointues <eos>,14,pointues,pointus,12,M,S,pointues,-8.735524,pointus,-12.267323,1
3410,P_NOUN_9_ADJ_b,F,P,les tasses avec le clavier qui étaient là depuis hier ne sont pas très rondes <eos>,14,rondes,ronds,12,M,S,rondes,-10.194273,ronds,-11.911473,1
3411,P_NOUN_9_ADJ_b,F,P,les tasses avec le clavier qui étaient là depuis hier ne sont pas très froides <eos>,14,froides,froids,12,M,S,froides,-6.1288214,froids,-11.291878,1
3412,P_NOUN_9_ADJ_b,F,P,les tasses avec le clavier qui étaient là depuis hier ne sont pas très chaudes <eos>,14,chaudes,chauds,12,M,S,chaudes,-6.852682,chauds,-9.458754,1
3413,P_NOUN_9_ADJ_b,F,P,les tasses avec le clavier qui étaient là depuis hier ne sont pas très importantes <eos>,14,importantes,importants,12,M,S,importantes,-5.4914637,importants,-8.405359,1
3414,P_NOUN_9_ADJ_b,F,P,les tasses avec le clavier qui étaient là depuis hier ne sont pas très courtes <eos>,14,courtes,courts,12,M,S,courtes,-6.4945326,courts,-8.659538,1
3415,P_NOUN_9_ADJ_b,F,P,les tasses avec le clavier qui étaient là depuis hier ne sont pas très dures <eos>,14,dures,durs,12,M,S,dures,-5.786192,durs,-7.1477365,1
3416,P_NOUN_9_ADJ_b,F,P,les tasses avec le clavier qui étaient là depuis hier ne sont pas très claires <eos>,14,claires,clairs,12,M,S,claires,-4.0670195,clairs,-7.564664,1
3417,P_NOUN_9_ADJ_b,F,P,les tasses avec le clavier qui étaient là depuis hier ne sont pas très intéressantes <eos>,14,intéressantes,intéressants,12,M,S,intéressantes,-6.405714,intéressants,-8.468236,1
3418,P_NOUN_9_ADJ_b,F,P,les tasses avec le clavier qui étaient là depuis hier ne sont pas très brillantes <eos>,14,brillantes,brillants,12,M,S,brillantes,-7.238212,brillants,-9.638077,1
3419,P_NOUN_9_ADJ_b,F,P,les tasses avec le clavier qui étaient là depuis hier ne sont pas très compliquées <eos>,14,compliquées,compliqués,12,M,S,compliquées,-6.307457,compliqués,-7.189062,1
3420,P_NOUN_9_ADJ_b,F,P,les tasses avec le raisin qui étaient là depuis hier ne sont pas très vertes <eos>,14,vertes,verts,12,M,S,vertes,-10.017581,verts,-11.478549,1
3421,P_NOUN_9_ADJ_b,F,P,les tasses avec le raisin qui étaient là depuis hier ne sont pas très bleues <eos>,14,bleues,bleus,12,M,S,bleues,-12.040838,bleus,-12.45499,1
3422,P_NOUN_9_ADJ_b,F,P,les tasses avec le raisin qui étaient là depuis hier ne sont pas très noires <eos>,14,noires,noirs,12,M,S,noires,-10.003248,noirs,-13.078291,1
3423,P_NOUN_9_ADJ_b,F,P,les tasses avec le raisin qui étaient là depuis hier ne sont pas très délicates <eos>,14,délicates,délicats,12,M,S,délicates,-7.8089833,délicats,-8.183014,1
3424,P_NOUN_9_ADJ_b,F,P,les tasses avec le raisin qui étaient là depuis hier ne sont pas très pointues <eos>,14,pointues,pointus,12,M,S,pointues,-9.116288,pointus,-12.352848,1
3425,P_NOUN_9_ADJ_b,F,P,les tasses avec le raisin qui étaient là depuis hier ne sont pas très rondes <eos>,14,rondes,ronds,12,M,S,rondes,-10.471534,ronds,-12.005083,1
3426,P_NOUN_9_ADJ_b,F,P,les tasses avec le raisin qui étaient là depuis hier ne sont pas très froides <eos>,14,froides,froids,12,M,S,froides,-5.44958,froids,-10.1261835,1
3427,P_NOUN_9_ADJ_b,F,P,les tasses avec le raisin qui étaient là depuis hier ne sont pas très chaudes <eos>,14,chaudes,chauds,12,M,S,chaudes,-5.712095,chauds,-8.332949,1
3428,P_NOUN_9_ADJ_b,F,P,les tasses avec le raisin qui étaient là depuis hier ne sont pas très importantes <eos>,14,importantes,importants,12,M,S,importantes,-4.7574086,importants,-8.201723,1
3429,P_NOUN_9_ADJ_b,F,P,les tasses avec le raisin qui étaient là depuis hier ne sont pas très courtes <eos>,14,courtes,courts,12,M,S,courtes,-7.0502615,courts,-8.906877,1
3430,P_NOUN_9_ADJ_b,F,P,les tasses avec le raisin qui étaient là depuis hier ne sont pas très dures <eos>,14,dures,durs,12,M,S,dures,-5.3706183,durs,-7.7366147,1
3431,P_NOUN_9_ADJ_b,F,P,les tasses avec le raisin qui étaient là depuis hier ne sont pas très claires <eos>,14,claires,clairs,12,M,S,claires,-4.2261066,clairs,-8.271051,1
3432,P_NOUN_9_ADJ_b,F,P,les tasses avec le raisin qui étaient là depuis hier ne sont pas très intéressantes <eos>,14,intéressantes,intéressants,12,M,S,intéressantes,-6.395546,intéressants,-9.425241,1
3433,P_NOUN_9_ADJ_b,F,P,les tasses avec le raisin qui étaient là depuis hier ne sont pas très brillantes <eos>,14,brillantes,brillants,12,M,S,brillantes,-7.83917,brillants,-9.336739,1
3434,P_NOUN_9_ADJ_b,F,P,les tasses avec le raisin qui étaient là depuis hier ne sont pas très compliquées <eos>,14,compliquées,compliqués,12,M,S,compliquées,-8.384134,compliqués,-8.5164385,1
3435,P_NOUN_9_ADJ_b,F,P,les tasses avec le chargeur qui étaient là depuis hier ne sont pas très vertes <eos>,14,vertes,verts,12,M,S,vertes,-10.558032,verts,-12.015177,1
3436,P_NOUN_9_ADJ_b,F,P,les tasses avec le chargeur qui étaient là depuis hier ne sont pas très bleues <eos>,14,bleues,bleus,12,M,S,bleues,-12.008027,bleus,-12.339019,1
3437,P_NOUN_9_ADJ_b,F,P,les tasses avec le chargeur qui étaient là depuis hier ne sont pas très noires <eos>,14,noires,noirs,12,M,S,noires,-9.839827,noirs,-12.342482,1
3438,P_NOUN_9_ADJ_b,F,P,les tasses avec le chargeur qui étaient là depuis hier ne sont pas très délicates <eos>,14,délicates,délicats,12,M,S,délicates,-8.560057,délicats,-9.485324,1
3439,P_NOUN_9_ADJ_b,F,P,les tasses avec le chargeur qui étaient là depuis hier ne sont pas très pointues <eos>,14,pointues,pointus,12,M,S,pointues,-8.764362,pointus,-11.6933155,1
3440,P_NOUN_9_ADJ_b,F,P,les tasses avec le chargeur qui étaient là depuis hier ne sont pas très rondes <eos>,14,rondes,ronds,12,M,S,rondes,-10.610976,ronds,-12.041176,1
3441,P_NOUN_9_ADJ_b,F,P,les tasses avec le chargeur qui étaient là depuis hier ne sont pas très froides <eos>,14,froides,froids,12,M,S,froides,-5.6490717,froids,-11.355136,1
3442,P_NOUN_9_ADJ_b,F,P,les tasses avec le chargeur qui étaient là depuis hier ne sont pas très chaudes <eos>,14,chaudes,chauds,12,M,S,chaudes,-7.280106,chauds,-8.6549015,1
3443,P_NOUN_9_ADJ_b,F,P,les tasses avec le chargeur qui étaient là depuis hier ne sont pas très importantes <eos>,14,importantes,importants,12,M,S,importantes,-5.1844234,importants,-8.410217,1
3444,P_NOUN_9_ADJ_b,F,P,les tasses avec le chargeur qui étaient là depuis hier ne sont pas très courtes <eos>,14,courtes,courts,12,M,S,courtes,-6.26758,courts,-8.651119,1
3445,P_NOUN_9_ADJ_b,F,P,les tasses avec le chargeur qui étaient là depuis hier ne sont pas très dures <eos>,14,dures,durs,12,M,S,dures,-5.643585,durs,-7.694004,1
3446,P_NOUN_9_ADJ_b,F,P,les tasses avec le chargeur qui étaient là depuis hier ne sont pas très claires <eos>,14,claires,clairs,12,M,S,claires,-5.1786394,clairs,-8.245905,1
3447,P_NOUN_9_ADJ_b,F,P,les tasses avec le chargeur qui étaient là depuis hier ne sont pas très intéressantes <eos>,14,intéressantes,intéressants,12,M,S,intéressantes,-6.645688,intéressants,-9.0649,1
3448,P_NOUN_9_ADJ_b,F,P,les tasses avec le chargeur qui étaient là depuis hier ne sont pas très brillantes <eos>,14,brillantes,brillants,12,M,S,brillantes,-7.823729,brillants,-9.329668,1
3449,P_NOUN_9_ADJ_b,F,P,les tasses avec le chargeur qui étaient là depuis hier ne sont pas très compliquées <eos>,14,compliquées,compliqués,12,M,S,compliquées,-6.9449635,compliqués,-7.5146065,1
3450,P_NOUN_9_ADJ_b,F,P,les tasses avec le vase qui étaient là depuis hier ne sont pas très vertes <eos>,14,vertes,verts,12,M,S,vertes,-10.283121,verts,-11.096353,1
3451,P_NOUN_9_ADJ_b,F,P,les tasses avec le vase qui étaient là depuis hier ne sont pas très bleues <eos>,14,bleues,bleus,12,M,S,bleues,-11.88968,bleus,-12.20147,1
3452,P_NOUN_9_ADJ_b,F,P,les tasses avec le vase qui étaient là depuis hier ne sont pas très noires <eos>,14,noires,noirs,12,M,S,noires,-10.272438,noirs,-12.854353,1
3453,P_NOUN_9_ADJ_b,F,P,les tasses avec le vase qui étaient là depuis hier ne sont pas très délicates <eos>,14,délicates,délicats,12,M,S,délicates,-7.289598,délicats,-8.161045,1
3454,P_NOUN_9_ADJ_b,F,P,les tasses avec le vase qui étaient là depuis hier ne sont pas très pointues <eos>,14,pointues,pointus,12,M,S,pointues,-8.880384,pointus,-11.491443,1
3455,P_NOUN_9_ADJ_b,F,P,les tasses avec le vase qui étaient là depuis hier ne sont pas très rondes <eos>,14,rondes,ronds,12,M,S,rondes,-10.755398,ronds,-11.637657,1
3456,P_NOUN_9_ADJ_b,F,P,les tasses avec le vase qui étaient là depuis hier ne sont pas très froides <eos>,14,froides,froids,12,M,S,froides,-5.563711,froids,-10.309322,1
3457,P_NOUN_9_ADJ_b,F,P,les tasses avec le vase qui étaient là depuis hier ne sont pas très chaudes <eos>,14,chaudes,chauds,12,M,S,chaudes,-5.971139,chauds,-8.543342,1
3458,P_NOUN_9_ADJ_b,F,P,les tasses avec le vase qui étaient là depuis hier ne sont pas très importantes <eos>,14,importantes,importants,12,M,S,importantes,-4.7257757,importants,-7.613389,1
3459,P_NOUN_9_ADJ_b,F,P,les tasses avec le vase qui étaient là depuis hier ne sont pas très courtes <eos>,14,courtes,courts,12,M,S,courtes,-7.3964,courts,-8.85264,1
3460,P_NOUN_9_ADJ_b,F,P,les tasses avec le vase qui étaient là depuis hier ne sont pas très dures <eos>,14,dures,durs,12,M,S,dures,-5.4222493,durs,-7.8683343,1
3461,P_NOUN_9_ADJ_b,F,P,les tasses avec le vase qui étaient là depuis hier ne sont pas très claires <eos>,14,claires,clairs,12,M,S,claires,-4.2605753,clairs,-7.5005245,1
3462,P_NOUN_9_ADJ_b,F,P,les tasses avec le vase qui étaient là depuis hier ne sont pas très intéressantes <eos>,14,intéressantes,intéressants,12,M,S,intéressantes,-6.213114,intéressants,-8.567546,1
3463,P_NOUN_9_ADJ_b,F,P,les tasses avec le vase qui étaient là depuis hier ne sont pas très brillantes <eos>,14,brillantes,brillants,12,M,S,brillantes,-7.2450004,brillants,-9.06827,1
3464,P_NOUN_9_ADJ_b,F,P,les tasses avec le vase qui étaient là depuis hier ne sont pas très compliquées <eos>,14,compliquées,compliqués,12,M,S,compliquées,-7.2415237,compliqués,-7.6057253,1
3465,P_NOUN_9_ADJ_b,F,P,les tasses avec le panier qui étaient là depuis hier ne sont pas très vertes <eos>,14,vertes,verts,12,M,S,vertes,-10.539898,verts,-11.277021,1
3466,P_NOUN_9_ADJ_b,F,P,les tasses avec le panier qui étaient là depuis hier ne sont pas très bleues <eos>,14,bleues,bleus,12,M,S,bleues,-12.046858,bleus,-11.998688,0
3467,P_NOUN_9_ADJ_b,F,P,les tasses avec le panier qui étaient là depuis hier ne sont pas très noires <eos>,14,noires,noirs,12,M,S,noires,-10.210239,noirs,-12.565207,1
3468,P_NOUN_9_ADJ_b,F,P,les tasses avec le panier qui étaient là depuis hier ne sont pas très délicates <eos>,14,délicates,délicats,12,M,S,délicates,-7.692542,délicats,-8.50013,1
3469,P_NOUN_9_ADJ_b,F,P,les tasses avec le panier qui étaient là depuis hier ne sont pas très pointues <eos>,14,pointues,pointus,12,M,S,pointues,-8.781755,pointus,-11.409909,1
3470,P_NOUN_9_ADJ_b,F,P,les tasses avec le panier qui étaient là depuis hier ne sont pas très rondes <eos>,14,rondes,ronds,12,M,S,rondes,-10.337286,ronds,-11.125563,1
3471,P_NOUN_9_ADJ_b,F,P,les tasses avec le panier qui étaient là depuis hier ne sont pas très froides <eos>,14,froides,froids,12,M,S,froides,-5.5903254,froids,-10.833129,1
3472,P_NOUN_9_ADJ_b,F,P,les tasses avec le panier qui étaient là depuis hier ne sont pas très chaudes <eos>,14,chaudes,chauds,12,M,S,chaudes,-6.5106454,chauds,-8.345919,1
3473,P_NOUN_9_ADJ_b,F,P,les tasses avec le panier qui étaient là depuis hier ne sont pas très importantes <eos>,14,importantes,importants,12,M,S,importantes,-5.0638127,importants,-7.6071286,1
3474,P_NOUN_9_ADJ_b,F,P,les tasses avec le panier qui étaient là depuis hier ne sont pas très courtes <eos>,14,courtes,courts,12,M,S,courtes,-6.934906,courts,-8.202965,1
3475,P_NOUN_9_ADJ_b,F,P,les tasses avec le panier qui étaient là depuis hier ne sont pas très dures <eos>,14,dures,durs,12,M,S,dures,-5.681017,durs,-7.7011776,1
3476,P_NOUN_9_ADJ_b,F,P,les tasses avec le panier qui étaient là depuis hier ne sont pas très claires <eos>,14,claires,clairs,12,M,S,claires,-4.583594,clairs,-7.816693,1
3477,P_NOUN_9_ADJ_b,F,P,les tasses avec le panier qui étaient là depuis hier ne sont pas très intéressantes <eos>,14,intéressantes,intéressants,12,M,S,intéressantes,-6.570169,intéressants,-8.709787,1
3478,P_NOUN_9_ADJ_b,F,P,les tasses avec le panier qui étaient là depuis hier ne sont pas très brillantes <eos>,14,brillantes,brillants,12,M,S,brillantes,-8.066925,brillants,-8.951352,1
3479,P_NOUN_9_ADJ_b,F,P,les tasses avec le panier qui étaient là depuis hier ne sont pas très compliquées <eos>,14,compliquées,compliqués,12,M,S,compliquées,-7.5144067,compliqués,-7.3814044,0
3480,P_NOUN_9_ADJ_b,F,P,les tasses avec le collier qui étaient là depuis hier ne sont pas très vertes <eos>,14,vertes,verts,12,M,S,vertes,-10.3149395,verts,-10.526321,1
3481,P_NOUN_9_ADJ_b,F,P,les tasses avec le collier qui étaient là depuis hier ne sont pas très bleues <eos>,14,bleues,bleus,12,M,S,bleues,-11.396193,bleus,-11.564039,1
3482,P_NOUN_9_ADJ_b,F,P,les tasses avec le collier qui étaient là depuis hier ne sont pas très noires <eos>,14,noires,noirs,12,M,S,noires,-10.09144,noirs,-11.991537,1
3483,P_NOUN_9_ADJ_b,F,P,les tasses avec le collier qui étaient là depuis hier ne sont pas très délicates <eos>,14,délicates,délicats,12,M,S,délicates,-7.5596547,délicats,-8.553785,1
3484,P_NOUN_9_ADJ_b,F,P,les tasses avec le collier qui étaient là depuis hier ne sont pas très pointues <eos>,14,pointues,pointus,12,M,S,pointues,-8.547467,pointus,-11.008463,1
3485,P_NOUN_9_ADJ_b,F,P,les tasses avec le collier qui étaient là depuis hier ne sont pas très rondes <eos>,14,rondes,ronds,12,M,S,rondes,-10.319216,ronds,-11.159732,1
3486,P_NOUN_9_ADJ_b,F,P,les tasses avec le collier qui étaient là depuis hier ne sont pas très froides <eos>,14,froides,froids,12,M,S,froides,-5.4468064,froids,-10.647064,1
3487,P_NOUN_9_ADJ_b,F,P,les tasses avec le collier qui étaient là depuis hier ne sont pas très chaudes <eos>,14,chaudes,chauds,12,M,S,chaudes,-6.5601063,chauds,-8.310833,1
3488,P_NOUN_9_ADJ_b,F,P,les tasses avec le collier qui étaient là depuis hier ne sont pas très importantes <eos>,14,importantes,importants,12,M,S,importantes,-5.293721,importants,-7.5526648,1
3489,P_NOUN_9_ADJ_b,F,P,les tasses avec le collier qui étaient là depuis hier ne sont pas très courtes <eos>,14,courtes,courts,12,M,S,courtes,-7.18476,courts,-8.1720915,1
3490,P_NOUN_9_ADJ_b,F,P,les tasses avec le collier qui étaient là depuis hier ne sont pas très dures <eos>,14,dures,durs,12,M,S,dures,-5.5402284,durs,-7.569594,1
3491,P_NOUN_9_ADJ_b,F,P,les tasses avec le collier qui étaient là depuis hier ne sont pas très claires <eos>,14,claires,clairs,12,M,S,claires,-4.255539,clairs,-6.983016,1
3492,P_NOUN_9_ADJ_b,F,P,les tasses avec le collier qui étaient là depuis hier ne sont pas très intéressantes <eos>,14,intéressantes,intéressants,12,M,S,intéressantes,-6.552001,intéressants,-8.248197,1
3493,P_NOUN_9_ADJ_b,F,P,les tasses avec le collier qui étaient là depuis hier ne sont pas très brillantes <eos>,14,brillantes,brillants,12,M,S,brillantes,-7.019603,brillants,-8.307382,1
3494,P_NOUN_9_ADJ_b,F,P,les tasses avec le collier qui étaient là depuis hier ne sont pas très compliquées <eos>,14,compliquées,compliqués,12,M,S,compliquées,-7.0019903,compliqués,-7.242508,1
3495,P_NOUN_9_ADJ_b,F,P,les tasses avec le chapeau qui étaient là depuis hier ne sont pas très vertes <eos>,14,vertes,verts,12,M,S,vertes,-9.841111,verts,-10.924291,1
3496,P_NOUN_9_ADJ_b,F,P,les tasses avec le chapeau qui étaient là depuis hier ne sont pas très bleues <eos>,14,bleues,bleus,12,M,S,bleues,-10.95023,bleus,-11.323162,1
3497,P_NOUN_9_ADJ_b,F,P,les tasses avec le chapeau qui étaient là depuis hier ne sont pas très noires <eos>,14,noires,noirs,12,M,S,noires,-9.487631,noirs,-12.049681,1
3498,P_NOUN_9_ADJ_b,F,P,les tasses avec le chapeau qui étaient là depuis hier ne sont pas très délicates <eos>,14,délicates,délicats,12,M,S,délicates,-7.267062,délicats,-8.590531,1
3499,P_NOUN_9_ADJ_b,F,P,les tasses avec le chapeau qui étaient là depuis hier ne sont pas très pointues <eos>,14,pointues,pointus,12,M,S,pointues,-8.315126,pointus,-11.326359,1
3500,P_NOUN_9_ADJ_b,F,P,les tasses avec le chapeau qui étaient là depuis hier ne sont pas très rondes <eos>,14,rondes,ronds,12,M,S,rondes,-10.097471,ronds,-11.138231,1
3501,P_NOUN_9_ADJ_b,F,P,les tasses avec le chapeau qui étaient là depuis hier ne sont pas très froides <eos>,14,froides,froids,12,M,S,froides,-5.4487357,froids,-10.75222,1
3502,P_NOUN_9_ADJ_b,F,P,les tasses avec le chapeau qui étaient là depuis hier ne sont pas très chaudes <eos>,14,chaudes,chauds,12,M,S,chaudes,-6.1908646,chauds,-8.47166,1
3503,P_NOUN_9_ADJ_b,F,P,les tasses avec le chapeau qui étaient là depuis hier ne sont pas très importantes <eos>,14,importantes,importants,12,M,S,importantes,-5.296809,importants,-8.431271,1
3504,P_NOUN_9_ADJ_b,F,P,les tasses avec le chapeau qui étaient là depuis hier ne sont pas très courtes <eos>,14,courtes,courts,12,M,S,courtes,-6.7987723,courts,-8.611349,1
3505,P_NOUN_9_ADJ_b,F,P,les tasses avec le chapeau qui étaient là depuis hier ne sont pas très dures <eos>,14,dures,durs,12,M,S,dures,-5.6031857,durs,-7.946913,1
3506,P_NOUN_9_ADJ_b,F,P,les tasses avec le chapeau qui étaient là depuis hier ne sont pas très claires <eos>,14,claires,clairs,12,M,S,claires,-3.9713984,clairs,-7.394253,1
3507,P_NOUN_9_ADJ_b,F,P,les tasses avec le chapeau qui étaient là depuis hier ne sont pas très intéressantes <eos>,14,intéressantes,intéressants,12,M,S,intéressantes,-6.5860224,intéressants,-9.109748,1
3508,P_NOUN_9_ADJ_b,F,P,les tasses avec le chapeau qui étaient là depuis hier ne sont pas très brillantes <eos>,14,brillantes,brillants,12,M,S,brillantes,-7.101839,brillants,-8.877579,1
3509,P_NOUN_9_ADJ_b,F,P,les tasses avec le chapeau qui étaient là depuis hier ne sont pas très compliquées <eos>,14,compliquées,compliqués,12,M,S,compliquées,-7.3989396,compliqués,-7.994971,1
3510,P_NOUN_9_ADJ_b,F,P,les tasses avec le pot qui étaient là depuis hier ne sont pas très vertes <eos>,14,vertes,verts,12,M,S,vertes,-10.030357,verts,-10.761768,1
3511,P_NOUN_9_ADJ_b,F,P,les tasses avec le pot qui étaient là depuis hier ne sont pas très bleues <eos>,14,bleues,bleus,12,M,S,bleues,-11.66201,bleus,-11.675636,1
3512,P_NOUN_9_ADJ_b,F,P,les tasses avec le pot qui étaient là depuis hier ne sont pas très noires <eos>,14,noires,noirs,12,M,S,noires,-10.135359,noirs,-12.465897,1
3513,P_NOUN_9_ADJ_b,F,P,les tasses avec le pot qui étaient là depuis hier ne sont pas très délicates <eos>,14,délicates,délicats,12,M,S,délicates,-7.308032,délicats,-8.219297,1
3514,P_NOUN_9_ADJ_b,F,P,les tasses avec le pot qui étaient là depuis hier ne sont pas très pointues <eos>,14,pointues,pointus,12,M,S,pointues,-8.981255,pointus,-11.5747795,1
3515,P_NOUN_9_ADJ_b,F,P,les tasses avec le pot qui étaient là depuis hier ne sont pas très rondes <eos>,14,rondes,ronds,12,M,S,rondes,-10.5401535,ronds,-11.429047,1
3516,P_NOUN_9_ADJ_b,F,P,les tasses avec le pot qui étaient là depuis hier ne sont pas très froides <eos>,14,froides,froids,12,M,S,froides,-5.211055,froids,-9.997077,1
3517,P_NOUN_9_ADJ_b,F,P,les tasses avec le pot qui étaient là depuis hier ne sont pas très chaudes <eos>,14,chaudes,chauds,12,M,S,chaudes,-5.759221,chauds,-8.037788,1
3518,P_NOUN_9_ADJ_b,F,P,les tasses avec le pot qui étaient là depuis hier ne sont pas très importantes <eos>,14,importantes,importants,12,M,S,importantes,-4.838976,importants,-7.7618484,1
3519,P_NOUN_9_ADJ_b,F,P,les tasses avec le pot qui étaient là depuis hier ne sont pas très courtes <eos>,14,courtes,courts,12,M,S,courtes,-7.2754774,courts,-8.493669,1
3520,P_NOUN_9_ADJ_b,F,P,les tasses avec le pot qui étaient là depuis hier ne sont pas très dures <eos>,14,dures,durs,12,M,S,dures,-5.520129,durs,-7.7011385,1
3521,P_NOUN_9_ADJ_b,F,P,les tasses avec le pot qui étaient là depuis hier ne sont pas très claires <eos>,14,claires,clairs,12,M,S,claires,-4.197126,clairs,-7.585816,1
3522,P_NOUN_9_ADJ_b,F,P,les tasses avec le pot qui étaient là depuis hier ne sont pas très intéressantes <eos>,14,intéressantes,intéressants,12,M,S,intéressantes,-6.2040815,intéressants,-8.650278,1
3523,P_NOUN_9_ADJ_b,F,P,les tasses avec le pot qui étaient là depuis hier ne sont pas très brillantes <eos>,14,brillantes,brillants,12,M,S,brillantes,-7.446092,brillants,-8.645309,1
3524,P_NOUN_9_ADJ_b,F,P,les tasses avec le pot qui étaient là depuis hier ne sont pas très compliquées <eos>,14,compliquées,compliqués,12,M,S,compliquées,-7.535825,compliqués,-7.65806,1
3525,P_NOUN_9_ADJ_b,F,P,les tasses avec le coussin qui étaient là depuis hier ne sont pas très vertes <eos>,14,vertes,verts,12,M,S,vertes,-10.227711,verts,-11.469865,1
3526,P_NOUN_9_ADJ_b,F,P,les tasses avec le coussin qui étaient là depuis hier ne sont pas très bleues <eos>,14,bleues,bleus,12,M,S,bleues,-11.537528,bleus,-11.793363,1
3527,P_NOUN_9_ADJ_b,F,P,les tasses avec le coussin qui étaient là depuis hier ne sont pas très noires <eos>,14,noires,noirs,12,M,S,noires,-9.884206,noirs,-12.27969,1
3528,P_NOUN_9_ADJ_b,F,P,les tasses avec le coussin qui étaient là depuis hier ne sont pas très délicates <eos>,14,délicates,délicats,12,M,S,délicates,-8.019047,délicats,-8.853533,1
3529,P_NOUN_9_ADJ_b,F,P,les tasses avec le coussin qui étaient là depuis hier ne sont pas très pointues <eos>,14,pointues,pointus,12,M,S,pointues,-8.330387,pointus,-11.242289,1
3530,P_NOUN_9_ADJ_b,F,P,les tasses avec le coussin qui étaient là depuis hier ne sont pas très rondes <eos>,14,rondes,ronds,12,M,S,rondes,-10.013412,ronds,-11.358883,1
3531,P_NOUN_9_ADJ_b,F,P,les tasses avec le coussin qui étaient là depuis hier ne sont pas très froides <eos>,14,froides,froids,12,M,S,froides,-5.7344055,froids,-10.953141,1
3532,P_NOUN_9_ADJ_b,F,P,les tasses avec le coussin qui étaient là depuis hier ne sont pas très chaudes <eos>,14,chaudes,chauds,12,M,S,chaudes,-6.8390455,chauds,-8.66952,1
3533,P_NOUN_9_ADJ_b,F,P,les tasses avec le coussin qui étaient là depuis hier ne sont pas très importantes <eos>,14,importantes,importants,12,M,S,importantes,-5.376395,importants,-8.184271,1
3534,P_NOUN_9_ADJ_b,F,P,les tasses avec le coussin qui étaient là depuis hier ne sont pas très courtes <eos>,14,courtes,courts,12,M,S,courtes,-6.3450623,courts,-8.086925,1
3535,P_NOUN_9_ADJ_b,F,P,les tasses avec le coussin qui étaient là depuis hier ne sont pas très dures <eos>,14,dures,durs,12,M,S,dures,-5.5289516,durs,-7.7839184,1
3536,P_NOUN_9_ADJ_b,F,P,les tasses avec le coussin qui étaient là depuis hier ne sont pas très claires <eos>,14,claires,clairs,12,M,S,claires,-4.5609894,clairs,-7.8549795,1
3537,P_NOUN_9_ADJ_b,F,P,les tasses avec le coussin qui étaient là depuis hier ne sont pas très intéressantes <eos>,14,intéressantes,intéressants,12,M,S,intéressantes,-6.881221,intéressants,-9.149439,1
3538,P_NOUN_9_ADJ_b,F,P,les tasses avec le coussin qui étaient là depuis hier ne sont pas très brillantes <eos>,14,brillantes,brillants,12,M,S,brillantes,-7.6313367,brillants,-9.155937,1
3539,P_NOUN_9_ADJ_b,F,P,les tasses avec le coussin qui étaient là depuis hier ne sont pas très compliquées <eos>,14,compliquées,compliqués,12,M,S,compliquées,-6.764715,compliqués,-7.425889,1
3540,P_NOUN_9_ADJ_b,F,P,les tasses avec le jouet qui étaient là depuis hier ne sont pas très vertes <eos>,14,vertes,verts,12,M,S,vertes,-10.014048,verts,-10.672789,1
3541,P_NOUN_9_ADJ_b,F,P,les tasses avec le jouet qui étaient là depuis hier ne sont pas très bleues <eos>,14,bleues,bleus,12,M,S,bleues,-11.390101,bleus,-11.695058,1
3542,P_NOUN_9_ADJ_b,F,P,les tasses avec le jouet qui étaient là depuis hier ne sont pas très noires <eos>,14,noires,noirs,12,M,S,noires,-10.049208,noirs,-12.405257,1
3543,P_NOUN_9_ADJ_b,F,P,les tasses avec le jouet qui étaient là depuis hier ne sont pas très délicates <eos>,14,délicates,délicats,12,M,S,délicates,-7.533686,délicats,-8.500998,1
3544,P_NOUN_9_ADJ_b,F,P,les tasses avec le jouet qui étaient là depuis hier ne sont pas très pointues <eos>,14,pointues,pointus,12,M,S,pointues,-8.476045,pointus,-11.29964,1
3545,P_NOUN_9_ADJ_b,F,P,les tasses avec le jouet qui étaient là depuis hier ne sont pas très rondes <eos>,14,rondes,ronds,12,M,S,rondes,-10.135021,ronds,-11.503056,1
3546,P_NOUN_9_ADJ_b,F,P,les tasses avec le jouet qui étaient là depuis hier ne sont pas très froides <eos>,14,froides,froids,12,M,S,froides,-5.433301,froids,-10.644106,1
3547,P_NOUN_9_ADJ_b,F,P,les tasses avec le jouet qui étaient là depuis hier ne sont pas très chaudes <eos>,14,chaudes,chauds,12,M,S,chaudes,-6.4215713,chauds,-8.5302925,1
3548,P_NOUN_9_ADJ_b,F,P,les tasses avec le jouet qui étaient là depuis hier ne sont pas très importantes <eos>,14,importantes,importants,12,M,S,importantes,-5.4706087,importants,-8.27826,1
3549,P_NOUN_9_ADJ_b,F,P,les tasses avec le jouet qui étaient là depuis hier ne sont pas très courtes <eos>,14,courtes,courts,12,M,S,courtes,-6.803257,courts,-8.375081,1
3550,P_NOUN_9_ADJ_b,F,P,les tasses avec le jouet qui étaient là depuis hier ne sont pas très dures <eos>,14,dures,durs,12,M,S,dures,-5.787621,durs,-7.670584,1
3551,P_NOUN_9_ADJ_b,F,P,les tasses avec le jouet qui étaient là depuis hier ne sont pas très claires <eos>,14,claires,clairs,12,M,S,claires,-4.19011,clairs,-7.6775427,1
3552,P_NOUN_9_ADJ_b,F,P,les tasses avec le jouet qui étaient là depuis hier ne sont pas très intéressantes <eos>,14,intéressantes,intéressants,12,M,S,intéressantes,-6.481265,intéressants,-8.683195,1
3553,P_NOUN_9_ADJ_b,F,P,les tasses avec le jouet qui étaient là depuis hier ne sont pas très brillantes <eos>,14,brillantes,brillants,12,M,S,brillantes,-7.425413,brillants,-9.028975,1
3554,P_NOUN_9_ADJ_b,F,P,les tasses avec le jouet qui étaient là depuis hier ne sont pas très compliquées <eos>,14,compliquées,compliqués,12,M,S,compliquées,-7.0335026,compliqués,-7.5006924,1
3555,P_NOUN_9_ADJ_b,F,P,les tasses avec le clou qui étaient là depuis hier ne sont pas très vertes <eos>,14,vertes,verts,12,M,S,vertes,-10.114701,verts,-11.468281,1
3556,P_NOUN_9_ADJ_b,F,P,les tasses avec le clou qui étaient là depuis hier ne sont pas très bleues <eos>,14,bleues,bleus,12,M,S,bleues,-11.190319,bleus,-11.688928,1
3557,P_NOUN_9_ADJ_b,F,P,les tasses avec le clou qui étaient là depuis hier ne sont pas très noires <eos>,14,noires,noirs,12,M,S,noires,-9.7646265,noirs,-12.474822,1
3558,P_NOUN_9_ADJ_b,F,P,les tasses avec le clou qui étaient là depuis hier ne sont pas très délicates <eos>,14,délicates,délicats,12,M,S,délicates,-7.399567,délicats,-8.655521,1
3559,P_NOUN_9_ADJ_b,F,P,les tasses avec le clou qui étaient là depuis hier ne sont pas très pointues <eos>,14,pointues,pointus,12,M,S,pointues,-8.670487,pointus,-11.387961,1
3560,P_NOUN_9_ADJ_b,F,P,les tasses avec le clou qui étaient là depuis hier ne sont pas très rondes <eos>,14,rondes,ronds,12,M,S,rondes,-10.147514,ronds,-11.082523,1
3561,P_NOUN_9_ADJ_b,F,P,les tasses avec le clou qui étaient là depuis hier ne sont pas très froides <eos>,14,froides,froids,12,M,S,froides,-5.760829,froids,-11.471486,1
3562,P_NOUN_9_ADJ_b,F,P,les tasses avec le clou qui étaient là depuis hier ne sont pas très chaudes <eos>,14,chaudes,chauds,12,M,S,chaudes,-6.7270007,chauds,-9.159735,1
3563,P_NOUN_9_ADJ_b,F,P,les tasses avec le clou qui étaient là depuis hier ne sont pas très importantes <eos>,14,importantes,importants,12,M,S,importantes,-5.178573,importants,-8.26281,1
3564,P_NOUN_9_ADJ_b,F,P,les tasses avec le clou qui étaient là depuis hier ne sont pas très courtes <eos>,14,courtes,courts,12,M,S,courtes,-6.6096287,courts,-8.626034,1
3565,P_NOUN_9_ADJ_b,F,P,les tasses avec le clou qui étaient là depuis hier ne sont pas très dures <eos>,14,dures,durs,12,M,S,dures,-5.902355,durs,-8.199034,1
3566,P_NOUN_9_ADJ_b,F,P,les tasses avec le clou qui étaient là depuis hier ne sont pas très claires <eos>,14,claires,clairs,12,M,S,claires,-4.498063,clairs,-7.7378197,1
3567,P_NOUN_9_ADJ_b,F,P,les tasses avec le clou qui étaient là depuis hier ne sont pas très intéressantes <eos>,14,intéressantes,intéressants,12,M,S,intéressantes,-6.56106,intéressants,-9.079641,1
3568,P_NOUN_9_ADJ_b,F,P,les tasses avec le clou qui étaient là depuis hier ne sont pas très brillantes <eos>,14,brillantes,brillants,12,M,S,brillantes,-7.5237794,brillants,-9.526123,1
3569,P_NOUN_9_ADJ_b,F,P,les tasses avec le clou qui étaient là depuis hier ne sont pas très compliquées <eos>,14,compliquées,compliqués,12,M,S,compliquées,-7.051572,compliqués,-7.603245,1
3570,P_NOUN_9_ADJ_b,F,P,les tasses avec le billet qui étaient là depuis hier ne sont pas très vertes <eos>,14,vertes,verts,12,M,S,vertes,-10.572976,verts,-11.414352,1
3571,P_NOUN_9_ADJ_b,F,P,les tasses avec le billet qui étaient là depuis hier ne sont pas très bleues <eos>,14,bleues,bleus,12,M,S,bleues,-11.762342,bleus,-11.913557,1
3572,P_NOUN_9_ADJ_b,F,P,les tasses avec le billet qui étaient là depuis hier ne sont pas très noires <eos>,14,noires,noirs,12,M,S,noires,-10.613753,noirs,-12.539815,1
3573,P_NOUN_9_ADJ_b,F,P,les tasses avec le billet qui étaient là depuis hier ne sont pas très délicates <eos>,14,délicates,délicats,12,M,S,délicates,-7.5741844,délicats,-9.032607,1
3574,P_NOUN_9_ADJ_b,F,P,les tasses avec le billet qui étaient là depuis hier ne sont pas très pointues <eos>,14,pointues,pointus,12,M,S,pointues,-8.9883995,pointus,-11.796303,1
3575,P_NOUN_9_ADJ_b,F,P,les tasses avec le billet qui étaient là depuis hier ne sont pas très rondes <eos>,14,rondes,ronds,12,M,S,rondes,-10.90991,ronds,-11.736052,1
3576,P_NOUN_9_ADJ_b,F,P,les tasses avec le billet qui étaient là depuis hier ne sont pas très froides <eos>,14,froides,froids,12,M,S,froides,-5.7490716,froids,-11.264599,1
3577,P_NOUN_9_ADJ_b,F,P,les tasses avec le billet qui étaient là depuis hier ne sont pas très chaudes <eos>,14,chaudes,chauds,12,M,S,chaudes,-7.083356,chauds,-8.823146,1
3578,P_NOUN_9_ADJ_b,F,P,les tasses avec le billet qui étaient là depuis hier ne sont pas très importantes <eos>,14,importantes,importants,12,M,S,importantes,-4.821226,importants,-7.7353106,1
3579,P_NOUN_9_ADJ_b,F,P,les tasses avec le billet qui étaient là depuis hier ne sont pas très courtes <eos>,14,courtes,courts,12,M,S,courtes,-6.8032746,courts,-8.360561,1
3580,P_NOUN_9_ADJ_b,F,P,les tasses avec le billet qui étaient là depuis hier ne sont pas très dures <eos>,14,dures,durs,12,M,S,dures,-5.5039864,durs,-8.129934,1
3581,P_NOUN_9_ADJ_b,F,P,les tasses avec le billet qui étaient là depuis hier ne sont pas très claires <eos>,14,claires,clairs,12,M,S,claires,-5.060668,clairs,-7.991476,1
3582,P_NOUN_9_ADJ_b,F,P,les tasses avec le billet qui étaient là depuis hier ne sont pas très intéressantes <eos>,14,intéressantes,intéressants,12,M,S,intéressantes,-6.2307296,intéressants,-8.315697,1
3583,P_NOUN_9_ADJ_b,F,P,les tasses avec le billet qui étaient là depuis hier ne sont pas très brillantes <eos>,14,brillantes,brillants,12,M,S,brillantes,-7.8762646,brillants,-8.78966,1
3584,P_NOUN_9_ADJ_b,F,P,les tasses avec le billet qui étaient là depuis hier ne sont pas très compliquées <eos>,14,compliquées,compliqués,12,M,S,compliquées,-7.258005,compliqués,-7.79113,1
3585,P_NOUN_9_ADJ_b,F,P,les tasses avec le légume qui étaient là depuis hier ne sont pas très vertes <eos>,14,vertes,verts,12,M,S,vertes,-10.084607,verts,-11.069913,1
3586,P_NOUN_9_ADJ_b,F,P,les tasses avec le légume qui étaient là depuis hier ne sont pas très bleues <eos>,14,bleues,bleus,12,M,S,bleues,-11.688894,bleus,-11.844801,1
3587,P_NOUN_9_ADJ_b,F,P,les tasses avec le légume qui étaient là depuis hier ne sont pas très noires <eos>,14,noires,noirs,12,M,S,noires,-9.816433,noirs,-12.111338,1
3588,P_NOUN_9_ADJ_b,F,P,les tasses avec le légume qui étaient là depuis hier ne sont pas très délicates <eos>,14,délicates,délicats,12,M,S,délicates,-7.1985497,délicats,-8.577917,1
3589,P_NOUN_9_ADJ_b,F,P,les tasses avec le légume qui étaient là depuis hier ne sont pas très pointues <eos>,14,pointues,pointus,12,M,S,pointues,-9.110951,pointus,-12.504302,1
3590,P_NOUN_9_ADJ_b,F,P,les tasses avec le légume qui étaient là depuis hier ne sont pas très rondes <eos>,14,rondes,ronds,12,M,S,rondes,-10.197292,ronds,-11.487391,1
3591,P_NOUN_9_ADJ_b,F,P,les tasses avec le légume qui étaient là depuis hier ne sont pas très froides <eos>,14,froides,froids,12,M,S,froides,-4.964101,froids,-9.492294,1
3592,P_NOUN_9_ADJ_b,F,P,les tasses avec le légume qui étaient là depuis hier ne sont pas très chaudes <eos>,14,chaudes,chauds,12,M,S,chaudes,-5.2935905,chauds,-8.220809,1
3593,P_NOUN_9_ADJ_b,F,P,les tasses avec le légume qui étaient là depuis hier ne sont pas très importantes <eos>,14,importantes,importants,12,M,S,importantes,-4.745949,importants,-8.062349,1
3594,P_NOUN_9_ADJ_b,F,P,les tasses avec le légume qui étaient là depuis hier ne sont pas très courtes <eos>,14,courtes,courts,12,M,S,courtes,-7.3008947,courts,-9.168738,1
3595,P_NOUN_9_ADJ_b,F,P,les tasses avec le légume qui étaient là depuis hier ne sont pas très dures <eos>,14,dures,durs,12,M,S,dures,-5.1902404,durs,-8.094851,1
3596,P_NOUN_9_ADJ_b,F,P,les tasses avec le légume qui étaient là depuis hier ne sont pas très claires <eos>,14,claires,clairs,12,M,S,claires,-3.9881837,clairs,-7.989066,1
3597,P_NOUN_9_ADJ_b,F,P,les tasses avec le légume qui étaient là depuis hier ne sont pas très intéressantes <eos>,14,intéressantes,intéressants,12,M,S,intéressantes,-6.454181,intéressants,-9.324581,1
3598,P_NOUN_9_ADJ_b,F,P,les tasses avec le légume qui étaient là depuis hier ne sont pas très brillantes <eos>,14,brillantes,brillants,12,M,S,brillantes,-7.4121237,brillants,-9.31552,1
3599,P_NOUN_9_ADJ_b,F,P,les tasses avec le légume qui étaient là depuis hier ne sont pas très compliquées <eos>,14,compliquées,compliqués,12,M,S,compliquées,-8.180535,compliqués,-8.928855,1
3600,P_NOUN_9_ADJ_b,F,P,les bougies avec le bracelet qui étaient là depuis hier ne sont pas très vertes <eos>,14,vertes,verts,12,M,S,vertes,-10.00238,verts,-9.137481,0
3601,P_NOUN_9_ADJ_b,F,P,les bougies avec le bracelet qui étaient là depuis hier ne sont pas très bleues <eos>,14,bleues,bleus,12,M,S,bleues,-10.685816,bleus,-10.3417225,0
3602,P_NOUN_9_ADJ_b,F,P,les bougies avec le bracelet qui étaient là depuis hier ne sont pas très noires <eos>,14,noires,noirs,12,M,S,noires,-9.568069,noirs,-11.182264,1
3603,P_NOUN_9_ADJ_b,F,P,les bougies avec le bracelet qui étaient là depuis hier ne sont pas très délicates <eos>,14,délicates,délicats,12,M,S,délicates,-7.607912,délicats,-9.221679,1
3604,P_NOUN_9_ADJ_b,F,P,les bougies avec le bracelet qui étaient là depuis hier ne sont pas très pointues <eos>,14,pointues,pointus,12,M,S,pointues,-8.893034,pointus,-10.888313,1
3605,P_NOUN_9_ADJ_b,F,P,les bougies avec le bracelet qui étaient là depuis hier ne sont pas très rondes <eos>,14,rondes,ronds,12,M,S,rondes,-10.541683,ronds,-12.253405,1
3606,P_NOUN_9_ADJ_b,F,P,les bougies avec le bracelet qui étaient là depuis hier ne sont pas très froides <eos>,14,froides,froids,12,M,S,froides,-5.266852,froids,-10.562475,1
3607,P_NOUN_9_ADJ_b,F,P,les bougies avec le bracelet qui étaient là depuis hier ne sont pas très chaudes <eos>,14,chaudes,chauds,12,M,S,chaudes,-6.5902433,chauds,-7.693488,1
3608,P_NOUN_9_ADJ_b,F,P,les bougies avec le bracelet qui étaient là depuis hier ne sont pas très importantes <eos>,14,importantes,importants,12,M,S,importantes,-5.521139,importants,-7.552457,1
3609,P_NOUN_9_ADJ_b,F,P,les bougies avec le bracelet qui étaient là depuis hier ne sont pas très courtes <eos>,14,courtes,courts,12,M,S,courtes,-7.5428762,courts,-8.326707,1
3610,P_NOUN_9_ADJ_b,F,P,les bougies avec le bracelet qui étaient là depuis hier ne sont pas très dures <eos>,14,dures,durs,12,M,S,dures,-5.73082,durs,-6.736673,1
3611,P_NOUN_9_ADJ_b,F,P,les bougies avec le bracelet qui étaient là depuis hier ne sont pas très claires <eos>,14,claires,clairs,12,M,S,claires,-4.626685,clairs,-6.0379543,1
3612,P_NOUN_9_ADJ_b,F,P,les bougies avec le bracelet qui étaient là depuis hier ne sont pas très intéressantes <eos>,14,intéressantes,intéressants,12,M,S,intéressantes,-6.478896,intéressants,-7.4877224,1
3613,P_NOUN_9_ADJ_b,F,P,les bougies avec le bracelet qui étaient là depuis hier ne sont pas très brillantes <eos>,14,brillantes,brillants,12,M,S,brillantes,-7.159828,brillants,-7.6077147,1
3614,P_NOUN_9_ADJ_b,F,P,les bougies avec le bracelet qui étaient là depuis hier ne sont pas très compliquées <eos>,14,compliquées,compliqués,12,M,S,compliquées,-7.2320566,compliqués,-7.275956,1
3615,P_NOUN_9_ADJ_b,F,P,les bougies avec le miroir qui étaient là depuis hier ne sont pas très vertes <eos>,14,vertes,verts,12,M,S,vertes,-9.71055,verts,-10.321664,1
3616,P_NOUN_9_ADJ_b,F,P,les bougies avec le miroir qui étaient là depuis hier ne sont pas très bleues <eos>,14,bleues,bleus,12,M,S,bleues,-10.501265,bleus,-10.790041,1
3617,P_NOUN_9_ADJ_b,F,P,les bougies avec le miroir qui étaient là depuis hier ne sont pas très noires <eos>,14,noires,noirs,12,M,S,noires,-9.26176,noirs,-11.447789,1
3618,P_NOUN_9_ADJ_b,F,P,les bougies avec le miroir qui étaient là depuis hier ne sont pas très délicates <eos>,14,délicates,délicats,12,M,S,délicates,-7.595499,délicats,-8.906032,1
3619,P_NOUN_9_ADJ_b,F,P,les bougies avec le miroir qui étaient là depuis hier ne sont pas très pointues <eos>,14,pointues,pointus,12,M,S,pointues,-8.54435,pointus,-10.719126,1
3620,P_NOUN_9_ADJ_b,F,P,les bougies avec le miroir qui étaient là depuis hier ne sont pas très rondes <eos>,14,rondes,ronds,12,M,S,rondes,-10.027718,ronds,-11.849323,1
3621,P_NOUN_9_ADJ_b,F,P,les bougies avec le miroir qui étaient là depuis hier ne sont pas très froides <eos>,14,froides,froids,12,M,S,froides,-5.571288,froids,-10.544249,1
3622,P_NOUN_9_ADJ_b,F,P,les bougies avec le miroir qui étaient là depuis hier ne sont pas très chaudes <eos>,14,chaudes,chauds,12,M,S,chaudes,-6.484585,chauds,-8.326119,1
3623,P_NOUN_9_ADJ_b,F,P,les bougies avec le miroir qui étaient là depuis hier ne sont pas très importantes <eos>,14,importantes,importants,12,M,S,importantes,-5.678917,importants,-8.375043,1
3624,P_NOUN_9_ADJ_b,F,P,les bougies avec le miroir qui étaient là depuis hier ne sont pas très courtes <eos>,14,courtes,courts,12,M,S,courtes,-6.442939,courts,-8.388001,1
3625,P_NOUN_9_ADJ_b,F,P,les bougies avec le miroir qui étaient là depuis hier ne sont pas très dures <eos>,14,dures,durs,12,M,S,dures,-5.8973265,durs,-7.297612,1
3626,P_NOUN_9_ADJ_b,F,P,les bougies avec le miroir qui étaient là depuis hier ne sont pas très claires <eos>,14,claires,clairs,12,M,S,claires,-4.483876,clairs,-6.4454,1
3627,P_NOUN_9_ADJ_b,F,P,les bougies avec le miroir qui étaient là depuis hier ne sont pas très intéressantes <eos>,14,intéressantes,intéressants,12,M,S,intéressantes,-6.777305,intéressants,-8.323545,1
3628,P_NOUN_9_ADJ_b,F,P,les bougies avec le miroir qui étaient là depuis hier ne sont pas très brillantes <eos>,14,brillantes,brillants,12,M,S,brillantes,-6.606223,brillants,-8.407872,1
3629,P_NOUN_9_ADJ_b,F,P,les bougies avec le miroir qui étaient là depuis hier ne sont pas très compliquées <eos>,14,compliquées,compliqués,12,M,S,compliquées,-6.836729,compliqués,-7.3331976,1
3630,P_NOUN_9_ADJ_b,F,P,les bougies avec le crayon qui étaient là depuis hier ne sont pas très vertes <eos>,14,vertes,verts,12,M,S,vertes,-9.469637,verts,-10.06051,1
3631,P_NOUN_9_ADJ_b,F,P,les bougies avec le crayon qui étaient là depuis hier ne sont pas très bleues <eos>,14,bleues,bleus,12,M,S,bleues,-10.375177,bleus,-10.694807,1
3632,P_NOUN_9_ADJ_b,F,P,les bougies avec le crayon qui étaient là depuis hier ne sont pas très noires <eos>,14,noires,noirs,12,M,S,noires,-9.255077,noirs,-11.45504,1
3633,P_NOUN_9_ADJ_b,F,P,les bougies avec le crayon qui étaient là depuis hier ne sont pas très délicates <eos>,14,délicates,délicats,12,M,S,délicates,-7.5791807,délicats,-8.658705,1
3634,P_NOUN_9_ADJ_b,F,P,les bougies avec le crayon qui étaient là depuis hier ne sont pas très pointues <eos>,14,pointues,pointus,12,M,S,pointues,-9.173459,pointus,-11.077862,1
3635,P_NOUN_9_ADJ_b,F,P,les bougies avec le crayon qui étaient là depuis hier ne sont pas très rondes <eos>,14,rondes,ronds,12,M,S,rondes,-10.508161,ronds,-11.640362,1
3636,P_NOUN_9_ADJ_b,F,P,les bougies avec le crayon qui étaient là depuis hier ne sont pas très froides <eos>,14,froides,froids,12,M,S,froides,-5.542975,froids,-10.448006,1
3637,P_NOUN_9_ADJ_b,F,P,les bougies avec le crayon qui étaient là depuis hier ne sont pas très chaudes <eos>,14,chaudes,chauds,12,M,S,chaudes,-6.452735,chauds,-8.327013,1
3638,P_NOUN_9_ADJ_b,F,P,les bougies avec le crayon qui étaient là depuis hier ne sont pas très importantes <eos>,14,importantes,importants,12,M,S,importantes,-5.7590084,importants,-8.387509,1
3639,P_NOUN_9_ADJ_b,F,P,les bougies avec le crayon qui étaient là depuis hier ne sont pas très courtes <eos>,14,courtes,courts,12,M,S,courtes,-6.8235636,courts,-8.411499,1
3640,P_NOUN_9_ADJ_b,F,P,les bougies avec le crayon qui étaient là depuis hier ne sont pas très dures <eos>,14,dures,durs,12,M,S,dures,-5.6492243,durs,-7.0486593,1
3641,P_NOUN_9_ADJ_b,F,P,les bougies avec le crayon qui étaient là depuis hier ne sont pas très claires <eos>,14,claires,clairs,12,M,S,claires,-4.2202597,clairs,-5.9866066,1
3642,P_NOUN_9_ADJ_b,F,P,les bougies avec le crayon qui étaient là depuis hier ne sont pas très intéressantes <eos>,14,intéressantes,intéressants,12,M,S,intéressantes,-6.6730366,intéressants,-8.304398,1
3643,P_NOUN_9_ADJ_b,F,P,les bougies avec le crayon qui étaient là depuis hier ne sont pas très brillantes <eos>,14,brillantes,brillants,12,M,S,brillantes,-6.551261,brillants,-8.158208,1
3644,P_NOUN_9_ADJ_b,F,P,les bougies avec le crayon qui étaient là depuis hier ne sont pas très compliquées <eos>,14,compliquées,compliqués,12,M,S,compliquées,-7.252375,compliqués,-7.2687955,1
3645,P_NOUN_9_ADJ_b,F,P,les bougies avec le rideau qui étaient là depuis hier ne sont pas très vertes <eos>,14,vertes,verts,12,M,S,vertes,-10.080462,verts,-10.166307,1
3646,P_NOUN_9_ADJ_b,F,P,les bougies avec le rideau qui étaient là depuis hier ne sont pas très bleues <eos>,14,bleues,bleus,12,M,S,bleues,-10.176765,bleus,-10.459276,1
3647,P_NOUN_9_ADJ_b,F,P,les bougies avec le rideau qui étaient là depuis hier ne sont pas très noires <eos>,14,noires,noirs,12,M,S,noires,-9.029788,noirs,-11.346181,1
3648,P_NOUN_9_ADJ_b,F,P,les bougies avec le rideau qui étaient là depuis hier ne sont pas très délicates <eos>,14,délicates,délicats,12,M,S,délicates,-7.332911,délicats,-9.090929,1
3649,P_NOUN_9_ADJ_b,F,P,les bougies avec le rideau qui étaient là depuis hier ne sont pas très pointues <eos>,14,pointues,pointus,12,M,S,pointues,-8.619645,pointus,-11.248491,1
3650,P_NOUN_9_ADJ_b,F,P,les bougies avec le rideau qui étaient là depuis hier ne sont pas très rondes <eos>,14,rondes,ronds,12,M,S,rondes,-9.988085,ronds,-11.62809,1
3651,P_NOUN_9_ADJ_b,F,P,les bougies avec le rideau qui étaient là depuis hier ne sont pas très froides <eos>,14,froides,froids,12,M,S,froides,-5.5551558,froids,-10.549827,1
3652,P_NOUN_9_ADJ_b,F,P,les bougies avec le rideau qui étaient là depuis hier ne sont pas très chaudes <eos>,14,chaudes,chauds,12,M,S,chaudes,-6.6694527,chauds,-8.438462,1
3653,P_NOUN_9_ADJ_b,F,P,les bougies avec le rideau qui étaient là depuis hier ne sont pas très importantes <eos>,14,importantes,importants,12,M,S,importantes,-5.4714603,importants,-8.315768,1
3654,P_NOUN_9_ADJ_b,F,P,les bougies avec le rideau qui étaient là depuis hier ne sont pas très courtes <eos>,14,courtes,courts,12,M,S,courtes,-6.5789423,courts,-8.5438385,1
3655,P_NOUN_9_ADJ_b,F,P,les bougies avec le rideau qui étaient là depuis hier ne sont pas très dures <eos>,14,dures,durs,12,M,S,dures,-5.5647984,durs,-7.3045006,1
3656,P_NOUN_9_ADJ_b,F,P,les bougies avec le rideau qui étaient là depuis hier ne sont pas très claires <eos>,14,claires,clairs,12,M,S,claires,-4.38118,clairs,-6.4019804,1
3657,P_NOUN_9_ADJ_b,F,P,les bougies avec le rideau qui étaient là depuis hier ne sont pas très intéressantes <eos>,14,intéressantes,intéressants,12,M,S,intéressantes,-6.860328,intéressants,-8.545101,1
3658,P_NOUN_9_ADJ_b,F,P,les bougies avec le rideau qui étaient là depuis hier ne sont pas très brillantes <eos>,14,brillantes,brillants,12,M,S,brillantes,-6.731311,brillants,-8.724245,1
3659,P_NOUN_9_ADJ_b,F,P,les bougies avec le rideau qui étaient là depuis hier ne sont pas très compliquées <eos>,14,compliquées,compliqués,12,M,S,compliquées,-7.1622686,compliqués,-7.8501844,1
3660,P_NOUN_9_ADJ_b,F,P,les bougies avec le cahier qui étaient là depuis hier ne sont pas très vertes <eos>,14,vertes,verts,12,M,S,vertes,-9.910869,verts,-9.753222,0
3661,P_NOUN_9_ADJ_b,F,P,les bougies avec le cahier qui étaient là depuis hier ne sont pas très bleues <eos>,14,bleues,bleus,12,M,S,bleues,-10.613646,bleus,-10.512826,0
3662,P_NOUN_9_ADJ_b,F,P,les bougies avec le cahier qui étaient là depuis hier ne sont pas très noires <eos>,14,noires,noirs,12,M,S,noires,-9.504578,noirs,-11.125254,1
3663,P_NOUN_9_ADJ_b,F,P,les bougies avec le cahier qui étaient là depuis hier ne sont pas très délicates <eos>,14,délicates,délicats,12,M,S,délicates,-7.487971,délicats,-8.585636,1
3664,P_NOUN_9_ADJ_b,F,P,les bougies avec le cahier qui étaient là depuis hier ne sont pas très pointues <eos>,14,pointues,pointus,12,M,S,pointues,-8.965491,pointus,-10.687398,1
3665,P_NOUN_9_ADJ_b,F,P,les bougies avec le cahier qui étaient là depuis hier ne sont pas très rondes <eos>,14,rondes,ronds,12,M,S,rondes,-10.077696,ronds,-11.387638,1
3666,P_NOUN_9_ADJ_b,F,P,les bougies avec le cahier qui étaient là depuis hier ne sont pas très froides <eos>,14,froides,froids,12,M,S,froides,-5.3988037,froids,-9.951777,1
3667,P_NOUN_9_ADJ_b,F,P,les bougies avec le cahier qui étaient là depuis hier ne sont pas très chaudes <eos>,14,chaudes,chauds,12,M,S,chaudes,-6.4278507,chauds,-7.6047335,1
3668,P_NOUN_9_ADJ_b,F,P,les bougies avec le cahier qui étaient là depuis hier ne sont pas très importantes <eos>,14,importantes,importants,12,M,S,importantes,-5.898692,importants,-7.6109724,1
3669,P_NOUN_9_ADJ_b,F,P,les bougies avec le cahier qui étaient là depuis hier ne sont pas très courtes <eos>,14,courtes,courts,12,M,S,courtes,-6.611865,courts,-7.9231825,1
3670,P_NOUN_9_ADJ_b,F,P,les bougies avec le cahier qui étaient là depuis hier ne sont pas très dures <eos>,14,dures,durs,12,M,S,dures,-5.779043,durs,-6.8207827,1
3671,P_NOUN_9_ADJ_b,F,P,les bougies avec le cahier qui étaient là depuis hier ne sont pas très claires <eos>,14,claires,clairs,12,M,S,claires,-4.403332,clairs,-5.7672095,1
3672,P_NOUN_9_ADJ_b,F,P,les bougies avec le cahier qui étaient là depuis hier ne sont pas très intéressantes <eos>,14,intéressantes,intéressants,12,M,S,intéressantes,-6.714443,intéressants,-7.5673857,1
3673,P_NOUN_9_ADJ_b,F,P,les bougies avec le cahier qui étaient là depuis hier ne sont pas très brillantes <eos>,14,brillantes,brillants,12,M,S,brillantes,-7.156479,brillants,-8.116911,1
3674,P_NOUN_9_ADJ_b,F,P,les bougies avec le cahier qui étaient là depuis hier ne sont pas très compliquées <eos>,14,compliquées,compliqués,12,M,S,compliquées,-7.282509,compliqués,-7.2025414,0
3675,P_NOUN_9_ADJ_b,F,P,les bougies avec le micro qui étaient là depuis hier ne sont pas très vertes <eos>,14,vertes,verts,12,M,S,vertes,-9.813638,verts,-10.004419,1
3676,P_NOUN_9_ADJ_b,F,P,les bougies avec le micro qui étaient là depuis hier ne sont pas très bleues <eos>,14,bleues,bleus,12,M,S,bleues,-10.215244,bleus,-10.351276,1
3677,P_NOUN_9_ADJ_b,F,P,les bougies avec le micro qui étaient là depuis hier ne sont pas très noires <eos>,14,noires,noirs,12,M,S,noires,-9.028845,noirs,-11.222616,1
3678,P_NOUN_9_ADJ_b,F,P,les bougies avec le micro qui étaient là depuis hier ne sont pas très délicates <eos>,14,délicates,délicats,12,M,S,délicates,-7.6732635,délicats,-9.070162,1
3679,P_NOUN_9_ADJ_b,F,P,les bougies avec le micro qui étaient là depuis hier ne sont pas très pointues <eos>,14,pointues,pointus,12,M,S,pointues,-8.7025795,pointus,-11.220524,1
3680,P_NOUN_9_ADJ_b,F,P,les bougies avec le micro qui étaient là depuis hier ne sont pas très rondes <eos>,14,rondes,ronds,12,M,S,rondes,-9.896387,ronds,-11.68284,1
3681,P_NOUN_9_ADJ_b,F,P,les bougies avec le micro qui étaient là depuis hier ne sont pas très froides <eos>,14,froides,froids,12,M,S,froides,-5.3421803,froids,-10.518417,1
3682,P_NOUN_9_ADJ_b,F,P,les bougies avec le micro qui étaient là depuis hier ne sont pas très chaudes <eos>,14,chaudes,chauds,12,M,S,chaudes,-6.4415894,chauds,-8.233746,1
3683,P_NOUN_9_ADJ_b,F,P,les bougies avec le micro qui étaient là depuis hier ne sont pas très importantes <eos>,14,importantes,importants,12,M,S,importantes,-5.594403,importants,-8.287434,1
3684,P_NOUN_9_ADJ_b,F,P,les bougies avec le micro qui étaient là depuis hier ne sont pas très courtes <eos>,14,courtes,courts,12,M,S,courtes,-6.4519405,courts,-8.268402,1
3685,P_NOUN_9_ADJ_b,F,P,les bougies avec le micro qui étaient là depuis hier ne sont pas très dures <eos>,14,dures,durs,12,M,S,dures,-5.9660635,durs,-7.0947704,1
3686,P_NOUN_9_ADJ_b,F,P,les bougies avec le micro qui étaient là depuis hier ne sont pas très claires <eos>,14,claires,clairs,12,M,S,claires,-4.2158165,clairs,-6.6356955,1
3687,P_NOUN_9_ADJ_b,F,P,les bougies avec le micro qui étaient là depuis hier ne sont pas très intéressantes <eos>,14,intéressantes,intéressants,12,M,S,intéressantes,-6.6265116,intéressants,-8.293926,1
3688,P_NOUN_9_ADJ_b,F,P,les bougies avec le micro qui étaient là depuis hier ne sont pas très brillantes <eos>,14,brillantes,brillants,12,M,S,brillantes,-7.127428,brillants,-8.793225,1
3689,P_NOUN_9_ADJ_b,F,P,les bougies avec le micro qui étaient là depuis hier ne sont pas très compliquées <eos>,14,compliquées,compliqués,12,M,S,compliquées,-7.196566,compliqués,-7.726087,1
3690,P_NOUN_9_ADJ_b,F,P,les bougies avec le sac qui étaient là depuis hier ne sont pas très vertes <eos>,14,vertes,verts,12,M,S,vertes,-10.01147,verts,-9.810682,0
3691,P_NOUN_9_ADJ_b,F,P,les bougies avec le sac qui étaient là depuis hier ne sont pas très bleues <eos>,14,bleues,bleus,12,M,S,bleues,-10.596764,bleus,-10.466242,0
3692,P_NOUN_9_ADJ_b,F,P,les bougies avec le sac qui étaient là depuis hier ne sont pas très noires <eos>,14,noires,noirs,12,M,S,noires,-9.312102,noirs,-11.103216,1
3693,P_NOUN_9_ADJ_b,F,P,les bougies avec le sac qui étaient là depuis hier ne sont pas très délicates <eos>,14,délicates,délicats,12,M,S,délicates,-7.918809,délicats,-8.737059,1
3694,P_NOUN_9_ADJ_b,F,P,les bougies avec le sac qui étaient là depuis hier ne sont pas très pointues <eos>,14,pointues,pointus,12,M,S,pointues,-8.680961,pointus,-10.842292,1
3695,P_NOUN_9_ADJ_b,F,P,les bougies avec le sac qui étaient là depuis hier ne sont pas très rondes <eos>,14,rondes,ronds,12,M,S,rondes,-10.010373,ronds,-11.655841,1
3696,P_NOUN_9_ADJ_b,F,P,les bougies avec le sac qui étaient là depuis hier ne sont pas très froides <eos>,14,froides,froids,12,M,S,froides,-5.348281,froids,-10.20995,1
3697,P_NOUN_9_ADJ_b,F,P,les bougies avec le sac qui étaient là depuis hier ne sont pas très chaudes <eos>,14,chaudes,chauds,12,M,S,chaudes,-6.5458536,chauds,-7.7316885,1
3698,P_NOUN_9_ADJ_b,F,P,les bougies avec le sac qui étaient là depuis hier ne sont pas très importantes <eos>,14,importantes,importants,12,M,S,importantes,-5.731562,importants,-7.953159,1
3699,P_NOUN_9_ADJ_b,F,P,les bougies avec le sac qui étaient là depuis hier ne sont pas très courtes <eos>,14,courtes,courts,12,M,S,courtes,-6.8241615,courts,-8.113359,1
3700,P_NOUN_9_ADJ_b,F,P,les bougies avec le sac qui étaient là depuis hier ne sont pas très dures <eos>,14,dures,durs,12,M,S,dures,-5.5112243,durs,-6.560456,1
3701,P_NOUN_9_ADJ_b,F,P,les bougies avec le sac qui étaient là depuis hier ne sont pas très claires <eos>,14,claires,clairs,12,M,S,claires,-4.464424,clairs,-6.2381086,1
3702,P_NOUN_9_ADJ_b,F,P,les bougies avec le sac qui étaient là depuis hier ne sont pas très intéressantes <eos>,14,intéressantes,intéressants,12,M,S,intéressantes,-6.712507,intéressants,-8.061443,1
3703,P_NOUN_9_ADJ_b,F,P,les bougies avec le sac qui étaient là depuis hier ne sont pas très brillantes <eos>,14,brillantes,brillants,12,M,S,brillantes,-7.0130997,brillants,-8.29734,1
3704,P_NOUN_9_ADJ_b,F,P,les bougies avec le sac qui étaient là depuis hier ne sont pas très compliquées <eos>,14,compliquées,compliqués,12,M,S,compliquées,-7.2004824,compliqués,-7.53502,1
3705,P_NOUN_9_ADJ_b,F,P,les bougies avec le clavier qui étaient là depuis hier ne sont pas très vertes <eos>,14,vertes,verts,12,M,S,vertes,-10.445631,verts,-10.725893,1
3706,P_NOUN_9_ADJ_b,F,P,les bougies avec le clavier qui étaient là depuis hier ne sont pas très bleues <eos>,14,bleues,bleus,12,M,S,bleues,-11.096796,bleus,-11.53055,1
3707,P_NOUN_9_ADJ_b,F,P,les bougies avec le clavier qui étaient là depuis hier ne sont pas très noires <eos>,14,noires,noirs,12,M,S,noires,-9.850382,noirs,-11.977508,1
3708,P_NOUN_9_ADJ_b,F,P,les bougies avec le clavier qui étaient là depuis hier ne sont pas très délicates <eos>,14,délicates,délicats,12,M,S,délicates,-8.061775,délicats,-9.248125,1
3709,P_NOUN_9_ADJ_b,F,P,les bougies avec le clavier qui étaient là depuis hier ne sont pas très pointues <eos>,14,pointues,pointus,12,M,S,pointues,-8.801237,pointus,-11.909435,1
3710,P_NOUN_9_ADJ_b,F,P,les bougies avec le clavier qui étaient là depuis hier ne sont pas très rondes <eos>,14,rondes,ronds,12,M,S,rondes,-10.158735,ronds,-12.18475,1
3711,P_NOUN_9_ADJ_b,F,P,les bougies avec le clavier qui étaient là depuis hier ne sont pas très froides <eos>,14,froides,froids,12,M,S,froides,-5.9999046,froids,-11.144348,1
3712,P_NOUN_9_ADJ_b,F,P,les bougies avec le clavier qui étaient là depuis hier ne sont pas très chaudes <eos>,14,chaudes,chauds,12,M,S,chaudes,-7.113369,chauds,-9.123639,1
3713,P_NOUN_9_ADJ_b,F,P,les bougies avec le clavier qui étaient là depuis hier ne sont pas très importantes <eos>,14,importantes,importants,12,M,S,importantes,-5.738675,importants,-8.352312,1
3714,P_NOUN_9_ADJ_b,F,P,les bougies avec le clavier qui étaient là depuis hier ne sont pas très courtes <eos>,14,courtes,courts,12,M,S,courtes,-6.479558,courts,-8.510769,1
3715,P_NOUN_9_ADJ_b,F,P,les bougies avec le clavier qui étaient là depuis hier ne sont pas très dures <eos>,14,dures,durs,12,M,S,dures,-5.698882,durs,-6.46449,1
3716,P_NOUN_9_ADJ_b,F,P,les bougies avec le clavier qui étaient là depuis hier ne sont pas très claires <eos>,14,claires,clairs,12,M,S,claires,-4.147069,clairs,-6.4443483,1
3717,P_NOUN_9_ADJ_b,F,P,les bougies avec le clavier qui étaient là depuis hier ne sont pas très intéressantes <eos>,14,intéressantes,intéressants,12,M,S,intéressantes,-6.540343,intéressants,-8.030317,1
3718,P_NOUN_9_ADJ_b,F,P,les bougies avec le clavier qui étaient là depuis hier ne sont pas très brillantes <eos>,14,brillantes,brillants,12,M,S,brillantes,-6.770881,brillants,-9.004988,1
3719,P_NOUN_9_ADJ_b,F,P,les bougies avec le clavier qui étaient là depuis hier ne sont pas très compliquées <eos>,14,compliquées,compliqués,12,M,S,compliquées,-6.429446,compliqués,-7.1931705,1
3720,P_NOUN_9_ADJ_b,F,P,les bougies avec le raisin qui étaient là depuis hier ne sont pas très vertes <eos>,14,vertes,verts,12,M,S,vertes,-9.6936,verts,-10.386524,1
3721,P_NOUN_9_ADJ_b,F,P,les bougies avec le raisin qui étaient là depuis hier ne sont pas très bleues <eos>,14,bleues,bleus,12,M,S,bleues,-10.948232,bleus,-11.075244,1
3722,P_NOUN_9_ADJ_b,F,P,les bougies avec le raisin qui étaient là depuis hier ne sont pas très noires <eos>,14,noires,noirs,12,M,S,noires,-9.234226,noirs,-11.9199505,1
3723,P_NOUN_9_ADJ_b,F,P,les bougies avec le raisin qui étaient là depuis hier ne sont pas très délicates <eos>,14,délicates,délicats,12,M,S,délicates,-7.862588,délicats,-8.364047,1
3724,P_NOUN_9_ADJ_b,F,P,les bougies avec le raisin qui étaient là depuis hier ne sont pas très pointues <eos>,14,pointues,pointus,12,M,S,pointues,-9.041687,pointus,-11.913542,1
3725,P_NOUN_9_ADJ_b,F,P,les bougies avec le raisin qui étaient là depuis hier ne sont pas très rondes <eos>,14,rondes,ronds,12,M,S,rondes,-10.255743,ronds,-12.002344,1
3726,P_NOUN_9_ADJ_b,F,P,les bougies avec le raisin qui étaient là depuis hier ne sont pas très froides <eos>,14,froides,froids,12,M,S,froides,-5.3053455,froids,-9.950909,1
3727,P_NOUN_9_ADJ_b,F,P,les bougies avec le raisin qui étaient là depuis hier ne sont pas très chaudes <eos>,14,chaudes,chauds,12,M,S,chaudes,-5.7482595,chauds,-7.7570124,1
3728,P_NOUN_9_ADJ_b,F,P,les bougies avec le raisin qui étaient là depuis hier ne sont pas très importantes <eos>,14,importantes,importants,12,M,S,importantes,-5.213129,importants,-8.276729,1
3729,P_NOUN_9_ADJ_b,F,P,les bougies avec le raisin qui étaient là depuis hier ne sont pas très courtes <eos>,14,courtes,courts,12,M,S,courtes,-7.1844873,courts,-8.735989,1
3730,P_NOUN_9_ADJ_b,F,P,les bougies avec le raisin qui étaient là depuis hier ne sont pas très dures <eos>,14,dures,durs,12,M,S,dures,-5.453026,durs,-7.0359764,1
3731,P_NOUN_9_ADJ_b,F,P,les bougies avec le raisin qui étaient là depuis hier ne sont pas très claires <eos>,14,claires,clairs,12,M,S,claires,-4.28992,clairs,-7.123851,1
3732,P_NOUN_9_ADJ_b,F,P,les bougies avec le raisin qui étaient là depuis hier ne sont pas très intéressantes <eos>,14,intéressantes,intéressants,12,M,S,intéressantes,-6.539543,intéressants,-8.929788,1
3733,P_NOUN_9_ADJ_b,F,P,les bougies avec le raisin qui étaient là depuis hier ne sont pas très brillantes <eos>,14,brillantes,brillants,12,M,S,brillantes,-7.1388717,brillants,-8.600695,1
3734,P_NOUN_9_ADJ_b,F,P,les bougies avec le raisin qui étaient là depuis hier ne sont pas très compliquées <eos>,14,compliquées,compliqués,12,M,S,compliquées,-8.16914,compliqués,-8.293626,1
3735,P_NOUN_9_ADJ_b,F,P,les bougies avec le chargeur qui étaient là depuis hier ne sont pas très vertes <eos>,14,vertes,verts,12,M,S,vertes,-10.271658,verts,-10.926508,1
3736,P_NOUN_9_ADJ_b,F,P,les bougies avec le chargeur qui étaient là depuis hier ne sont pas très bleues <eos>,14,bleues,bleus,12,M,S,bleues,-11.0556965,bleus,-11.1584,1
3737,P_NOUN_9_ADJ_b,F,P,les bougies avec le chargeur qui étaient là depuis hier ne sont pas très noires <eos>,14,noires,noirs,12,M,S,noires,-9.253063,noirs,-11.437402,1
3738,P_NOUN_9_ADJ_b,F,P,les bougies avec le chargeur qui étaient là depuis hier ne sont pas très délicates <eos>,14,délicates,délicats,12,M,S,délicates,-8.484791,délicats,-9.765923,1
3739,P_NOUN_9_ADJ_b,F,P,les bougies avec le chargeur qui étaient là depuis hier ne sont pas très pointues <eos>,14,pointues,pointus,12,M,S,pointues,-8.722588,pointus,-11.495932,1
3740,P_NOUN_9_ADJ_b,F,P,les bougies avec le chargeur qui étaient là depuis hier ne sont pas très rondes <eos>,14,rondes,ronds,12,M,S,rondes,-10.350883,ronds,-12.39879,1
3741,P_NOUN_9_ADJ_b,F,P,les bougies avec le chargeur qui étaient là depuis hier ne sont pas très froides <eos>,14,froides,froids,12,M,S,froides,-5.4950786,froids,-10.996,1
3742,P_NOUN_9_ADJ_b,F,P,les bougies avec le chargeur qui étaient là depuis hier ne sont pas très chaudes <eos>,14,chaudes,chauds,12,M,S,chaudes,-7.0657315,chauds,-8.231762,1
3743,P_NOUN_9_ADJ_b,F,P,les bougies avec le chargeur qui étaient là depuis hier ne sont pas très importantes <eos>,14,importantes,importants,12,M,S,importantes,-5.600216,importants,-8.429098,1
3744,P_NOUN_9_ADJ_b,F,P,les bougies avec le chargeur qui étaient là depuis hier ne sont pas très courtes <eos>,14,courtes,courts,12,M,S,courtes,-6.4096317,courts,-8.721725,1
3745,P_NOUN_9_ADJ_b,F,P,les bougies avec le chargeur qui étaient là depuis hier ne sont pas très dures <eos>,14,dures,durs,12,M,S,dures,-5.748945,durs,-6.926162,1
3746,P_NOUN_9_ADJ_b,F,P,les bougies avec le chargeur qui étaient là depuis hier ne sont pas très claires <eos>,14,claires,clairs,12,M,S,claires,-4.9695597,clairs,-7.05361,1
3747,P_NOUN_9_ADJ_b,F,P,les bougies avec le chargeur qui étaient là depuis hier ne sont pas très intéressantes <eos>,14,intéressantes,intéressants,12,M,S,intéressantes,-6.7988577,intéressants,-8.5343485,1
3748,P_NOUN_9_ADJ_b,F,P,les bougies avec le chargeur qui étaient là depuis hier ne sont pas très brillantes <eos>,14,brillantes,brillants,12,M,S,brillantes,-7.373867,brillants,-8.796354,1
3749,P_NOUN_9_ADJ_b,F,P,les bougies avec le chargeur qui étaient là depuis hier ne sont pas très compliquées <eos>,14,compliquées,compliqués,12,M,S,compliquées,-6.9821215,compliqués,-7.5916777,1
3750,P_NOUN_9_ADJ_b,F,P,les bougies avec le vase qui étaient là depuis hier ne sont pas très vertes <eos>,14,vertes,verts,12,M,S,vertes,-10.089963,verts,-10.21296,1
3751,P_NOUN_9_ADJ_b,F,P,les bougies avec le vase qui étaient là depuis hier ne sont pas très bleues <eos>,14,bleues,bleus,12,M,S,bleues,-10.855312,bleus,-10.966484,1
3752,P_NOUN_9_ADJ_b,F,P,les bougies avec le vase qui étaient là depuis hier ne sont pas très noires <eos>,14,noires,noirs,12,M,S,noires,-9.468549,noirs,-11.813713,1
3753,P_NOUN_9_ADJ_b,F,P,les bougies avec le vase qui étaient là depuis hier ne sont pas très délicates <eos>,14,délicates,délicats,12,M,S,délicates,-7.390483,délicats,-8.6299,1
3754,P_NOUN_9_ADJ_b,F,P,les bougies avec le vase qui étaient là depuis hier ne sont pas très pointues <eos>,14,pointues,pointus,12,M,S,pointues,-8.923714,pointus,-11.034504,1
3755,P_NOUN_9_ADJ_b,F,P,les bougies avec le vase qui étaient là depuis hier ne sont pas très rondes <eos>,14,rondes,ronds,12,M,S,rondes,-10.645535,ronds,-11.910464,1
3756,P_NOUN_9_ADJ_b,F,P,les bougies avec le vase qui étaient là depuis hier ne sont pas très froides <eos>,14,froides,froids,12,M,S,froides,-5.4387417,froids,-10.2892475,1
3757,P_NOUN_9_ADJ_b,F,P,les bougies avec le vase qui étaient là depuis hier ne sont pas très chaudes <eos>,14,chaudes,chauds,12,M,S,chaudes,-6.1805735,chauds,-8.147897,1
3758,P_NOUN_9_ADJ_b,F,P,les bougies avec le vase qui étaient là depuis hier ne sont pas très importantes <eos>,14,importantes,importants,12,M,S,importantes,-5.0975933,importants,-7.729083,1
3759,P_NOUN_9_ADJ_b,F,P,les bougies avec le vase qui étaient là depuis hier ne sont pas très courtes <eos>,14,courtes,courts,12,M,S,courtes,-7.244632,courts,-8.782646,1
3760,P_NOUN_9_ADJ_b,F,P,les bougies avec le vase qui étaient là depuis hier ne sont pas très dures <eos>,14,dures,durs,12,M,S,dures,-5.4975395,durs,-7.2613497,1
3761,P_NOUN_9_ADJ_b,F,P,les bougies avec le vase qui étaient là depuis hier ne sont pas très claires <eos>,14,claires,clairs,12,M,S,claires,-4.51342,clairs,-6.353983,1
3762,P_NOUN_9_ADJ_b,F,P,les bougies avec le vase qui étaient là depuis hier ne sont pas très intéressantes <eos>,14,intéressantes,intéressants,12,M,S,intéressantes,-6.472129,intéressants,-8.17802,1
3763,P_NOUN_9_ADJ_b,F,P,les bougies avec le vase qui étaient là depuis hier ne sont pas très brillantes <eos>,14,brillantes,brillants,12,M,S,brillantes,-6.8756,brillants,-8.525398,1
3764,P_NOUN_9_ADJ_b,F,P,les bougies avec le vase qui étaient là depuis hier ne sont pas très compliquées <eos>,14,compliquées,compliqués,12,M,S,compliquées,-7.2964106,compliqués,-7.5487366,1
3765,P_NOUN_9_ADJ_b,F,P,les bougies avec le panier qui étaient là depuis hier ne sont pas très vertes <eos>,14,vertes,verts,12,M,S,vertes,-10.187084,verts,-10.138918,0
3766,P_NOUN_9_ADJ_b,F,P,les bougies avec le panier qui étaient là depuis hier ne sont pas très bleues <eos>,14,bleues,bleus,12,M,S,bleues,-10.828881,bleus,-10.659583,0
3767,P_NOUN_9_ADJ_b,F,P,les bougies avec le panier qui étaient là depuis hier ne sont pas très noires <eos>,14,noires,noirs,12,M,S,noires,-9.38456,noirs,-11.286268,1
3768,P_NOUN_9_ADJ_b,F,P,les bougies avec le panier qui étaient là depuis hier ne sont pas très délicates <eos>,14,délicates,délicats,12,M,S,délicates,-7.815031,délicats,-8.871095,1
3769,P_NOUN_9_ADJ_b,F,P,les bougies avec le panier qui étaient là depuis hier ne sont pas très pointues <eos>,14,pointues,pointus,12,M,S,pointues,-8.748138,pointus,-10.91782,1
3770,P_NOUN_9_ADJ_b,F,P,les bougies avec le panier qui étaient là depuis hier ne sont pas très rondes <eos>,14,rondes,ronds,12,M,S,rondes,-10.137639,ronds,-11.4682045,1
3771,P_NOUN_9_ADJ_b,F,P,les bougies avec le panier qui étaient là depuis hier ne sont pas très froides <eos>,14,froides,froids,12,M,S,froides,-5.3982563,froids,-10.50861,1
3772,P_NOUN_9_ADJ_b,F,P,les bougies avec le panier qui étaient là depuis hier ne sont pas très chaudes <eos>,14,chaudes,chauds,12,M,S,chaudes,-6.554178,chauds,-7.9167547,1
3773,P_NOUN_9_ADJ_b,F,P,les bougies avec le panier qui étaient là depuis hier ne sont pas très importantes <eos>,14,importantes,importants,12,M,S,importantes,-5.5522375,importants,-7.7291603,1
3774,P_NOUN_9_ADJ_b,F,P,les bougies avec le panier qui étaient là depuis hier ne sont pas très courtes <eos>,14,courtes,courts,12,M,S,courtes,-6.8451853,courts,-8.18789,1
3775,P_NOUN_9_ADJ_b,F,P,les bougies avec le panier qui étaient là depuis hier ne sont pas très dures <eos>,14,dures,durs,12,M,S,dures,-5.741987,durs,-6.8836584,1
3776,P_NOUN_9_ADJ_b,F,P,les bougies avec le panier qui étaient là depuis hier ne sont pas très claires <eos>,14,claires,clairs,12,M,S,claires,-4.5487213,clairs,-6.3326435,1
3777,P_NOUN_9_ADJ_b,F,P,les bougies avec le panier qui étaient là depuis hier ne sont pas très intéressantes <eos>,14,intéressantes,intéressants,12,M,S,intéressantes,-6.7470713,intéressants,-8.130598,1
3778,P_NOUN_9_ADJ_b,F,P,les bougies avec le panier qui étaient là depuis hier ne sont pas très brillantes <eos>,14,brillantes,brillants,12,M,S,brillantes,-7.3805013,brillants,-8.340126,1
3779,P_NOUN_9_ADJ_b,F,P,les bougies avec le panier qui étaient là depuis hier ne sont pas très compliquées <eos>,14,compliquées,compliqués,12,M,S,compliquées,-7.484022,compliqués,-7.4283104,0
3780,P_NOUN_9_ADJ_b,F,P,les bougies avec le collier qui étaient là depuis hier ne sont pas très vertes <eos>,14,vertes,verts,12,M,S,vertes,-10.168135,verts,-9.475384,0
3781,P_NOUN_9_ADJ_b,F,P,les bougies avec le collier qui étaient là depuis hier ne sont pas très bleues <eos>,14,bleues,bleus,12,M,S,bleues,-10.458196,bleus,-10.333407,0
3782,P_NOUN_9_ADJ_b,F,P,les bougies avec le collier qui étaient là depuis hier ne sont pas très noires <eos>,14,noires,noirs,12,M,S,noires,-9.387119,noirs,-10.867645,1
3783,P_NOUN_9_ADJ_b,F,P,les bougies avec le collier qui étaient là depuis hier ne sont pas très délicates <eos>,14,délicates,délicats,12,M,S,délicates,-7.740828,délicats,-9.072483,1
3784,P_NOUN_9_ADJ_b,F,P,les bougies avec le collier qui étaient là depuis hier ne sont pas très pointues <eos>,14,pointues,pointus,12,M,S,pointues,-8.632218,pointus,-10.604472,1
3785,P_NOUN_9_ADJ_b,F,P,les bougies avec le collier qui étaient là depuis hier ne sont pas très rondes <eos>,14,rondes,ronds,12,M,S,rondes,-10.248068,ronds,-11.533691,1
3786,P_NOUN_9_ADJ_b,F,P,les bougies avec le collier qui étaient là depuis hier ne sont pas très froides <eos>,14,froides,froids,12,M,S,froides,-5.536168,froids,-10.580516,1
3787,P_NOUN_9_ADJ_b,F,P,les bougies avec le collier qui étaient là depuis hier ne sont pas très chaudes <eos>,14,chaudes,chauds,12,M,S,chaudes,-6.8353405,chauds,-7.981306,1
3788,P_NOUN_9_ADJ_b,F,P,les bougies avec le collier qui étaient là depuis hier ne sont pas très importantes <eos>,14,importantes,importants,12,M,S,importantes,-5.7802396,importants,-7.599301,1
3789,P_NOUN_9_ADJ_b,F,P,les bougies avec le collier qui étaient là depuis hier ne sont pas très courtes <eos>,14,courtes,courts,12,M,S,courtes,-7.203682,courts,-8.165133,1
3790,P_NOUN_9_ADJ_b,F,P,les bougies avec le collier qui étaient là depuis hier ne sont pas très dures <eos>,14,dures,durs,12,M,S,dures,-5.7037654,durs,-6.8895793,1
3791,P_NOUN_9_ADJ_b,F,P,les bougies avec le collier qui étaient là depuis hier ne sont pas très claires <eos>,14,claires,clairs,12,M,S,claires,-4.5069475,clairs,-5.7342043,1
3792,P_NOUN_9_ADJ_b,F,P,les bougies avec le collier qui étaient là depuis hier ne sont pas très intéressantes <eos>,14,intéressantes,intéressants,12,M,S,intéressantes,-6.772506,intéressants,-7.644633,1
3793,P_NOUN_9_ADJ_b,F,P,les bougies avec le collier qui étaient là depuis hier ne sont pas très brillantes <eos>,14,brillantes,brillants,12,M,S,brillantes,-6.7672634,brillants,-7.7577076,1
3794,P_NOUN_9_ADJ_b,F,P,les bougies avec le collier qui étaient là depuis hier ne sont pas très compliquées <eos>,14,compliquées,compliqués,12,M,S,compliquées,-7.1239233,compliqués,-7.286357,1
3795,P_NOUN_9_ADJ_b,F,P,les bougies avec le chapeau qui étaient là depuis hier ne sont pas très vertes <eos>,14,vertes,verts,12,M,S,vertes,-9.791626,verts,-9.998286,1
3796,P_NOUN_9_ADJ_b,F,P,les bougies avec le chapeau qui étaient là depuis hier ne sont pas très bleues <eos>,14,bleues,bleus,12,M,S,bleues,-9.923244,bleus,-10.155375,1
3797,P_NOUN_9_ADJ_b,F,P,les bougies avec le chapeau qui étaient là depuis hier ne sont pas très noires <eos>,14,noires,noirs,12,M,S,noires,-8.749914,noirs,-10.923346,1
3798,P_NOUN_9_ADJ_b,F,P,les bougies avec le chapeau qui étaient là depuis hier ne sont pas très délicates <eos>,14,délicates,délicats,12,M,S,délicates,-7.3974843,délicats,-9.111486,1
3799,P_NOUN_9_ADJ_b,F,P,les bougies avec le chapeau qui étaient là depuis hier ne sont pas très pointues <eos>,14,pointues,pointus,12,M,S,pointues,-8.473977,pointus,-11.097036,1
3800,P_NOUN_9_ADJ_b,F,P,les bougies avec le chapeau qui étaient là depuis hier ne sont pas très rondes <eos>,14,rondes,ronds,12,M,S,rondes,-10.033185,ronds,-11.601148,1
3801,P_NOUN_9_ADJ_b,F,P,les bougies avec le chapeau qui étaient là depuis hier ne sont pas très froides <eos>,14,froides,froids,12,M,S,froides,-5.334812,froids,-10.653412,1
3802,P_NOUN_9_ADJ_b,F,P,les bougies avec le chapeau qui étaient là depuis hier ne sont pas très chaudes <eos>,14,chaudes,chauds,12,M,S,chaudes,-6.437229,chauds,-8.240395,1
3803,P_NOUN_9_ADJ_b,F,P,les bougies avec le chapeau qui étaient là depuis hier ne sont pas très importantes <eos>,14,importantes,importants,12,M,S,importantes,-5.6068583,importants,-8.433652,1
3804,P_NOUN_9_ADJ_b,F,P,les bougies avec le chapeau qui étaient là depuis hier ne sont pas très courtes <eos>,14,courtes,courts,12,M,S,courtes,-6.660817,courts,-8.562613,1
3805,P_NOUN_9_ADJ_b,F,P,les bougies avec le chapeau qui étaient là depuis hier ne sont pas très dures <eos>,14,dures,durs,12,M,S,dures,-5.6685214,durs,-7.3420835,1
3806,P_NOUN_9_ADJ_b,F,P,les bougies avec le chapeau qui étaient là depuis hier ne sont pas très claires <eos>,14,claires,clairs,12,M,S,claires,-4.1748433,clairs,-6.1766934,1
3807,P_NOUN_9_ADJ_b,F,P,les bougies avec le chapeau qui étaient là depuis hier ne sont pas très intéressantes <eos>,14,intéressantes,intéressants,12,M,S,intéressantes,-6.7093067,intéressants,-8.521791,1
3808,P_NOUN_9_ADJ_b,F,P,les bougies avec le chapeau qui étaient là depuis hier ne sont pas très brillantes <eos>,14,brillantes,brillants,12,M,S,brillantes,-6.6698666,brillants,-8.402134,1
3809,P_NOUN_9_ADJ_b,F,P,les bougies avec le chapeau qui étaient là depuis hier ne sont pas très compliquées <eos>,14,compliquées,compliqués,12,M,S,compliquées,-7.3820868,compliqués,-8.027799,1
3810,P_NOUN_9_ADJ_b,F,P,les bougies avec le pot qui étaient là depuis hier ne sont pas très vertes <eos>,14,vertes,verts,12,M,S,vertes,-9.882336,verts,-9.6832905,0
3811,P_NOUN_9_ADJ_b,F,P,les bougies avec le pot qui étaient là depuis hier ne sont pas très bleues <eos>,14,bleues,bleus,12,M,S,bleues,-10.535701,bleus,-10.304863,0
3812,P_NOUN_9_ADJ_b,F,P,les bougies avec le pot qui étaient là depuis hier ne sont pas très noires <eos>,14,noires,noirs,12,M,S,noires,-9.273072,noirs,-11.144293,1
3813,P_NOUN_9_ADJ_b,F,P,les bougies avec le pot qui étaient là depuis hier ne sont pas très délicates <eos>,14,délicates,délicats,12,M,S,délicates,-7.472457,délicats,-8.691029,1
3814,P_NOUN_9_ADJ_b,F,P,les bougies avec le pot qui étaient là depuis hier ne sont pas très pointues <eos>,14,pointues,pointus,12,M,S,pointues,-9.046745,pointus,-11.147412,1
3815,P_NOUN_9_ADJ_b,F,P,les bougies avec le pot qui étaient là depuis hier ne sont pas très rondes <eos>,14,rondes,ronds,12,M,S,rondes,-10.465047,ronds,-11.712433,1
3816,P_NOUN_9_ADJ_b,F,P,les bougies avec le pot qui étaient là depuis hier ne sont pas très froides <eos>,14,froides,froids,12,M,S,froides,-5.1716084,froids,-9.9180355,1
3817,P_NOUN_9_ADJ_b,F,P,les bougies avec le pot qui étaient là depuis hier ne sont pas très chaudes <eos>,14,chaudes,chauds,12,M,S,chaudes,-6.084042,chauds,-7.6509156,1
3818,P_NOUN_9_ADJ_b,F,P,les bougies avec le pot qui étaient là depuis hier ne sont pas très importantes <eos>,14,importantes,importants,12,M,S,importantes,-5.254037,importants,-7.772585,1
3819,P_NOUN_9_ADJ_b,F,P,les bougies avec le pot qui étaient là depuis hier ne sont pas très courtes <eos>,14,courtes,courts,12,M,S,courtes,-7.307282,courts,-8.367352,1
3820,P_NOUN_9_ADJ_b,F,P,les bougies avec le pot qui étaient là depuis hier ne sont pas très dures <eos>,14,dures,durs,12,M,S,dures,-5.578214,durs,-6.9286685,1
3821,P_NOUN_9_ADJ_b,F,P,les bougies avec le pot qui étaient là depuis hier ne sont pas très claires <eos>,14,claires,clairs,12,M,S,claires,-4.3582153,clairs,-6.248708,1
3822,P_NOUN_9_ADJ_b,F,P,les bougies avec le pot qui étaient là depuis hier ne sont pas très intéressantes <eos>,14,intéressantes,intéressants,12,M,S,intéressantes,-6.3887806,intéressants,-8.091465,1
3823,P_NOUN_9_ADJ_b,F,P,les bougies avec le pot qui étaient là depuis hier ne sont pas très brillantes <eos>,14,brillantes,brillants,12,M,S,brillantes,-6.9328823,brillants,-8.024754,1
3824,P_NOUN_9_ADJ_b,F,P,les bougies avec le pot qui étaient là depuis hier ne sont pas très compliquées <eos>,14,compliquées,compliqués,12,M,S,compliquées,-7.5744777,compliqués,-7.6896157,1
3825,P_NOUN_9_ADJ_b,F,P,les bougies avec le coussin qui étaient là depuis hier ne sont pas très vertes <eos>,14,vertes,verts,12,M,S,vertes,-10.070924,verts,-10.5457,1
3826,P_NOUN_9_ADJ_b,F,P,les bougies avec le coussin qui étaient là depuis hier ne sont pas très bleues <eos>,14,bleues,bleus,12,M,S,bleues,-10.502247,bleus,-10.6481495,1
3827,P_NOUN_9_ADJ_b,F,P,les bougies avec le coussin qui étaient là depuis hier ne sont pas très noires <eos>,14,noires,noirs,12,M,S,noires,-9.189089,noirs,-11.2217865,1
3828,P_NOUN_9_ADJ_b,F,P,les bougies avec le coussin qui étaient là depuis hier ne sont pas très délicates <eos>,14,délicates,délicats,12,M,S,délicates,-8.1225,délicats,-9.229416,1
3829,P_NOUN_9_ADJ_b,F,P,les bougies avec le coussin qui étaient là depuis hier ne sont pas très pointues <eos>,14,pointues,pointus,12,M,S,pointues,-8.460987,pointus,-10.991949,1
3830,P_NOUN_9_ADJ_b,F,P,les bougies avec le coussin qui étaient là depuis hier ne sont pas très rondes <eos>,14,rondes,ronds,12,M,S,rondes,-9.918114,ronds,-11.785014,1
3831,P_NOUN_9_ADJ_b,F,P,les bougies avec le coussin qui étaient là depuis hier ne sont pas très froides <eos>,14,froides,froids,12,M,S,froides,-5.541971,froids,-10.75651,1
3832,P_NOUN_9_ADJ_b,F,P,les bougies avec le coussin qui étaient là depuis hier ne sont pas très chaudes <eos>,14,chaudes,chauds,12,M,S,chaudes,-6.9677067,chauds,-8.360832,1
3833,P_NOUN_9_ADJ_b,F,P,les bougies avec le coussin qui étaient là depuis hier ne sont pas très importantes <eos>,14,importantes,importants,12,M,S,importantes,-5.761196,importants,-8.243343,1
3834,P_NOUN_9_ADJ_b,F,P,les bougies avec le coussin qui étaient là depuis hier ne sont pas très courtes <eos>,14,courtes,courts,12,M,S,courtes,-6.263801,courts,-8.004396,1
3835,P_NOUN_9_ADJ_b,F,P,les bougies avec le coussin qui étaient là depuis hier ne sont pas très dures <eos>,14,dures,durs,12,M,S,dures,-5.59268,durs,-7.02783,1
3836,P_NOUN_9_ADJ_b,F,P,les bougies avec le coussin qui étaient là depuis hier ne sont pas très claires <eos>,14,claires,clairs,12,M,S,claires,-4.6166887,clairs,-6.567073,1
3837,P_NOUN_9_ADJ_b,F,P,les bougies avec le coussin qui étaient là depuis hier ne sont pas très intéressantes <eos>,14,intéressantes,intéressants,12,M,S,intéressantes,-7.0255184,intéressants,-8.562642,1
3838,P_NOUN_9_ADJ_b,F,P,les bougies avec le coussin qui étaient là depuis hier ne sont pas très brillantes <eos>,14,brillantes,brillants,12,M,S,brillantes,-7.2500525,brillants,-8.747607,1
3839,P_NOUN_9_ADJ_b,F,P,les bougies avec le coussin qui étaient là depuis hier ne sont pas très compliquées <eos>,14,compliquées,compliqués,12,M,S,compliquées,-6.9598885,compliqués,-7.599288,1
3840,P_NOUN_9_ADJ_b,F,P,les bougies avec le jouet qui étaient là depuis hier ne sont pas très vertes <eos>,14,vertes,verts,12,M,S,vertes,-9.855415,verts,-9.849752,0
3841,P_NOUN_9_ADJ_b,F,P,les bougies avec le jouet qui étaient là depuis hier ne sont pas très bleues <eos>,14,bleues,bleus,12,M,S,bleues,-10.368664,bleus,-10.447744,1
3842,P_NOUN_9_ADJ_b,F,P,les bougies avec le jouet qui étaient là depuis hier ne sont pas très noires <eos>,14,noires,noirs,12,M,S,noires,-9.282445,noirs,-11.217003,1
3843,P_NOUN_9_ADJ_b,F,P,les bougies avec le jouet qui étaient là depuis hier ne sont pas très délicates <eos>,14,délicates,délicats,12,M,S,délicates,-7.8957596,délicats,-9.110315,1
3844,P_NOUN_9_ADJ_b,F,P,les bougies avec le jouet qui étaient là depuis hier ne sont pas très pointues <eos>,14,pointues,pointus,12,M,S,pointues,-8.497089,pointus,-10.968952,1
3845,P_NOUN_9_ADJ_b,F,P,les bougies avec le jouet qui étaient là depuis hier ne sont pas très rondes <eos>,14,rondes,ronds,12,M,S,rondes,-10.035342,ronds,-11.860473,1
3846,P_NOUN_9_ADJ_b,F,P,les bougies avec le jouet qui étaient là depuis hier ne sont pas très froides <eos>,14,froides,froids,12,M,S,froides,-5.3986864,froids,-10.614946,1
3847,P_NOUN_9_ADJ_b,F,P,les bougies avec le jouet qui étaient là depuis hier ne sont pas très chaudes <eos>,14,chaudes,chauds,12,M,S,chaudes,-6.675975,chauds,-8.195058,1
3848,P_NOUN_9_ADJ_b,F,P,les bougies avec le jouet qui étaient là depuis hier ne sont pas très importantes <eos>,14,importantes,importants,12,M,S,importantes,-5.9120617,importants,-8.350515,1
3849,P_NOUN_9_ADJ_b,F,P,les bougies avec le jouet qui étaient là depuis hier ne sont pas très courtes <eos>,14,courtes,courts,12,M,S,courtes,-6.759402,courts,-8.345013,1
3850,P_NOUN_9_ADJ_b,F,P,les bougies avec le jouet qui étaient là depuis hier ne sont pas très dures <eos>,14,dures,durs,12,M,S,dures,-5.901286,durs,-7.068939,1
3851,P_NOUN_9_ADJ_b,F,P,les bougies avec le jouet qui étaient là depuis hier ne sont pas très claires <eos>,14,claires,clairs,12,M,S,claires,-4.338402,clairs,-6.4640455,1
3852,P_NOUN_9_ADJ_b,F,P,les bougies avec le jouet qui étaient là depuis hier ne sont pas très intéressantes <eos>,14,intéressantes,intéressants,12,M,S,intéressantes,-6.79193,intéressants,-8.292547,1
3853,P_NOUN_9_ADJ_b,F,P,les bougies avec le jouet qui étaient là depuis hier ne sont pas très brillantes <eos>,14,brillantes,brillants,12,M,S,brillantes,-7.00873,brillants,-8.559341,1
3854,P_NOUN_9_ADJ_b,F,P,les bougies avec le jouet qui étaient là depuis hier ne sont pas très compliquées <eos>,14,compliquées,compliqués,12,M,S,compliquées,-7.184436,compliqués,-7.6486607,1
3855,P_NOUN_9_ADJ_b,F,P,les bougies avec le clou qui étaient là depuis hier ne sont pas très vertes <eos>,14,vertes,verts,12,M,S,vertes,-9.875345,verts,-10.476104,1
3856,P_NOUN_9_ADJ_b,F,P,les bougies avec le clou qui étaient là depuis hier ne sont pas très bleues <eos>,14,bleues,bleus,12,M,S,bleues,-10.118767,bleus,-10.450802,1
3857,P_NOUN_9_ADJ_b,F,P,les bougies avec le clou qui étaient là depuis hier ne sont pas très noires <eos>,14,noires,noirs,12,M,S,noires,-8.9916315,noirs,-11.412063,1
3858,P_NOUN_9_ADJ_b,F,P,les bougies avec le clou qui étaient là depuis hier ne sont pas très délicates <eos>,14,délicates,délicats,12,M,S,délicates,-7.516596,délicats,-9.2045145,1
3859,P_NOUN_9_ADJ_b,F,P,les bougies avec le clou qui étaient là depuis hier ne sont pas très pointues <eos>,14,pointues,pointus,12,M,S,pointues,-8.5976925,pointus,-10.92755,1
3860,P_NOUN_9_ADJ_b,F,P,les bougies avec le clou qui étaient là depuis hier ne sont pas très rondes <eos>,14,rondes,ronds,12,M,S,rondes,-9.901624,ronds,-11.474603,1
3861,P_NOUN_9_ADJ_b,F,P,les bougies avec le clou qui étaient là depuis hier ne sont pas très froides <eos>,14,froides,froids,12,M,S,froides,-5.7014904,froids,-11.17606,1
3862,P_NOUN_9_ADJ_b,F,P,les bougies avec le clou qui étaient là depuis hier ne sont pas très chaudes <eos>,14,chaudes,chauds,12,M,S,chaudes,-6.835804,chauds,-8.738684,1
3863,P_NOUN_9_ADJ_b,F,P,les bougies avec le clou qui étaient là depuis hier ne sont pas très importantes <eos>,14,importantes,importants,12,M,S,importantes,-5.5285482,importants,-8.3708105,1
3864,P_NOUN_9_ADJ_b,F,P,les bougies avec le clou qui étaient là depuis hier ne sont pas très courtes <eos>,14,courtes,courts,12,M,S,courtes,-6.4249344,courts,-8.600256,1
3865,P_NOUN_9_ADJ_b,F,P,les bougies avec le clou qui étaient là depuis hier ne sont pas très dures <eos>,14,dures,durs,12,M,S,dures,-5.939142,durs,-7.652729,1
3866,P_NOUN_9_ADJ_b,F,P,les bougies avec le clou qui étaient là depuis hier ne sont pas très claires <eos>,14,claires,clairs,12,M,S,claires,-4.611465,clairs,-6.502254,1
3867,P_NOUN_9_ADJ_b,F,P,les bougies avec le clou qui étaient là depuis hier ne sont pas très intéressantes <eos>,14,intéressantes,intéressants,12,M,S,intéressantes,-6.808449,intéressants,-8.647959,1
3868,P_NOUN_9_ADJ_b,F,P,les bougies avec le clou qui étaient là depuis hier ne sont pas très brillantes <eos>,14,brillantes,brillants,12,M,S,brillantes,-6.882558,brillants,-8.819968,1
3869,P_NOUN_9_ADJ_b,F,P,les bougies avec le clou qui étaient là depuis hier ne sont pas très compliquées <eos>,14,compliquées,compliqués,12,M,S,compliquées,-7.1698794,compliqués,-7.730659,1
3870,P_NOUN_9_ADJ_b,F,P,les bougies avec le billet qui étaient là depuis hier ne sont pas très vertes <eos>,14,vertes,verts,12,M,S,vertes,-10.300786,verts,-10.388258,1
3871,P_NOUN_9_ADJ_b,F,P,les bougies avec le billet qui étaient là depuis hier ne sont pas très bleues <eos>,14,bleues,bleus,12,M,S,bleues,-10.708186,bleus,-10.731721,1
3872,P_NOUN_9_ADJ_b,F,P,les bougies avec le billet qui étaient là depuis hier ne sont pas très noires <eos>,14,noires,noirs,12,M,S,noires,-9.826517,noirs,-11.417503,1
3873,P_NOUN_9_ADJ_b,F,P,les bougies avec le billet qui étaient là depuis hier ne sont pas très délicates <eos>,14,délicates,délicats,12,M,S,délicates,-7.787803,délicats,-9.467573,1
3874,P_NOUN_9_ADJ_b,F,P,les bougies avec le billet qui étaient là depuis hier ne sont pas très pointues <eos>,14,pointues,pointus,12,M,S,pointues,-9.065662,pointus,-11.463191,1
3875,P_NOUN_9_ADJ_b,F,P,les bougies avec le billet qui étaient là depuis hier ne sont pas très rondes <eos>,14,rondes,ronds,12,M,S,rondes,-10.72171,ronds,-12.112441,1
3876,P_NOUN_9_ADJ_b,F,P,les bougies avec le billet qui étaient là depuis hier ne sont pas très froides <eos>,14,froides,froids,12,M,S,froides,-5.6798477,froids,-11.236531,1
3877,P_NOUN_9_ADJ_b,F,P,les bougies avec le billet qui étaient là depuis hier ne sont pas très chaudes <eos>,14,chaudes,chauds,12,M,S,chaudes,-7.2857623,chauds,-8.536974,1
3878,P_NOUN_9_ADJ_b,F,P,les bougies avec le billet qui étaient là depuis hier ne sont pas très importantes <eos>,14,importantes,importants,12,M,S,importantes,-5.2690625,importants,-7.878427,1
3879,P_NOUN_9_ADJ_b,F,P,les bougies avec le billet qui étaient là depuis hier ne sont pas très courtes <eos>,14,courtes,courts,12,M,S,courtes,-6.676119,courts,-8.326229,1
3880,P_NOUN_9_ADJ_b,F,P,les bougies avec le billet qui étaient là depuis hier ne sont pas très dures <eos>,14,dures,durs,12,M,S,dures,-5.7083225,durs,-7.3009024,1
3881,P_NOUN_9_ADJ_b,F,P,les bougies avec le billet qui étaient là depuis hier ne sont pas très claires <eos>,14,claires,clairs,12,M,S,claires,-5.077464,clairs,-6.622801,1
3882,P_NOUN_9_ADJ_b,F,P,les bougies avec le billet qui étaient là depuis hier ne sont pas très intéressantes <eos>,14,intéressantes,intéressants,12,M,S,intéressantes,-6.351941,intéressants,-7.859886,1
3883,P_NOUN_9_ADJ_b,F,P,les bougies avec le billet qui étaient là depuis hier ne sont pas très brillantes <eos>,14,brillantes,brillants,12,M,S,brillantes,-7.3150015,brillants,-8.33068,1
3884,P_NOUN_9_ADJ_b,F,P,les bougies avec le billet qui étaient là depuis hier ne sont pas très compliquées <eos>,14,compliquées,compliqués,12,M,S,compliquées,-7.1850967,compliqués,-7.778824,1
3885,P_NOUN_9_ADJ_b,F,P,les bougies avec le légume qui étaient là depuis hier ne sont pas très vertes <eos>,14,vertes,verts,12,M,S,vertes,-9.893072,verts,-9.99296,1
3886,P_NOUN_9_ADJ_b,F,P,les bougies avec le légume qui étaient là depuis hier ne sont pas très bleues <eos>,14,bleues,bleus,12,M,S,bleues,-10.797873,bleus,-10.6991415,0
3887,P_NOUN_9_ADJ_b,F,P,les bougies avec le légume qui étaient là depuis hier ne sont pas très noires <eos>,14,noires,noirs,12,M,S,noires,-9.186395,noirs,-11.138984,1
3888,P_NOUN_9_ADJ_b,F,P,les bougies avec le légume qui étaient là depuis hier ne sont pas très délicates <eos>,14,délicates,délicats,12,M,S,délicates,-7.2306395,délicats,-8.722939,1
3889,P_NOUN_9_ADJ_b,F,P,les bougies avec le légume qui étaient là depuis hier ne sont pas très pointues <eos>,14,pointues,pointus,12,M,S,pointues,-9.147865,pointus,-12.076096,1
3890,P_NOUN_9_ADJ_b,F,P,les bougies avec le légume qui étaient là depuis hier ne sont pas très rondes <eos>,14,rondes,ronds,12,M,S,rondes,-10.196012,ronds,-11.598391,1
3891,P_NOUN_9_ADJ_b,F,P,les bougies avec le légume qui étaient là depuis hier ne sont pas très froides <eos>,14,froides,froids,12,M,S,froides,-4.7759037,froids,-9.5152025,1
3892,P_NOUN_9_ADJ_b,F,P,les bougies avec le légume qui étaient là depuis hier ne sont pas très chaudes <eos>,14,chaudes,chauds,12,M,S,chaudes,-5.346002,chauds,-7.782451,1
3893,P_NOUN_9_ADJ_b,F,P,les bougies avec le légume qui étaient là depuis hier ne sont pas très importantes <eos>,14,importantes,importants,12,M,S,importantes,-5.0932426,importants,-8.073165,1
3894,P_NOUN_9_ADJ_b,F,P,les bougies avec le légume qui étaient là depuis hier ne sont pas très courtes <eos>,14,courtes,courts,12,M,S,courtes,-7.616727,courts,-9.155498,1
3895,P_NOUN_9_ADJ_b,F,P,les bougies avec le légume qui étaient là depuis hier ne sont pas très dures <eos>,14,dures,durs,12,M,S,dures,-5.37879,durs,-7.615653,1
3896,P_NOUN_9_ADJ_b,F,P,les bougies avec le légume qui étaient là depuis hier ne sont pas très claires <eos>,14,claires,clairs,12,M,S,claires,-4.002998,clairs,-7.101312,1
3897,P_NOUN_9_ADJ_b,F,P,les bougies avec le légume qui étaient là depuis hier ne sont pas très intéressantes <eos>,14,intéressantes,intéressants,12,M,S,intéressantes,-6.5946536,intéressants,-8.880903,1
3898,P_NOUN_9_ADJ_b,F,P,les bougies avec le légume qui étaient là depuis hier ne sont pas très brillantes <eos>,14,brillantes,brillants,12,M,S,brillantes,-7.0489883,brillants,-8.836207,1
3899,P_NOUN_9_ADJ_b,F,P,les bougies avec le légume qui étaient là depuis hier ne sont pas très compliquées <eos>,14,compliquées,compliqués,12,M,S,compliquées,-8.173903,compliqués,-8.781132,1
3900,P_NOUN_9_ADJ_b,F,P,les pochettes avec le bracelet qui étaient là depuis hier ne sont pas très vertes <eos>,14,vertes,verts,12,M,S,vertes,-10.72958,verts,-11.987586,1
3901,P_NOUN_9_ADJ_b,F,P,les pochettes avec le bracelet qui étaient là depuis hier ne sont pas très bleues <eos>,14,bleues,bleus,12,M,S,bleues,-11.7956295,bleus,-12.45332,1
3902,P_NOUN_9_ADJ_b,F,P,les pochettes avec le bracelet qui étaient là depuis hier ne sont pas très noires <eos>,14,noires,noirs,12,M,S,noires,-10.756318,noirs,-13.057636,1
3903,P_NOUN_9_ADJ_b,F,P,les pochettes avec le bracelet qui étaient là depuis hier ne sont pas très délicates <eos>,14,délicates,délicats,12,M,S,délicates,-7.7242446,délicats,-10.89274,1
3904,P_NOUN_9_ADJ_b,F,P,les pochettes avec le bracelet qui étaient là depuis hier ne sont pas très pointues <eos>,14,pointues,pointus,12,M,S,pointues,-8.51081,pointus,-11.958727,1
3905,P_NOUN_9_ADJ_b,F,P,les pochettes avec le bracelet qui étaient là depuis hier ne sont pas très rondes <eos>,14,rondes,ronds,12,M,S,rondes,-11.1055975,ronds,-13.26216,1
3906,P_NOUN_9_ADJ_b,F,P,les pochettes avec le bracelet qui étaient là depuis hier ne sont pas très froides <eos>,14,froides,froids,12,M,S,froides,-6.5621014,froids,-12.822087,1
3907,P_NOUN_9_ADJ_b,F,P,les pochettes avec le bracelet qui étaient là depuis hier ne sont pas très chaudes <eos>,14,chaudes,chauds,12,M,S,chaudes,-8.542236,chauds,-10.525657,1
3908,P_NOUN_9_ADJ_b,F,P,les pochettes avec le bracelet qui étaient là depuis hier ne sont pas très importantes <eos>,14,importantes,importants,12,M,S,importantes,-5.0237274,importants,-8.150305,1
3909,P_NOUN_9_ADJ_b,F,P,les pochettes avec le bracelet qui étaient là depuis hier ne sont pas très courtes <eos>,14,courtes,courts,12,M,S,courtes,-6.733271,courts,-8.554253,1
3910,P_NOUN_9_ADJ_b,F,P,les pochettes avec le bracelet qui étaient là depuis hier ne sont pas très dures <eos>,14,dures,durs,12,M,S,dures,-6.610471,durs,-7.700307,1
3911,P_NOUN_9_ADJ_b,F,P,les pochettes avec le bracelet qui étaient là depuis hier ne sont pas très claires <eos>,14,claires,clairs,12,M,S,claires,-3.9227571,clairs,-7.8392735,1
3912,P_NOUN_9_ADJ_b,F,P,les pochettes avec le bracelet qui étaient là depuis hier ne sont pas très intéressantes <eos>,14,intéressantes,intéressants,12,M,S,intéressantes,-6.246602,intéressants,-8.066071,1
3913,P_NOUN_9_ADJ_b,F,P,les pochettes avec le bracelet qui étaient là depuis hier ne sont pas très brillantes <eos>,14,brillantes,brillants,12,M,S,brillantes,-6.9653535,brillants,-9.053928,1
3914,P_NOUN_9_ADJ_b,F,P,les pochettes avec le bracelet qui étaient là depuis hier ne sont pas très compliquées <eos>,14,compliquées,compliqués,12,M,S,compliquées,-6.523601,compliqués,-7.8691363,1
3915,P_NOUN_9_ADJ_b,F,P,les pochettes avec le miroir qui étaient là depuis hier ne sont pas très vertes <eos>,14,vertes,verts,12,M,S,vertes,-10.7396755,verts,-13.065929,1
3916,P_NOUN_9_ADJ_b,F,P,les pochettes avec le miroir qui étaient là depuis hier ne sont pas très bleues <eos>,14,bleues,bleus,12,M,S,bleues,-11.916229,bleus,-13.253838,1
3917,P_NOUN_9_ADJ_b,F,P,les pochettes avec le miroir qui étaient là depuis hier ne sont pas très noires <eos>,14,noires,noirs,12,M,S,noires,-10.7014,noirs,-13.183402,1
3918,P_NOUN_9_ADJ_b,F,P,les pochettes avec le miroir qui étaient là depuis hier ne sont pas très délicates <eos>,14,délicates,délicats,12,M,S,délicates,-8.113319,délicats,-10.638723,1
3919,P_NOUN_9_ADJ_b,F,P,les pochettes avec le miroir qui étaient là depuis hier ne sont pas très pointues <eos>,14,pointues,pointus,12,M,S,pointues,-8.369459,pointus,-11.927828,1
3920,P_NOUN_9_ADJ_b,F,P,les pochettes avec le miroir qui étaient là depuis hier ne sont pas très rondes <eos>,14,rondes,ronds,12,M,S,rondes,-10.679649,ronds,-12.959007,1
3921,P_NOUN_9_ADJ_b,F,P,les pochettes avec le miroir qui étaient là depuis hier ne sont pas très froides <eos>,14,froides,froids,12,M,S,froides,-7.180155,froids,-13.034318,1
3922,P_NOUN_9_ADJ_b,F,P,les pochettes avec le miroir qui étaient là depuis hier ne sont pas très chaudes <eos>,14,chaudes,chauds,12,M,S,chaudes,-8.717564,chauds,-11.447265,1
3923,P_NOUN_9_ADJ_b,F,P,les pochettes avec le miroir qui étaient là depuis hier ne sont pas très importantes <eos>,14,importantes,importants,12,M,S,importantes,-5.1466727,importants,-8.581072,1
3924,P_NOUN_9_ADJ_b,F,P,les pochettes avec le miroir qui étaient là depuis hier ne sont pas très courtes <eos>,14,courtes,courts,12,M,S,courtes,-5.6598563,courts,-8.490648,1
3925,P_NOUN_9_ADJ_b,F,P,les pochettes avec le miroir qui étaient là depuis hier ne sont pas très dures <eos>,14,dures,durs,12,M,S,dures,-6.7764797,durs,-8.032622,1
3926,P_NOUN_9_ADJ_b,F,P,les pochettes avec le miroir qui étaient là depuis hier ne sont pas très claires <eos>,14,claires,clairs,12,M,S,claires,-3.8280795,clairs,-8.093513,1
3927,P_NOUN_9_ADJ_b,F,P,les pochettes avec le miroir qui étaient là depuis hier ne sont pas très intéressantes <eos>,14,intéressantes,intéressants,12,M,S,intéressantes,-6.507901,intéressants,-8.73856,1
3928,P_NOUN_9_ADJ_b,F,P,les pochettes avec le miroir qui étaient là depuis hier ne sont pas très brillantes <eos>,14,brillantes,brillants,12,M,S,brillantes,-6.530114,brillants,-10.265535,1
3929,P_NOUN_9_ADJ_b,F,P,les pochettes avec le miroir qui étaient là depuis hier ne sont pas très compliquées <eos>,14,compliquées,compliqués,12,M,S,compliquées,-6.256096,compliqués,-8.1295185,1
3930,P_NOUN_9_ADJ_b,F,P,les pochettes avec le crayon qui étaient là depuis hier ne sont pas très vertes <eos>,14,vertes,verts,12,M,S,vertes,-10.230074,verts,-12.580782,1
3931,P_NOUN_9_ADJ_b,F,P,les pochettes avec le crayon qui étaient là depuis hier ne sont pas très bleues <eos>,14,bleues,bleus,12,M,S,bleues,-11.883705,bleus,-12.909588,1
3932,P_NOUN_9_ADJ_b,F,P,les pochettes avec le crayon qui étaient là depuis hier ne sont pas très noires <eos>,14,noires,noirs,12,M,S,noires,-10.750127,noirs,-13.050071,1
3933,P_NOUN_9_ADJ_b,F,P,les pochettes avec le crayon qui étaient là depuis hier ne sont pas très délicates <eos>,14,délicates,délicats,12,M,S,délicates,-8.144901,délicats,-10.380255,1
3934,P_NOUN_9_ADJ_b,F,P,les pochettes avec le crayon qui étaient là depuis hier ne sont pas très pointues <eos>,14,pointues,pointus,12,M,S,pointues,-8.887533,pointus,-12.098207,1
3935,P_NOUN_9_ADJ_b,F,P,les pochettes avec le crayon qui étaient là depuis hier ne sont pas très rondes <eos>,14,rondes,ronds,12,M,S,rondes,-11.299674,ronds,-12.995407,1
3936,P_NOUN_9_ADJ_b,F,P,les pochettes avec le crayon qui étaient là depuis hier ne sont pas très froides <eos>,14,froides,froids,12,M,S,froides,-6.9589214,froids,-12.677424,1
3937,P_NOUN_9_ADJ_b,F,P,les pochettes avec le crayon qui étaient là depuis hier ne sont pas très chaudes <eos>,14,chaudes,chauds,12,M,S,chaudes,-8.619549,chauds,-11.042366,1
3938,P_NOUN_9_ADJ_b,F,P,les pochettes avec le crayon qui étaient là depuis hier ne sont pas très importantes <eos>,14,importantes,importants,12,M,S,importantes,-5.0994234,importants,-8.578102,1
3939,P_NOUN_9_ADJ_b,F,P,les pochettes avec le crayon qui étaient là depuis hier ne sont pas très courtes <eos>,14,courtes,courts,12,M,S,courtes,-6.0577536,courts,-8.574518,1
3940,P_NOUN_9_ADJ_b,F,P,les pochettes avec le crayon qui étaient là depuis hier ne sont pas très dures <eos>,14,dures,durs,12,M,S,dures,-6.842676,durs,-7.645706,1
3941,P_NOUN_9_ADJ_b,F,P,les pochettes avec le crayon qui étaient là depuis hier ne sont pas très claires <eos>,14,claires,clairs,12,M,S,claires,-3.9728928,clairs,-7.8496513,1
3942,P_NOUN_9_ADJ_b,F,P,les pochettes avec le crayon qui étaient là depuis hier ne sont pas très intéressantes <eos>,14,intéressantes,intéressants,12,M,S,intéressantes,-6.316738,intéressants,-8.678399,1
3943,P_NOUN_9_ADJ_b,F,P,les pochettes avec le crayon qui étaient là depuis hier ne sont pas très brillantes <eos>,14,brillantes,brillants,12,M,S,brillantes,-6.6779213,brillants,-9.908928,1
3944,P_NOUN_9_ADJ_b,F,P,les pochettes avec le crayon qui étaient là depuis hier ne sont pas très compliquées <eos>,14,compliquées,compliqués,12,M,S,compliquées,-6.923424,compliqués,-8.1428795,1
3945,P_NOUN_9_ADJ_b,F,P,les pochettes avec le rideau qui étaient là depuis hier ne sont pas très vertes <eos>,14,vertes,verts,12,M,S,vertes,-10.694905,verts,-12.692477,1
3946,P_NOUN_9_ADJ_b,F,P,les pochettes avec le rideau qui étaient là depuis hier ne sont pas très bleues <eos>,14,bleues,bleus,12,M,S,bleues,-11.403277,bleus,-12.410441,1
3947,P_NOUN_9_ADJ_b,F,P,les pochettes avec le rideau qui étaient là depuis hier ne sont pas très noires <eos>,14,noires,noirs,12,M,S,noires,-10.35684,noirs,-12.860564,1
3948,P_NOUN_9_ADJ_b,F,P,les pochettes avec le rideau qui étaient là depuis hier ne sont pas très délicates <eos>,14,délicates,délicats,12,M,S,délicates,-7.768507,délicats,-10.799464,1
3949,P_NOUN_9_ADJ_b,F,P,les pochettes avec le rideau qui étaient là depuis hier ne sont pas très pointues <eos>,14,pointues,pointus,12,M,S,pointues,-8.525419,pointus,-12.35855,1
3950,P_NOUN_9_ADJ_b,F,P,les pochettes avec le rideau qui étaient là depuis hier ne sont pas très rondes <eos>,14,rondes,ronds,12,M,S,rondes,-10.737273,ronds,-12.962489,1
3951,P_NOUN_9_ADJ_b,F,P,les pochettes avec le rideau qui étaient là depuis hier ne sont pas très froides <eos>,14,froides,froids,12,M,S,froides,-6.582171,froids,-12.230217,1
3952,P_NOUN_9_ADJ_b,F,P,les pochettes avec le rideau qui étaient là depuis hier ne sont pas très chaudes <eos>,14,chaudes,chauds,12,M,S,chaudes,-8.550394,chauds,-10.886126,1
3953,P_NOUN_9_ADJ_b,F,P,les pochettes avec le rideau qui étaient là depuis hier ne sont pas très importantes <eos>,14,importantes,importants,12,M,S,importantes,-5.0338316,importants,-8.541025,1
3954,P_NOUN_9_ADJ_b,F,P,les pochettes avec le rideau qui étaient là depuis hier ne sont pas très courtes <eos>,14,courtes,courts,12,M,S,courtes,-5.850402,courts,-8.598203,1
3955,P_NOUN_9_ADJ_b,F,P,les pochettes avec le rideau qui étaient là depuis hier ne sont pas très dures <eos>,14,dures,durs,12,M,S,dures,-6.6103225,durs,-7.9055333,1
3956,P_NOUN_9_ADJ_b,F,P,les pochettes avec le rideau qui étaient là depuis hier ne sont pas très claires <eos>,14,claires,clairs,12,M,S,claires,-3.422535,clairs,-7.961467,1
3957,P_NOUN_9_ADJ_b,F,P,les pochettes avec le rideau qui étaient là depuis hier ne sont pas très intéressantes <eos>,14,intéressantes,intéressants,12,M,S,intéressantes,-6.7007227,intéressants,-8.860319,1
3958,P_NOUN_9_ADJ_b,F,P,les pochettes avec le rideau qui étaient là depuis hier ne sont pas très brillantes <eos>,14,brillantes,brillants,12,M,S,brillantes,-6.5806947,brillants,-10.131264,1
3959,P_NOUN_9_ADJ_b,F,P,les pochettes avec le rideau qui étaient là depuis hier ne sont pas très compliquées <eos>,14,compliquées,compliqués,12,M,S,compliquées,-6.8264523,compliqués,-8.340223,1
3960,P_NOUN_9_ADJ_b,F,P,les pochettes avec le cahier qui étaient là depuis hier ne sont pas très vertes <eos>,14,vertes,verts,12,M,S,vertes,-11.067529,verts,-13.356656,1
3961,P_NOUN_9_ADJ_b,F,P,les pochettes avec le cahier qui étaient là depuis hier ne sont pas très bleues <eos>,14,bleues,bleus,12,M,S,bleues,-12.566094,bleus,-13.406888,1
3962,P_NOUN_9_ADJ_b,F,P,les pochettes avec le cahier qui étaient là depuis hier ne sont pas très noires <eos>,14,noires,noirs,12,M,S,noires,-11.236383,noirs,-13.225654,1
3963,P_NOUN_9_ADJ_b,F,P,les pochettes avec le cahier qui étaient là depuis hier ne sont pas très délicates <eos>,14,délicates,délicats,12,M,S,délicates,-8.420534,délicats,-10.636727,1
3964,P_NOUN_9_ADJ_b,F,P,les pochettes avec le cahier qui étaient là depuis hier ne sont pas très pointues <eos>,14,pointues,pointus,12,M,S,pointues,-8.607906,pointus,-12.018963,1
3965,P_NOUN_9_ADJ_b,F,P,les pochettes avec le cahier qui étaient là depuis hier ne sont pas très rondes <eos>,14,rondes,ronds,12,M,S,rondes,-10.734804,ronds,-13.291943,1
3966,P_NOUN_9_ADJ_b,F,P,les pochettes avec le cahier qui étaient là depuis hier ne sont pas très froides <eos>,14,froides,froids,12,M,S,froides,-7.204956,froids,-12.762073,1
3967,P_NOUN_9_ADJ_b,F,P,les pochettes avec le cahier qui étaient là depuis hier ne sont pas très chaudes <eos>,14,chaudes,chauds,12,M,S,chaudes,-9.077406,chauds,-10.936065,1
3968,P_NOUN_9_ADJ_b,F,P,les pochettes avec le cahier qui étaient là depuis hier ne sont pas très importantes <eos>,14,importantes,importants,12,M,S,importantes,-5.131975,importants,-7.8172045,1
3969,P_NOUN_9_ADJ_b,F,P,les pochettes avec le cahier qui étaient là depuis hier ne sont pas très courtes <eos>,14,courtes,courts,12,M,S,courtes,-5.6670027,courts,-8.045924,1
3970,P_NOUN_9_ADJ_b,F,P,les pochettes avec le cahier qui étaient là depuis hier ne sont pas très dures <eos>,14,dures,durs,12,M,S,dures,-7.1787596,durs,-7.9938717,1
3971,P_NOUN_9_ADJ_b,F,P,les pochettes avec le cahier qui étaient là depuis hier ne sont pas très claires <eos>,14,claires,clairs,12,M,S,claires,-3.9712667,clairs,-8.12578,1
3972,P_NOUN_9_ADJ_b,F,P,les pochettes avec le cahier qui étaient là depuis hier ne sont pas très intéressantes <eos>,14,intéressantes,intéressants,12,M,S,intéressantes,-6.548833,intéressants,-8.27301,1
3973,P_NOUN_9_ADJ_b,F,P,les pochettes avec le cahier qui étaient là depuis hier ne sont pas très brillantes <eos>,14,brillantes,brillants,12,M,S,brillantes,-7.317135,brillants,-10.04242,1
3974,P_NOUN_9_ADJ_b,F,P,les pochettes avec le cahier qui étaient là depuis hier ne sont pas très compliquées <eos>,14,compliquées,compliqués,12,M,S,compliquées,-6.821992,compliqués,-7.973156,1
3975,P_NOUN_9_ADJ_b,F,P,les pochettes avec le micro qui étaient là depuis hier ne sont pas très vertes <eos>,14,vertes,verts,12,M,S,vertes,-10.995214,verts,-13.159672,1
3976,P_NOUN_9_ADJ_b,F,P,les pochettes avec le micro qui étaient là depuis hier ne sont pas très bleues <eos>,14,bleues,bleus,12,M,S,bleues,-12.077171,bleus,-13.126191,1
3977,P_NOUN_9_ADJ_b,F,P,les pochettes avec le micro qui étaient là depuis hier ne sont pas très noires <eos>,14,noires,noirs,12,M,S,noires,-10.964224,noirs,-13.354688,1
3978,P_NOUN_9_ADJ_b,F,P,les pochettes avec le micro qui étaient là depuis hier ne sont pas très délicates <eos>,14,délicates,délicats,12,M,S,délicates,-8.373474,délicats,-11.004065,1
3979,P_NOUN_9_ADJ_b,F,P,les pochettes avec le micro qui étaient là depuis hier ne sont pas très pointues <eos>,14,pointues,pointus,12,M,S,pointues,-8.430766,pointus,-12.347876,1
3980,P_NOUN_9_ADJ_b,F,P,les pochettes avec le micro qui étaient là depuis hier ne sont pas très rondes <eos>,14,rondes,ronds,12,M,S,rondes,-10.962447,ronds,-13.354507,1
3981,P_NOUN_9_ADJ_b,F,P,les pochettes avec le micro qui étaient là depuis hier ne sont pas très froides <eos>,14,froides,froids,12,M,S,froides,-6.9647913,froids,-12.708057,1
3982,P_NOUN_9_ADJ_b,F,P,les pochettes avec le micro qui étaient là depuis hier ne sont pas très chaudes <eos>,14,chaudes,chauds,12,M,S,chaudes,-8.853582,chauds,-11.331611,1
3983,P_NOUN_9_ADJ_b,F,P,les pochettes avec le micro qui étaient là depuis hier ne sont pas très importantes <eos>,14,importantes,importants,12,M,S,importantes,-4.9482994,importants,-8.35738,1
3984,P_NOUN_9_ADJ_b,F,P,les pochettes avec le micro qui étaient là depuis hier ne sont pas très courtes <eos>,14,courtes,courts,12,M,S,courtes,-5.731498,courts,-8.537303,1
3985,P_NOUN_9_ADJ_b,F,P,les pochettes avec le micro qui étaient là depuis hier ne sont pas très dures <eos>,14,dures,durs,12,M,S,dures,-7.0093956,durs,-7.91317,1
3986,P_NOUN_9_ADJ_b,F,P,les pochettes avec le micro qui étaient là depuis hier ne sont pas très claires <eos>,14,claires,clairs,12,M,S,claires,-3.772603,clairs,-8.497431,1
3987,P_NOUN_9_ADJ_b,F,P,les pochettes avec le micro qui étaient là depuis hier ne sont pas très intéressantes <eos>,14,intéressantes,intéressants,12,M,S,intéressantes,-6.46457,intéressants,-8.695125,1
3988,P_NOUN_9_ADJ_b,F,P,les pochettes avec le micro qui étaient là depuis hier ne sont pas très brillantes <eos>,14,brillantes,brillants,12,M,S,brillantes,-6.9341984,brillants,-10.445057,1
3989,P_NOUN_9_ADJ_b,F,P,les pochettes avec le micro qui étaient là depuis hier ne sont pas très compliquées <eos>,14,compliquées,compliqués,12,M,S,compliquées,-6.739428,compliqués,-8.29426,1
3990,P_NOUN_9_ADJ_b,F,P,les pochettes avec le sac qui étaient là depuis hier ne sont pas très vertes <eos>,14,vertes,verts,12,M,S,vertes,-10.663725,verts,-12.649858,1
3991,P_NOUN_9_ADJ_b,F,P,les pochettes avec le sac qui étaient là depuis hier ne sont pas très bleues <eos>,14,bleues,bleus,12,M,S,bleues,-11.652967,bleus,-12.588959,1
3992,P_NOUN_9_ADJ_b,F,P,les pochettes avec le sac qui étaient là depuis hier ne sont pas très noires <eos>,14,noires,noirs,12,M,S,noires,-10.50733,noirs,-12.74473,1
3993,P_NOUN_9_ADJ_b,F,P,les pochettes avec le sac qui étaient là depuis hier ne sont pas très délicates <eos>,14,délicates,délicats,12,M,S,délicates,-8.204766,délicats,-10.630773,1
3994,P_NOUN_9_ADJ_b,F,P,les pochettes avec le sac qui étaient là depuis hier ne sont pas très pointues <eos>,14,pointues,pointus,12,M,S,pointues,-8.275109,pointus,-11.894046,1
3995,P_NOUN_9_ADJ_b,F,P,les pochettes avec le sac qui étaient là depuis hier ne sont pas très rondes <eos>,14,rondes,ronds,12,M,S,rondes,-10.700521,ronds,-12.994989,1
3996,P_NOUN_9_ADJ_b,F,P,les pochettes avec le sac qui étaient là depuis hier ne sont pas très froides <eos>,14,froides,froids,12,M,S,froides,-6.6347494,froids,-12.555164,1
3997,P_NOUN_9_ADJ_b,F,P,les pochettes avec le sac qui étaient là depuis hier ne sont pas très chaudes <eos>,14,chaudes,chauds,12,M,S,chaudes,-8.51975,chauds,-10.603709,1
3998,P_NOUN_9_ADJ_b,F,P,les pochettes avec le sac qui étaient là depuis hier ne sont pas très importantes <eos>,14,importantes,importants,12,M,S,importantes,-5.106179,importants,-8.398653,1
3999,P_NOUN_9_ADJ_b,F,P,les pochettes avec le sac qui étaient là depuis hier ne sont pas très courtes <eos>,14,courtes,courts,12,M,S,courtes,-5.8008523,courts,-8.379728,1
4000,P_NOUN_9_ADJ_b,F,P,les pochettes avec le sac qui étaient là depuis hier ne sont pas très dures <eos>,14,dures,durs,12,M,S,dures,-6.7067213,durs,-7.65738,1
4001,P_NOUN_9_ADJ_b,F,P,les pochettes avec le sac qui étaient là depuis hier ne sont pas très claires <eos>,14,claires,clairs,12,M,S,claires,-3.6489804,clairs,-8.024224,1
4002,P_NOUN_9_ADJ_b,F,P,les pochettes avec le sac qui étaient là depuis hier ne sont pas très intéressantes <eos>,14,intéressantes,intéressants,12,M,S,intéressantes,-6.454208,intéressants,-8.589535,1
4003,P_NOUN_9_ADJ_b,F,P,les pochettes avec le sac qui étaient là depuis hier ne sont pas très brillantes <eos>,14,brillantes,brillants,12,M,S,brillantes,-6.883912,brillants,-9.9692545,1
4004,P_NOUN_9_ADJ_b,F,P,les pochettes avec le sac qui étaient là depuis hier ne sont pas très compliquées <eos>,14,compliquées,compliqués,12,M,S,compliquées,-6.650033,compliqués,-8.164247,1
4005,P_NOUN_9_ADJ_b,F,P,les pochettes avec le clavier qui étaient là depuis hier ne sont pas très vertes <eos>,14,vertes,verts,12,M,S,vertes,-11.243914,verts,-13.32827,1
4006,P_NOUN_9_ADJ_b,F,P,les pochettes avec le clavier qui étaient là depuis hier ne sont pas très bleues <eos>,14,bleues,bleus,12,M,S,bleues,-12.703784,bleus,-13.684587,1
4007,P_NOUN_9_ADJ_b,F,P,les pochettes avec le clavier qui étaient là depuis hier ne sont pas très noires <eos>,14,noires,noirs,12,M,S,noires,-11.3322735,noirs,-13.604263,1
4008,P_NOUN_9_ADJ_b,F,P,les pochettes avec le clavier qui étaient là depuis hier ne sont pas très délicates <eos>,14,délicates,délicats,12,M,S,délicates,-8.830361,délicats,-10.96061,1
4009,P_NOUN_9_ADJ_b,F,P,les pochettes avec le clavier qui étaient là depuis hier ne sont pas très pointues <eos>,14,pointues,pointus,12,M,S,pointues,-8.60909,pointus,-12.847565,1
4010,P_NOUN_9_ADJ_b,F,P,les pochettes avec le clavier qui étaient là depuis hier ne sont pas très rondes <eos>,14,rondes,ronds,12,M,S,rondes,-11.171234,ronds,-13.703119,1
4011,P_NOUN_9_ADJ_b,F,P,les pochettes avec le clavier qui étaient là depuis hier ne sont pas très froides <eos>,14,froides,froids,12,M,S,froides,-7.391314,froids,-13.045294,1
4012,P_NOUN_9_ADJ_b,F,P,les pochettes avec le clavier qui étaient là depuis hier ne sont pas très chaudes <eos>,14,chaudes,chauds,12,M,S,chaudes,-9.21307,chauds,-11.547888,1
4013,P_NOUN_9_ADJ_b,F,P,les pochettes avec le clavier qui étaient là depuis hier ne sont pas très importantes <eos>,14,importantes,importants,12,M,S,importantes,-5.156447,importants,-8.566673,1
4014,P_NOUN_9_ADJ_b,F,P,les pochettes avec le clavier qui étaient là depuis hier ne sont pas très courtes <eos>,14,courtes,courts,12,M,S,courtes,-5.7219915,courts,-9.037444,1
4015,P_NOUN_9_ADJ_b,F,P,les pochettes avec le clavier qui étaient là depuis hier ne sont pas très dures <eos>,14,dures,durs,12,M,S,dures,-7.1154065,durs,-7.141169,1
4016,P_NOUN_9_ADJ_b,F,P,les pochettes avec le clavier qui étaient là depuis hier ne sont pas très claires <eos>,14,claires,clairs,12,M,S,claires,-3.851512,clairs,-8.102824,1
4017,P_NOUN_9_ADJ_b,F,P,les pochettes avec le clavier qui étaient là depuis hier ne sont pas très intéressantes <eos>,14,intéressantes,intéressants,12,M,S,intéressantes,-6.601364,intéressants,-8.787916,1
4018,P_NOUN_9_ADJ_b,F,P,les pochettes avec le clavier qui étaient là depuis hier ne sont pas très brillantes <eos>,14,brillantes,brillants,12,M,S,brillantes,-6.9264956,brillants,-10.636812,1
4019,P_NOUN_9_ADJ_b,F,P,les pochettes avec le clavier qui étaient là depuis hier ne sont pas très compliquées <eos>,14,compliquées,compliqués,12,M,S,compliquées,-6.3595924,compliqués,-7.9210863,1
4020,P_NOUN_9_ADJ_b,F,P,les pochettes avec le raisin qui étaient là depuis hier ne sont pas très vertes <eos>,14,vertes,verts,12,M,S,vertes,-10.481007,verts,-13.171833,1
4021,P_NOUN_9_ADJ_b,F,P,les pochettes avec le raisin qui étaient là depuis hier ne sont pas très bleues <eos>,14,bleues,bleus,12,M,S,bleues,-12.190791,bleus,-13.07824,1
4022,P_NOUN_9_ADJ_b,F,P,les pochettes avec le raisin qui étaient là depuis hier ne sont pas très noires <eos>,14,noires,noirs,12,M,S,noires,-10.778178,noirs,-13.154094,1
4023,P_NOUN_9_ADJ_b,F,P,les pochettes avec le raisin qui étaient là depuis hier ne sont pas très délicates <eos>,14,délicates,délicats,12,M,S,délicates,-7.9487586,délicats,-9.901724,1
4024,P_NOUN_9_ADJ_b,F,P,les pochettes avec le raisin qui étaient là depuis hier ne sont pas très pointues <eos>,14,pointues,pointus,12,M,S,pointues,-8.725932,pointus,-12.791393,1
4025,P_NOUN_9_ADJ_b,F,P,les pochettes avec le raisin qui étaient là depuis hier ne sont pas très rondes <eos>,14,rondes,ronds,12,M,S,rondes,-11.392474,ronds,-13.350596,1
4026,P_NOUN_9_ADJ_b,F,P,les pochettes avec le raisin qui étaient là depuis hier ne sont pas très froides <eos>,14,froides,froids,12,M,S,froides,-6.545508,froids,-12.239973,1
4027,P_NOUN_9_ADJ_b,F,P,les pochettes avec le raisin qui étaient là depuis hier ne sont pas très chaudes <eos>,14,chaudes,chauds,12,M,S,chaudes,-7.6918106,chauds,-10.674167,1
4028,P_NOUN_9_ADJ_b,F,P,les pochettes avec le raisin qui étaient là depuis hier ne sont pas très importantes <eos>,14,importantes,importants,12,M,S,importantes,-4.4240284,importants,-8.520487,1
4029,P_NOUN_9_ADJ_b,F,P,les pochettes avec le raisin qui étaient là depuis hier ne sont pas très courtes <eos>,14,courtes,courts,12,M,S,courtes,-6.552708,courts,-8.897123,1
4030,P_NOUN_9_ADJ_b,F,P,les pochettes avec le raisin qui étaient là depuis hier ne sont pas très dures <eos>,14,dures,durs,12,M,S,dures,-6.4320507,durs,-7.847395,1
4031,P_NOUN_9_ADJ_b,F,P,les pochettes avec le raisin qui étaient là depuis hier ne sont pas très claires <eos>,14,claires,clairs,12,M,S,claires,-3.5905743,clairs,-8.853037,1
4032,P_NOUN_9_ADJ_b,F,P,les pochettes avec le raisin qui étaient là depuis hier ne sont pas très intéressantes <eos>,14,intéressantes,intéressants,12,M,S,intéressantes,-5.97851,intéressants,-9.19611,1
4033,P_NOUN_9_ADJ_b,F,P,les pochettes avec le raisin qui étaient là depuis hier ne sont pas très brillantes <eos>,14,brillantes,brillants,12,M,S,brillantes,-6.9544954,brillants,-10.138253,1
4034,P_NOUN_9_ADJ_b,F,P,les pochettes avec le raisin qui étaient là depuis hier ne sont pas très compliquées <eos>,14,compliquées,compliqués,12,M,S,compliquées,-7.5410113,compliqués,-9.120443,1
4035,P_NOUN_9_ADJ_b,F,P,les pochettes avec le chargeur qui étaient là depuis hier ne sont pas très vertes <eos>,14,vertes,verts,12,M,S,vertes,-10.812389,verts,-13.2410965,1
4036,P_NOUN_9_ADJ_b,F,P,les pochettes avec le chargeur qui étaient là depuis hier ne sont pas très bleues <eos>,14,bleues,bleus,12,M,S,bleues,-12.081867,bleus,-13.033239,1
4037,P_NOUN_9_ADJ_b,F,P,les pochettes avec le chargeur qui étaient là depuis hier ne sont pas très noires <eos>,14,noires,noirs,12,M,S,noires,-10.572006,noirs,-13.147701,1
4038,P_NOUN_9_ADJ_b,F,P,les pochettes avec le chargeur qui étaient là depuis hier ne sont pas très délicates <eos>,14,délicates,délicats,12,M,S,délicates,-8.842197,délicats,-11.2075615,1
4039,P_NOUN_9_ADJ_b,F,P,les pochettes avec le chargeur qui étaient là depuis hier ne sont pas très pointues <eos>,14,pointues,pointus,12,M,S,pointues,-8.334518,pointus,-12.219343,1
4040,P_NOUN_9_ADJ_b,F,P,les pochettes avec le chargeur qui étaient là depuis hier ne sont pas très rondes <eos>,14,rondes,ronds,12,M,S,rondes,-10.853788,ronds,-13.273077,1
4041,P_NOUN_9_ADJ_b,F,P,les pochettes avec le chargeur qui étaient là depuis hier ne sont pas très froides <eos>,14,froides,froids,12,M,S,froides,-6.559598,froids,-12.944595,1
4042,P_NOUN_9_ADJ_b,F,P,les pochettes avec le chargeur qui étaient là depuis hier ne sont pas très chaudes <eos>,14,chaudes,chauds,12,M,S,chaudes,-8.767062,chauds,-10.426973,1
4043,P_NOUN_9_ADJ_b,F,P,les pochettes avec le chargeur qui étaient là depuis hier ne sont pas très importantes <eos>,14,importantes,importants,12,M,S,importantes,-5.06631,importants,-8.632492,1
4044,P_NOUN_9_ADJ_b,F,P,les pochettes avec le chargeur qui étaient là depuis hier ne sont pas très courtes <eos>,14,courtes,courts,12,M,S,courtes,-5.446535,courts,-8.650818,1
4045,P_NOUN_9_ADJ_b,F,P,les pochettes avec le chargeur qui étaient là depuis hier ne sont pas très dures <eos>,14,dures,durs,12,M,S,dures,-6.9281025,durs,-7.7555037,1
4046,P_NOUN_9_ADJ_b,F,P,les pochettes avec le chargeur qui étaient là depuis hier ne sont pas très claires <eos>,14,claires,clairs,12,M,S,claires,-4.438777,clairs,-8.525274,1
4047,P_NOUN_9_ADJ_b,F,P,les pochettes avec le chargeur qui étaient là depuis hier ne sont pas très intéressantes <eos>,14,intéressantes,intéressants,12,M,S,intéressantes,-6.41123,intéressants,-8.681745,1
4048,P_NOUN_9_ADJ_b,F,P,les pochettes avec le chargeur qui étaient là depuis hier ne sont pas très brillantes <eos>,14,brillantes,brillants,12,M,S,brillantes,-7.287633,brillants,-10.167039,1
4049,P_NOUN_9_ADJ_b,F,P,les pochettes avec le chargeur qui étaient là depuis hier ne sont pas très compliquées <eos>,14,compliquées,compliqués,12,M,S,compliquées,-6.4766307,compliqués,-7.9813256,1
4050,P_NOUN_9_ADJ_b,F,P,les pochettes avec le vase qui étaient là depuis hier ne sont pas très vertes <eos>,14,vertes,verts,12,M,S,vertes,-10.80125,verts,-12.914051,1
4051,P_NOUN_9_ADJ_b,F,P,les pochettes avec le vase qui étaient là depuis hier ne sont pas très bleues <eos>,14,bleues,bleus,12,M,S,bleues,-11.86936,bleus,-13.003971,1
4052,P_NOUN_9_ADJ_b,F,P,les pochettes avec le vase qui étaient là depuis hier ne sont pas très noires <eos>,14,noires,noirs,12,M,S,noires,-10.682981,noirs,-13.1115055,1
4053,P_NOUN_9_ADJ_b,F,P,les pochettes avec le vase qui étaient là depuis hier ne sont pas très délicates <eos>,14,délicates,délicats,12,M,S,délicates,-7.7458744,délicats,-10.438167,1
4054,P_NOUN_9_ADJ_b,F,P,les pochettes avec le vase qui étaient là depuis hier ne sont pas très pointues <eos>,14,pointues,pointus,12,M,S,pointues,-8.673055,pointus,-12.12639,1
4055,P_NOUN_9_ADJ_b,F,P,les pochettes avec le vase qui étaient là depuis hier ne sont pas très rondes <eos>,14,rondes,ronds,12,M,S,rondes,-11.296527,ronds,-13.102611,1
4056,P_NOUN_9_ADJ_b,F,P,les pochettes avec le vase qui étaient là depuis hier ne sont pas très froides <eos>,14,froides,froids,12,M,S,froides,-6.8996153,froids,-12.811005,1
4057,P_NOUN_9_ADJ_b,F,P,les pochettes avec le vase qui étaient là depuis hier ne sont pas très chaudes <eos>,14,chaudes,chauds,12,M,S,chaudes,-8.288798,chauds,-11.108813,1
4058,P_NOUN_9_ADJ_b,F,P,les pochettes avec le vase qui étaient là depuis hier ne sont pas très importantes <eos>,14,importantes,importants,12,M,S,importantes,-4.7399244,importants,-8.250535,1
4059,P_NOUN_9_ADJ_b,F,P,les pochettes avec le vase qui étaient là depuis hier ne sont pas très courtes <eos>,14,courtes,courts,12,M,S,courtes,-6.5180044,courts,-8.886607,1
4060,P_NOUN_9_ADJ_b,F,P,les pochettes avec le vase qui étaient là depuis hier ne sont pas très dures <eos>,14,dures,durs,12,M,S,dures,-6.685542,durs,-8.108374,1
4061,P_NOUN_9_ADJ_b,F,P,les pochettes avec le vase qui étaient là depuis hier ne sont pas très claires <eos>,14,claires,clairs,12,M,S,claires,-3.6902997,clairs,-8.0026865,1
4062,P_NOUN_9_ADJ_b,F,P,les pochettes avec le vase qui étaient là depuis hier ne sont pas très intéressantes <eos>,14,intéressantes,intéressants,12,M,S,intéressantes,-6.0882144,intéressants,-8.495596,1
4063,P_NOUN_9_ADJ_b,F,P,les pochettes avec le vase qui étaient là depuis hier ne sont pas très brillantes <eos>,14,brillantes,brillants,12,M,S,brillantes,-6.5241075,brillants,-9.959835,1
4064,P_NOUN_9_ADJ_b,F,P,les pochettes avec le vase qui étaient là depuis hier ne sont pas très compliquées <eos>,14,compliquées,compliqués,12,M,S,compliquées,-6.6821504,compliqués,-8.426849,1
4065,P_NOUN_9_ADJ_b,F,P,les pochettes avec le panier qui étaient là depuis hier ne sont pas très vertes <eos>,14,vertes,verts,12,M,S,vertes,-11.125902,verts,-12.839742,1
4066,P_NOUN_9_ADJ_b,F,P,les pochettes avec le panier qui étaient là depuis hier ne sont pas très bleues <eos>,14,bleues,bleus,12,M,S,bleues,-12.521088,bleus,-13.079494,1
4067,P_NOUN_9_ADJ_b,F,P,les pochettes avec le panier qui étaient là depuis hier ne sont pas très noires <eos>,14,noires,noirs,12,M,S,noires,-11.222364,noirs,-13.235901,1
4068,P_NOUN_9_ADJ_b,F,P,les pochettes avec le panier qui étaient là depuis hier ne sont pas très délicates <eos>,14,délicates,délicats,12,M,S,délicates,-8.299792,délicats,-10.813779,1
4069,P_NOUN_9_ADJ_b,F,P,les pochettes avec le panier qui étaient là depuis hier ne sont pas très pointues <eos>,14,pointues,pointus,12,M,S,pointues,-8.583517,pointus,-12.1465025,1
4070,P_NOUN_9_ADJ_b,F,P,les pochettes avec le panier qui étaient là depuis hier ne sont pas très rondes <eos>,14,rondes,ronds,12,M,S,rondes,-11.300266,ronds,-13.052888,1
4071,P_NOUN_9_ADJ_b,F,P,les pochettes avec le panier qui étaient là depuis hier ne sont pas très froides <eos>,14,froides,froids,12,M,S,froides,-6.750866,froids,-12.753062,1
4072,P_NOUN_9_ADJ_b,F,P,les pochettes avec le panier qui étaient là depuis hier ne sont pas très chaudes <eos>,14,chaudes,chauds,12,M,S,chaudes,-9.075558,chauds,-10.927033,1
4073,P_NOUN_9_ADJ_b,F,P,les pochettes avec le panier qui étaient là depuis hier ne sont pas très importantes <eos>,14,importantes,importants,12,M,S,importantes,-4.887561,importants,-7.995759,1
4074,P_NOUN_9_ADJ_b,F,P,les pochettes avec le panier qui étaient là depuis hier ne sont pas très courtes <eos>,14,courtes,courts,12,M,S,courtes,-6.235476,courts,-8.464241,1
4075,P_NOUN_9_ADJ_b,F,P,les pochettes avec le panier qui étaient là depuis hier ne sont pas très dures <eos>,14,dures,durs,12,M,S,dures,-7.0351763,durs,-7.763481,1
4076,P_NOUN_9_ADJ_b,F,P,les pochettes avec le panier qui étaient là depuis hier ne sont pas très claires <eos>,14,claires,clairs,12,M,S,claires,-4.0926185,clairs,-8.515667,1
4077,P_NOUN_9_ADJ_b,F,P,les pochettes avec le panier qui étaient là depuis hier ne sont pas très intéressantes <eos>,14,intéressantes,intéressants,12,M,S,intéressantes,-6.2938814,intéressants,-8.462706,1
4078,P_NOUN_9_ADJ_b,F,P,les pochettes avec le panier qui étaient là depuis hier ne sont pas très brillantes <eos>,14,brillantes,brillants,12,M,S,brillantes,-7.4360256,brillants,-9.8525,1
4079,P_NOUN_9_ADJ_b,F,P,les pochettes avec le panier qui étaient là depuis hier ne sont pas très compliquées <eos>,14,compliquées,compliqués,12,M,S,compliquées,-6.982253,compliqués,-8.051201,1
4080,P_NOUN_9_ADJ_b,F,P,les pochettes avec le collier qui étaient là depuis hier ne sont pas très vertes <eos>,14,vertes,verts,12,M,S,vertes,-10.791505,verts,-12.315444,1
4081,P_NOUN_9_ADJ_b,F,P,les pochettes avec le collier qui étaient là depuis hier ne sont pas très bleues <eos>,14,bleues,bleus,12,M,S,bleues,-11.573368,bleus,-12.6082,1
4082,P_NOUN_9_ADJ_b,F,P,les pochettes avec le collier qui étaient là depuis hier ne sont pas très noires <eos>,14,noires,noirs,12,M,S,noires,-10.569234,noirs,-12.620218,1
4083,P_NOUN_9_ADJ_b,F,P,les pochettes avec le collier qui étaient là depuis hier ne sont pas très délicates <eos>,14,délicates,délicats,12,M,S,délicates,-8.117857,délicats,-11.046675,1
4084,P_NOUN_9_ADJ_b,F,P,les pochettes avec le collier qui étaient là depuis hier ne sont pas très pointues <eos>,14,pointues,pointus,12,M,S,pointues,-8.344121,pointus,-11.874726,1
4085,P_NOUN_9_ADJ_b,F,P,les pochettes avec le collier qui étaient là depuis hier ne sont pas très rondes <eos>,14,rondes,ronds,12,M,S,rondes,-10.915155,ronds,-12.950258,1
4086,P_NOUN_9_ADJ_b,F,P,les pochettes avec le collier qui étaient là depuis hier ne sont pas très froides <eos>,14,froides,froids,12,M,S,froides,-6.619953,froids,-12.827654,1
4087,P_NOUN_9_ADJ_b,F,P,les pochettes avec le collier qui étaient là depuis hier ne sont pas très chaudes <eos>,14,chaudes,chauds,12,M,S,chaudes,-8.656447,chauds,-10.844944,1
4088,P_NOUN_9_ADJ_b,F,P,les pochettes avec le collier qui étaient là depuis hier ne sont pas très importantes <eos>,14,importantes,importants,12,M,S,importantes,-5.119521,importants,-8.117754,1
4089,P_NOUN_9_ADJ_b,F,P,les pochettes avec le collier qui étaient là depuis hier ne sont pas très courtes <eos>,14,courtes,courts,12,M,S,courtes,-6.229446,courts,-8.320265,1
4090,P_NOUN_9_ADJ_b,F,P,les pochettes avec le collier qui étaient là depuis hier ne sont pas très dures <eos>,14,dures,durs,12,M,S,dures,-6.7635345,durs,-7.885932,1
4091,P_NOUN_9_ADJ_b,F,P,les pochettes avec le collier qui étaient là depuis hier ne sont pas très claires <eos>,14,claires,clairs,12,M,S,claires,-3.7191133,clairs,-7.7777843,1
4092,P_NOUN_9_ADJ_b,F,P,les pochettes avec le collier qui étaient là depuis hier ne sont pas très intéressantes <eos>,14,intéressantes,intéressants,12,M,S,intéressantes,-6.3706007,intéressants,-8.193359,1
4093,P_NOUN_9_ADJ_b,F,P,les pochettes avec le collier qui étaient là depuis hier ne sont pas très brillantes <eos>,14,brillantes,brillants,12,M,S,brillantes,-6.5919237,brillants,-9.551225,1
4094,P_NOUN_9_ADJ_b,F,P,les pochettes avec le collier qui étaient là depuis hier ne sont pas très compliquées <eos>,14,compliquées,compliqués,12,M,S,compliquées,-6.5954194,compliqués,-8.070393,1
4095,P_NOUN_9_ADJ_b,F,P,les pochettes avec le chapeau qui étaient là depuis hier ne sont pas très vertes <eos>,14,vertes,verts,12,M,S,vertes,-10.546021,verts,-12.837996,1
4096,P_NOUN_9_ADJ_b,F,P,les pochettes avec le chapeau qui étaient là depuis hier ne sont pas très bleues <eos>,14,bleues,bleus,12,M,S,bleues,-11.3401,bleus,-12.63374,1
4097,P_NOUN_9_ADJ_b,F,P,les pochettes avec le chapeau qui étaient là depuis hier ne sont pas très noires <eos>,14,noires,noirs,12,M,S,noires,-10.185589,noirs,-12.649713,1
4098,P_NOUN_9_ADJ_b,F,P,les pochettes avec le chapeau qui étaient là depuis hier ne sont pas très délicates <eos>,14,délicates,délicats,12,M,S,délicates,-8.049769,délicats,-11.025836,1
4099,P_NOUN_9_ADJ_b,F,P,les pochettes avec le chapeau qui étaient là depuis hier ne sont pas très pointues <eos>,14,pointues,pointus,12,M,S,pointues,-8.070721,pointus,-11.974508,1
4100,P_NOUN_9_ADJ_b,F,P,les pochettes avec le chapeau qui étaient là depuis hier ne sont pas très rondes <eos>,14,rondes,ronds,12,M,S,rondes,-10.672478,ronds,-13.051889,1
4101,P_NOUN_9_ADJ_b,F,P,les pochettes avec le chapeau qui étaient là depuis hier ne sont pas très froides <eos>,14,froides,froids,12,M,S,froides,-6.836279,froids,-13.068671,1
4102,P_NOUN_9_ADJ_b,F,P,les pochettes avec le chapeau qui étaient là depuis hier ne sont pas très chaudes <eos>,14,chaudes,chauds,12,M,S,chaudes,-8.504094,chauds,-11.055578,1
4103,P_NOUN_9_ADJ_b,F,P,les pochettes avec le chapeau qui étaient là depuis hier ne sont pas très importantes <eos>,14,importantes,importants,12,M,S,importantes,-5.229411,importants,-8.71176,1
4104,P_NOUN_9_ADJ_b,F,P,les pochettes avec le chapeau qui étaient là depuis hier ne sont pas très courtes <eos>,14,courtes,courts,12,M,S,courtes,-5.83631,courts,-8.617594,1
4105,P_NOUN_9_ADJ_b,F,P,les pochettes avec le chapeau qui étaient là depuis hier ne sont pas très dures <eos>,14,dures,durs,12,M,S,dures,-6.7021236,durs,-8.105617,1
4106,P_NOUN_9_ADJ_b,F,P,les pochettes avec le chapeau qui étaient là depuis hier ne sont pas très claires <eos>,14,claires,clairs,12,M,S,claires,-3.3479977,clairs,-7.9514074,1
4107,P_NOUN_9_ADJ_b,F,P,les pochettes avec le chapeau qui étaient là depuis hier ne sont pas très intéressantes <eos>,14,intéressantes,intéressants,12,M,S,intéressantes,-6.591675,intéressants,-8.875228,1
4108,P_NOUN_9_ADJ_b,F,P,les pochettes avec le chapeau qui étaient là depuis hier ne sont pas très brillantes <eos>,14,brillantes,brillants,12,M,S,brillantes,-6.657222,brillants,-10.153582,1
4109,P_NOUN_9_ADJ_b,F,P,les pochettes avec le chapeau qui étaient là depuis hier ne sont pas très compliquées <eos>,14,compliquées,compliqués,12,M,S,compliquées,-6.877689,compliqués,-8.702183,1
4110,P_NOUN_9_ADJ_b,F,P,les pochettes avec le pot qui étaient là depuis hier ne sont pas très vertes <eos>,14,vertes,verts,12,M,S,vertes,-10.634828,verts,-12.603247,1
4111,P_NOUN_9_ADJ_b,F,P,les pochettes avec le pot qui étaient là depuis hier ne sont pas très bleues <eos>,14,bleues,bleus,12,M,S,bleues,-12.0581875,bleus,-12.743141,1
4112,P_NOUN_9_ADJ_b,F,P,les pochettes avec le pot qui étaient là depuis hier ne sont pas très noires <eos>,14,noires,noirs,12,M,S,noires,-10.948043,noirs,-13.069073,1
4113,P_NOUN_9_ADJ_b,F,P,les pochettes avec le pot qui étaient là depuis hier ne sont pas très délicates <eos>,14,délicates,délicats,12,M,S,délicates,-7.9984574,délicats,-10.660538,1
4114,P_NOUN_9_ADJ_b,F,P,les pochettes avec le pot qui étaient là depuis hier ne sont pas très pointues <eos>,14,pointues,pointus,12,M,S,pointues,-8.7393265,pointus,-12.382734,1
4115,P_NOUN_9_ADJ_b,F,P,les pochettes avec le pot qui étaient là depuis hier ne sont pas très rondes <eos>,14,rondes,ronds,12,M,S,rondes,-11.53481,ronds,-13.401035,1
4116,P_NOUN_9_ADJ_b,F,P,les pochettes avec le pot qui étaient là depuis hier ne sont pas très froides <eos>,14,froides,froids,12,M,S,froides,-6.6349688,froids,-12.263716,1
4117,P_NOUN_9_ADJ_b,F,P,les pochettes avec le pot qui étaient là depuis hier ne sont pas très chaudes <eos>,14,chaudes,chauds,12,M,S,chaudes,-8.341994,chauds,-10.788351,1
4118,P_NOUN_9_ADJ_b,F,P,les pochettes avec le pot qui étaient là depuis hier ne sont pas très importantes <eos>,14,importantes,importants,12,M,S,importantes,-4.674485,importants,-8.22033,1
4119,P_NOUN_9_ADJ_b,F,P,les pochettes avec le pot qui étaient là depuis hier ne sont pas très courtes <eos>,14,courtes,courts,12,M,S,courtes,-6.4729567,courts,-8.859883,1
4120,P_NOUN_9_ADJ_b,F,P,les pochettes avec le pot qui étaient là depuis hier ne sont pas très dures <eos>,14,dures,durs,12,M,S,dures,-6.976971,durs,-7.9037557,1
4121,P_NOUN_9_ADJ_b,F,P,les pochettes avec le pot qui étaient là depuis hier ne sont pas très claires <eos>,14,claires,clairs,12,M,S,claires,-3.6366997,clairs,-8.145346,1
4122,P_NOUN_9_ADJ_b,F,P,les pochettes avec le pot qui étaient là depuis hier ne sont pas très intéressantes <eos>,14,intéressantes,intéressants,12,M,S,intéressantes,-6.177835,intéressants,-8.66704,1
4123,P_NOUN_9_ADJ_b,F,P,les pochettes avec le pot qui étaient là depuis hier ne sont pas très brillantes <eos>,14,brillantes,brillants,12,M,S,brillantes,-6.8909693,brillants,-9.86281,1
4124,P_NOUN_9_ADJ_b,F,P,les pochettes avec le pot qui étaient là depuis hier ne sont pas très compliquées <eos>,14,compliquées,compliqués,12,M,S,compliquées,-7.130164,compliqués,-8.440411,1
4125,P_NOUN_9_ADJ_b,F,P,les pochettes avec le coussin qui étaient là depuis hier ne sont pas très vertes <eos>,14,vertes,verts,12,M,S,vertes,-10.738448,verts,-12.903852,1
4126,P_NOUN_9_ADJ_b,F,P,les pochettes avec le coussin qui étaient là depuis hier ne sont pas très bleues <eos>,14,bleues,bleus,12,M,S,bleues,-11.932589,bleus,-12.780111,1
4127,P_NOUN_9_ADJ_b,F,P,les pochettes avec le coussin qui étaient là depuis hier ne sont pas très noires <eos>,14,noires,noirs,12,M,S,noires,-10.7995,noirs,-13.165726,1
4128,P_NOUN_9_ADJ_b,F,P,les pochettes avec le coussin qui étaient là depuis hier ne sont pas très délicates <eos>,14,délicates,délicats,12,M,S,délicates,-8.399598,délicats,-10.81843,1
4129,P_NOUN_9_ADJ_b,F,P,les pochettes avec le coussin qui étaient là depuis hier ne sont pas très pointues <eos>,14,pointues,pointus,12,M,S,pointues,-8.244627,pointus,-12.061354,1
4130,P_NOUN_9_ADJ_b,F,P,les pochettes avec le coussin qui étaient là depuis hier ne sont pas très rondes <eos>,14,rondes,ronds,12,M,S,rondes,-10.76045,ronds,-13.004517,1
4131,P_NOUN_9_ADJ_b,F,P,les pochettes avec le coussin qui étaient là depuis hier ne sont pas très froides <eos>,14,froides,froids,12,M,S,froides,-6.6557236,froids,-12.575661,1
4132,P_NOUN_9_ADJ_b,F,P,les pochettes avec le coussin qui étaient là depuis hier ne sont pas très chaudes <eos>,14,chaudes,chauds,12,M,S,chaudes,-8.680584,chauds,-10.809122,1
4133,P_NOUN_9_ADJ_b,F,P,les pochettes avec le coussin qui étaient là depuis hier ne sont pas très importantes <eos>,14,importantes,importants,12,M,S,importantes,-5.1903973,importants,-8.502777,1
4134,P_NOUN_9_ADJ_b,F,P,les pochettes avec le coussin qui étaient là depuis hier ne sont pas très courtes <eos>,14,courtes,courts,12,M,S,courtes,-5.446004,courts,-8.311267,1
4135,P_NOUN_9_ADJ_b,F,P,les pochettes avec le coussin qui étaient là depuis hier ne sont pas très dures <eos>,14,dures,durs,12,M,S,dures,-6.8079576,durs,-7.88871,1
4136,P_NOUN_9_ADJ_b,F,P,les pochettes avec le coussin qui étaient là depuis hier ne sont pas très claires <eos>,14,claires,clairs,12,M,S,claires,-3.7823696,clairs,-8.1140585,1
4137,P_NOUN_9_ADJ_b,F,P,les pochettes avec le coussin qui étaient là depuis hier ne sont pas très intéressantes <eos>,14,intéressantes,intéressants,12,M,S,intéressantes,-6.7429276,intéressants,-8.928632,1
4138,P_NOUN_9_ADJ_b,F,P,les pochettes avec le coussin qui étaient là depuis hier ne sont pas très brillantes <eos>,14,brillantes,brillants,12,M,S,brillantes,-7.2020626,brillants,-10.242098,1
4139,P_NOUN_9_ADJ_b,F,P,les pochettes avec le coussin qui étaient là depuis hier ne sont pas très compliquées <eos>,14,compliquées,compliqués,12,M,S,compliquées,-6.459257,compliqués,-8.143048,1
4140,P_NOUN_9_ADJ_b,F,P,les pochettes avec le jouet qui étaient là depuis hier ne sont pas très vertes <eos>,14,vertes,verts,12,M,S,vertes,-10.924787,verts,-12.874691,1
4141,P_NOUN_9_ADJ_b,F,P,les pochettes avec le jouet qui étaient là depuis hier ne sont pas très bleues <eos>,14,bleues,bleus,12,M,S,bleues,-12.001459,bleus,-12.951719,1
4142,P_NOUN_9_ADJ_b,F,P,les pochettes avec le jouet qui étaient là depuis hier ne sont pas très noires <eos>,14,noires,noirs,12,M,S,noires,-10.868742,noirs,-13.16606,1
4143,P_NOUN_9_ADJ_b,F,P,les pochettes avec le jouet qui étaient là depuis hier ne sont pas très délicates <eos>,14,délicates,délicats,12,M,S,délicates,-8.285389,délicats,-10.804121,1
4144,P_NOUN_9_ADJ_b,F,P,les pochettes avec le jouet qui étaient là depuis hier ne sont pas très pointues <eos>,14,pointues,pointus,12,M,S,pointues,-8.3382435,pointus,-12.088264,1
4145,P_NOUN_9_ADJ_b,F,P,les pochettes avec le jouet qui étaient là depuis hier ne sont pas très rondes <eos>,14,rondes,ronds,12,M,S,rondes,-10.822054,ronds,-13.161491,1
4146,P_NOUN_9_ADJ_b,F,P,les pochettes avec le jouet qui étaient là depuis hier ne sont pas très froides <eos>,14,froides,froids,12,M,S,froides,-6.788394,froids,-12.715532,1
4147,P_NOUN_9_ADJ_b,F,P,les pochettes avec le jouet qui étaient là depuis hier ne sont pas très chaudes <eos>,14,chaudes,chauds,12,M,S,chaudes,-8.849747,chauds,-11.002017,1
4148,P_NOUN_9_ADJ_b,F,P,les pochettes avec le jouet qui étaient là depuis hier ne sont pas très importantes <eos>,14,importantes,importants,12,M,S,importantes,-5.2253838,importants,-8.503557,1
4149,P_NOUN_9_ADJ_b,F,P,les pochettes avec le jouet qui étaient là depuis hier ne sont pas très courtes <eos>,14,courtes,courts,12,M,S,courtes,-5.966605,courts,-8.519326,1
4150,P_NOUN_9_ADJ_b,F,P,les pochettes avec le jouet qui étaient là depuis hier ne sont pas très dures <eos>,14,dures,durs,12,M,S,dures,-7.0423374,durs,-7.881302,1
4151,P_NOUN_9_ADJ_b,F,P,les pochettes avec le jouet qui étaient là depuis hier ne sont pas très claires <eos>,14,claires,clairs,12,M,S,claires,-3.7373052,clairs,-8.325588,1
4152,P_NOUN_9_ADJ_b,F,P,les pochettes avec le jouet qui étaient là depuis hier ne sont pas très intéressantes <eos>,14,intéressantes,intéressants,12,M,S,intéressantes,-6.53386,intéressants,-8.708775,1
4153,P_NOUN_9_ADJ_b,F,P,les pochettes avec le jouet qui étaient là depuis hier ne sont pas très brillantes <eos>,14,brillantes,brillants,12,M,S,brillantes,-7.008256,brillants,-10.222757,1
4154,P_NOUN_9_ADJ_b,F,P,les pochettes avec le jouet qui étaient là depuis hier ne sont pas très compliquées <eos>,14,compliquées,compliqués,12,M,S,compliquées,-6.7474556,compliqués,-8.181887,1
4155,P_NOUN_9_ADJ_b,F,P,les pochettes avec le clou qui étaient là depuis hier ne sont pas très vertes <eos>,14,vertes,verts,12,M,S,vertes,-10.650776,verts,-12.739926,1
4156,P_NOUN_9_ADJ_b,F,P,les pochettes avec le clou qui étaient là depuis hier ne sont pas très bleues <eos>,14,bleues,bleus,12,M,S,bleues,-11.628798,bleus,-12.748703,1
4157,P_NOUN_9_ADJ_b,F,P,les pochettes avec le clou qui étaient là depuis hier ne sont pas très noires <eos>,14,noires,noirs,12,M,S,noires,-10.630752,noirs,-13.13087,1
4158,P_NOUN_9_ADJ_b,F,P,les pochettes avec le clou qui étaient là depuis hier ne sont pas très délicates <eos>,14,délicates,délicats,12,M,S,délicates,-8.097165,délicats,-10.869056,1
4159,P_NOUN_9_ADJ_b,F,P,les pochettes avec le clou qui étaient là depuis hier ne sont pas très pointues <eos>,14,pointues,pointus,12,M,S,pointues,-8.4243355,pointus,-12.012208,1
4160,P_NOUN_9_ADJ_b,F,P,les pochettes avec le clou qui étaient là depuis hier ne sont pas très rondes <eos>,14,rondes,ronds,12,M,S,rondes,-10.817075,ronds,-12.896952,1
4161,P_NOUN_9_ADJ_b,F,P,les pochettes avec le clou qui étaient là depuis hier ne sont pas très froides <eos>,14,froides,froids,12,M,S,froides,-7.081456,froids,-13.222054,1
4162,P_NOUN_9_ADJ_b,F,P,les pochettes avec le clou qui étaient là depuis hier ne sont pas très chaudes <eos>,14,chaudes,chauds,12,M,S,chaudes,-9.082621,chauds,-11.377525,1
4163,P_NOUN_9_ADJ_b,F,P,les pochettes avec le clou qui étaient là depuis hier ne sont pas très importantes <eos>,14,importantes,importants,12,M,S,importantes,-5.2275524,importants,-8.580468,1
4164,P_NOUN_9_ADJ_b,F,P,les pochettes avec le clou qui étaient là depuis hier ne sont pas très courtes <eos>,14,courtes,courts,12,M,S,courtes,-5.79537,courts,-8.579555,1
4165,P_NOUN_9_ADJ_b,F,P,les pochettes avec le clou qui étaient là depuis hier ne sont pas très dures <eos>,14,dures,durs,12,M,S,dures,-6.974881,durs,-8.154463,1
4166,P_NOUN_9_ADJ_b,F,P,les pochettes avec le clou qui étaient là depuis hier ne sont pas très claires <eos>,14,claires,clairs,12,M,S,claires,-3.934019,clairs,-8.231777,1
4167,P_NOUN_9_ADJ_b,F,P,les pochettes avec le clou qui étaient là depuis hier ne sont pas très intéressantes <eos>,14,intéressantes,intéressants,12,M,S,intéressantes,-6.4280405,intéressants,-8.731782,1
4168,P_NOUN_9_ADJ_b,F,P,les pochettes avec le clou qui étaient là depuis hier ne sont pas très brillantes <eos>,14,brillantes,brillants,12,M,S,brillantes,-7.149289,brillants,-10.36851,1
4169,P_NOUN_9_ADJ_b,F,P,les pochettes avec le clou qui étaient là depuis hier ne sont pas très compliquées <eos>,14,compliquées,compliqués,12,M,S,compliquées,-6.727024,compliqués,-8.363915,1
4170,P_NOUN_9_ADJ_b,F,P,les pochettes avec le billet qui étaient là depuis hier ne sont pas très vertes <eos>,14,vertes,verts,12,M,S,vertes,-11.595416,verts,-13.249115,1
4171,P_NOUN_9_ADJ_b,F,P,les pochettes avec le billet qui étaient là depuis hier ne sont pas très bleues <eos>,14,bleues,bleus,12,M,S,bleues,-12.839306,bleus,-13.350916,1
4172,P_NOUN_9_ADJ_b,F,P,les pochettes avec le billet qui étaient là depuis hier ne sont pas très noires <eos>,14,noires,noirs,12,M,S,noires,-11.969473,noirs,-13.709059,1
4173,P_NOUN_9_ADJ_b,F,P,les pochettes avec le billet qui étaient là depuis hier ne sont pas très délicates <eos>,14,délicates,délicats,12,M,S,délicates,-8.352125,délicats,-11.125692,1
4174,P_NOUN_9_ADJ_b,F,P,les pochettes avec le billet qui étaient là depuis hier ne sont pas très pointues <eos>,14,pointues,pointus,12,M,S,pointues,-8.733354,pointus,-12.56078,1
4175,P_NOUN_9_ADJ_b,F,P,les pochettes avec le billet qui étaient là depuis hier ne sont pas très rondes <eos>,14,rondes,ronds,12,M,S,rondes,-11.710032,ronds,-13.651458,1
4176,P_NOUN_9_ADJ_b,F,P,les pochettes avec le billet qui étaient là depuis hier ne sont pas très froides <eos>,14,froides,froids,12,M,S,froides,-6.9492283,froids,-12.833441,1
4177,P_NOUN_9_ADJ_b,F,P,les pochettes avec le billet qui étaient là depuis hier ne sont pas très chaudes <eos>,14,chaudes,chauds,12,M,S,chaudes,-9.435733,chauds,-11.076493,1
4178,P_NOUN_9_ADJ_b,F,P,les pochettes avec le billet qui étaient là depuis hier ne sont pas très importantes <eos>,14,importantes,importants,12,M,S,importantes,-4.6358833,importants,-7.870614,1
4179,P_NOUN_9_ADJ_b,F,P,les pochettes avec le billet qui étaient là depuis hier ne sont pas très courtes <eos>,14,courtes,courts,12,M,S,courtes,-6.1461644,courts,-8.734619,1
4180,P_NOUN_9_ADJ_b,F,P,les pochettes avec le billet qui étaient là depuis hier ne sont pas très dures <eos>,14,dures,durs,12,M,S,dures,-7.1086755,durs,-8.299545,1
4181,P_NOUN_9_ADJ_b,F,P,les pochettes avec le billet qui étaient là depuis hier ne sont pas très claires <eos>,14,claires,clairs,12,M,S,claires,-4.7044344,clairs,-8.666696,1
4182,P_NOUN_9_ADJ_b,F,P,les pochettes avec le billet qui étaient là depuis hier ne sont pas très intéressantes <eos>,14,intéressantes,intéressants,12,M,S,intéressantes,-6.0997686,intéressants,-8.359604,1
4183,P_NOUN_9_ADJ_b,F,P,les pochettes avec le billet qui étaient là depuis hier ne sont pas très brillantes <eos>,14,brillantes,brillants,12,M,S,brillantes,-7.4272795,brillants,-9.680612,1
4184,P_NOUN_9_ADJ_b,F,P,les pochettes avec le billet qui étaient là depuis hier ne sont pas très compliquées <eos>,14,compliquées,compliqués,12,M,S,compliquées,-6.868601,compliqués,-8.162346,1
4185,P_NOUN_9_ADJ_b,F,P,les pochettes avec le légume qui étaient là depuis hier ne sont pas très vertes <eos>,14,vertes,verts,12,M,S,vertes,-10.556936,verts,-12.731293,1
4186,P_NOUN_9_ADJ_b,F,P,les pochettes avec le légume qui étaient là depuis hier ne sont pas très bleues <eos>,14,bleues,bleus,12,M,S,bleues,-11.901964,bleus,-12.695837,1
4187,P_NOUN_9_ADJ_b,F,P,les pochettes avec le légume qui étaient là depuis hier ne sont pas très noires <eos>,14,noires,noirs,12,M,S,noires,-10.687104,noirs,-12.571477,1
4188,P_NOUN_9_ADJ_b,F,P,les pochettes avec le légume qui étaient là depuis hier ne sont pas très délicates <eos>,14,délicates,délicats,12,M,S,délicates,-7.7575293,délicats,-10.473084,1
4189,P_NOUN_9_ADJ_b,F,P,les pochettes avec le légume qui étaient là depuis hier ne sont pas très pointues <eos>,14,pointues,pointus,12,M,S,pointues,-9.071236,pointus,-12.999219,1
4190,P_NOUN_9_ADJ_b,F,P,les pochettes avec le légume qui étaient là depuis hier ne sont pas très rondes <eos>,14,rondes,ronds,12,M,S,rondes,-11.44897,ronds,-13.249137,1
4191,P_NOUN_9_ADJ_b,F,P,les pochettes avec le légume qui étaient là depuis hier ne sont pas très froides <eos>,14,froides,froids,12,M,S,froides,-6.0141487,froids,-11.675398,1
4192,P_NOUN_9_ADJ_b,F,P,les pochettes avec le légume qui étaient là depuis hier ne sont pas très chaudes <eos>,14,chaudes,chauds,12,M,S,chaudes,-7.0749946,chauds,-10.436321,1
4193,P_NOUN_9_ADJ_b,F,P,les pochettes avec le légume qui étaient là depuis hier ne sont pas très importantes <eos>,14,importantes,importants,12,M,S,importantes,-4.191489,importants,-8.360263,1
4194,P_NOUN_9_ADJ_b,F,P,les pochettes avec le légume qui étaient là depuis hier ne sont pas très courtes <eos>,14,courtes,courts,12,M,S,courtes,-6.968445,courts,-9.498621,1
4195,P_NOUN_9_ADJ_b,F,P,les pochettes avec le légume qui étaient là depuis hier ne sont pas très dures <eos>,14,dures,durs,12,M,S,dures,-6.352037,durs,-8.551821,1
4196,P_NOUN_9_ADJ_b,F,P,les pochettes avec le légume qui étaient là depuis hier ne sont pas très claires <eos>,14,claires,clairs,12,M,S,claires,-3.274886,clairs,-8.729076,1
4197,P_NOUN_9_ADJ_b,F,P,les pochettes avec le légume qui étaient là depuis hier ne sont pas très intéressantes <eos>,14,intéressantes,intéressants,12,M,S,intéressantes,-6.2353225,intéressants,-9.603592,1
4198,P_NOUN_9_ADJ_b,F,P,les pochettes avec le légume qui étaient là depuis hier ne sont pas très brillantes <eos>,14,brillantes,brillants,12,M,S,brillantes,-6.316088,brillants,-10.083752,1
4199,P_NOUN_9_ADJ_b,F,P,les pochettes avec le légume qui étaient là depuis hier ne sont pas très compliquées <eos>,14,compliquées,compliqués,12,M,S,compliquées,-7.9281473,compliqués,-9.671329,1
4200,P_NOUN_9_ADJ_b,F,P,les bananes avec le bracelet qui étaient là depuis hier ne sont pas très vertes <eos>,14,vertes,verts,12,M,S,vertes,-10.1298685,verts,-9.320978,0
4201,P_NOUN_9_ADJ_b,F,P,les bananes avec le bracelet qui étaient là depuis hier ne sont pas très bleues <eos>,14,bleues,bleus,12,M,S,bleues,-11.533361,bleus,-11.131243,0
4202,P_NOUN_9_ADJ_b,F,P,les bananes avec le bracelet qui étaient là depuis hier ne sont pas très noires <eos>,14,noires,noirs,12,M,S,noires,-9.910038,noirs,-10.907347,1
4203,P_NOUN_9_ADJ_b,F,P,les bananes avec le bracelet qui étaient là depuis hier ne sont pas très délicates <eos>,14,délicates,délicats,12,M,S,délicates,-8.80093,délicats,-9.568224,1
4204,P_NOUN_9_ADJ_b,F,P,les bananes avec le bracelet qui étaient là depuis hier ne sont pas très pointues <eos>,14,pointues,pointus,12,M,S,pointues,-9.480307,pointus,-11.195013,1
4205,P_NOUN_9_ADJ_b,F,P,les bananes avec le bracelet qui étaient là depuis hier ne sont pas très rondes <eos>,14,rondes,ronds,12,M,S,rondes,-11.119259,ronds,-11.922136,1
4206,P_NOUN_9_ADJ_b,F,P,les bananes avec le bracelet qui étaient là depuis hier ne sont pas très froides <eos>,14,froides,froids,12,M,S,froides,-6.0490556,froids,-10.254465,1
4207,P_NOUN_9_ADJ_b,F,P,les bananes avec le bracelet qui étaient là depuis hier ne sont pas très chaudes <eos>,14,chaudes,chauds,12,M,S,chaudes,-6.941947,chauds,-7.6437654,1
4208,P_NOUN_9_ADJ_b,F,P,les bananes avec le bracelet qui étaient là depuis hier ne sont pas très importantes <eos>,14,importantes,importants,12,M,S,importantes,-5.271727,importants,-6.80187,1
4209,P_NOUN_9_ADJ_b,F,P,les bananes avec le bracelet qui étaient là depuis hier ne sont pas très courtes <eos>,14,courtes,courts,12,M,S,courtes,-7.7964153,courts,-7.9169836,1
4210,P_NOUN_9_ADJ_b,F,P,les bananes avec le bracelet qui étaient là depuis hier ne sont pas très dures <eos>,14,dures,durs,12,M,S,dures,-5.58804,durs,-6.2148166,1
4211,P_NOUN_9_ADJ_b,F,P,les bananes avec le bracelet qui étaient là depuis hier ne sont pas très claires <eos>,14,claires,clairs,12,M,S,claires,-4.6914887,clairs,-6.209021,1
4212,P_NOUN_9_ADJ_b,F,P,les bananes avec le bracelet qui étaient là depuis hier ne sont pas très intéressantes <eos>,14,intéressantes,intéressants,12,M,S,intéressantes,-6.8028345,intéressants,-7.868534,1
4213,P_NOUN_9_ADJ_b,F,P,les bananes avec le bracelet qui étaient là depuis hier ne sont pas très brillantes <eos>,14,brillantes,brillants,12,M,S,brillantes,-7.576208,brillants,-7.896985,1
4214,P_NOUN_9_ADJ_b,F,P,les bananes avec le bracelet qui étaient là depuis hier ne sont pas très compliquées <eos>,14,compliquées,compliqués,12,M,S,compliquées,-8.274949,compliqués,-7.6603003,0
4215,P_NOUN_9_ADJ_b,F,P,les bananes avec le miroir qui étaient là depuis hier ne sont pas très vertes <eos>,14,vertes,verts,12,M,S,vertes,-9.73522,verts,-10.241365,1
4216,P_NOUN_9_ADJ_b,F,P,les bananes avec le miroir qui étaient là depuis hier ne sont pas très bleues <eos>,14,bleues,bleus,12,M,S,bleues,-11.240319,bleus,-11.402951,1
4217,P_NOUN_9_ADJ_b,F,P,les bananes avec le miroir qui étaient là depuis hier ne sont pas très noires <eos>,14,noires,noirs,12,M,S,noires,-9.641327,noirs,-10.998976,1
4218,P_NOUN_9_ADJ_b,F,P,les bananes avec le miroir qui étaient là depuis hier ne sont pas très délicates <eos>,14,délicates,délicats,12,M,S,délicates,-8.499497,délicats,-8.682546,1
4219,P_NOUN_9_ADJ_b,F,P,les bananes avec le miroir qui étaient là depuis hier ne sont pas très pointues <eos>,14,pointues,pointus,12,M,S,pointues,-9.1798,pointus,-10.974707,1
4220,P_NOUN_9_ADJ_b,F,P,les bananes avec le miroir qui étaient là depuis hier ne sont pas très rondes <eos>,14,rondes,ronds,12,M,S,rondes,-10.279293,ronds,-11.209591,1
4221,P_NOUN_9_ADJ_b,F,P,les bananes avec le miroir qui étaient là depuis hier ne sont pas très froides <eos>,14,froides,froids,12,M,S,froides,-5.9752283,froids,-9.655926,1
4222,P_NOUN_9_ADJ_b,F,P,les bananes avec le miroir qui étaient là depuis hier ne sont pas très chaudes <eos>,14,chaudes,chauds,12,M,S,chaudes,-6.4178686,chauds,-7.9845963,1
4223,P_NOUN_9_ADJ_b,F,P,les bananes avec le miroir qui étaient là depuis hier ne sont pas très importantes <eos>,14,importantes,importants,12,M,S,importantes,-5.0427,importants,-7.2206707,1
4224,P_NOUN_9_ADJ_b,F,P,les bananes avec le miroir qui étaient là depuis hier ne sont pas très courtes <eos>,14,courtes,courts,12,M,S,courtes,-6.4909697,courts,-7.6196165,1
4225,P_NOUN_9_ADJ_b,F,P,les bananes avec le miroir qui étaient là depuis hier ne sont pas très dures <eos>,14,dures,durs,12,M,S,dures,-5.559931,durs,-6.736533,1
4226,P_NOUN_9_ADJ_b,F,P,les bananes avec le miroir qui étaient là depuis hier ne sont pas très claires <eos>,14,claires,clairs,12,M,S,claires,-4.314699,clairs,-6.649208,1
4227,P_NOUN_9_ADJ_b,F,P,les bananes avec le miroir qui étaient là depuis hier ne sont pas très intéressantes <eos>,14,intéressantes,intéressants,12,M,S,intéressantes,-6.6479893,intéressants,-8.416886,1
4228,P_NOUN_9_ADJ_b,F,P,les bananes avec le miroir qui étaient là depuis hier ne sont pas très brillantes <eos>,14,brillantes,brillants,12,M,S,brillantes,-6.574997,brillants,-8.424295,1
4229,P_NOUN_9_ADJ_b,F,P,les bananes avec le miroir qui étaient là depuis hier ne sont pas très compliquées <eos>,14,compliquées,compliqués,12,M,S,compliquées,-7.7548018,compliqués,-7.7959223,1
4230,P_NOUN_9_ADJ_b,F,P,les bananes avec le crayon qui étaient là depuis hier ne sont pas très vertes <eos>,14,vertes,verts,12,M,S,vertes,-9.439524,verts,-9.839422,1
4231,P_NOUN_9_ADJ_b,F,P,les bananes avec le crayon qui étaient là depuis hier ne sont pas très bleues <eos>,14,bleues,bleus,12,M,S,bleues,-11.052623,bleus,-11.309421,1
4232,P_NOUN_9_ADJ_b,F,P,les bananes avec le crayon qui étaient là depuis hier ne sont pas très noires <eos>,14,noires,noirs,12,M,S,noires,-9.560894,noirs,-10.878794,1
4233,P_NOUN_9_ADJ_b,F,P,les bananes avec le crayon qui étaient là depuis hier ne sont pas très délicates <eos>,14,délicates,délicats,12,M,S,délicates,-8.485976,délicats,-8.736494,1
4234,P_NOUN_9_ADJ_b,F,P,les bananes avec le crayon qui étaient là depuis hier ne sont pas très pointues <eos>,14,pointues,pointus,12,M,S,pointues,-9.745194,pointus,-11.321274,1
4235,P_NOUN_9_ADJ_b,F,P,les bananes avec le crayon qui étaient là depuis hier ne sont pas très rondes <eos>,14,rondes,ronds,12,M,S,rondes,-10.960942,ronds,-11.035788,1
4236,P_NOUN_9_ADJ_b,F,P,les bananes avec le crayon qui étaient là depuis hier ne sont pas très froides <eos>,14,froides,froids,12,M,S,froides,-6.1565275,froids,-10.218581,1
4237,P_NOUN_9_ADJ_b,F,P,les bananes avec le crayon qui étaient là depuis hier ne sont pas très chaudes <eos>,14,chaudes,chauds,12,M,S,chaudes,-6.9000797,chauds,-8.484371,1
4238,P_NOUN_9_ADJ_b,F,P,les bananes avec le crayon qui étaient là depuis hier ne sont pas très importantes <eos>,14,importantes,importants,12,M,S,importantes,-5.3760047,importants,-7.4239326,1
4239,P_NOUN_9_ADJ_b,F,P,les bananes avec le crayon qui étaient là depuis hier ne sont pas très courtes <eos>,14,courtes,courts,12,M,S,courtes,-7.2235465,courts,-8.167221,1
4240,P_NOUN_9_ADJ_b,F,P,les bananes avec le crayon qui étaient là depuis hier ne sont pas très dures <eos>,14,dures,durs,12,M,S,dures,-5.370082,durs,-6.374956,1
4241,P_NOUN_9_ADJ_b,F,P,les bananes avec le crayon qui étaient là depuis hier ne sont pas très claires <eos>,14,claires,clairs,12,M,S,claires,-4.3489313,clairs,-6.114624,1
4242,P_NOUN_9_ADJ_b,F,P,les bananes avec le crayon qui étaient là depuis hier ne sont pas très intéressantes <eos>,14,intéressantes,intéressants,12,M,S,intéressantes,-6.7452993,intéressants,-8.325835,1
4243,P_NOUN_9_ADJ_b,F,P,les bananes avec le crayon qui étaient là depuis hier ne sont pas très brillantes <eos>,14,brillantes,brillants,12,M,S,brillantes,-6.4804134,brillants,-8.246872,1
4244,P_NOUN_9_ADJ_b,F,P,les bananes avec le crayon qui étaient là depuis hier ne sont pas très compliquées <eos>,14,compliquées,compliqués,12,M,S,compliquées,-8.242938,compliqués,-7.6736917,0
4245,P_NOUN_9_ADJ_b,F,P,les bananes avec le rideau qui étaient là depuis hier ne sont pas très vertes <eos>,14,vertes,verts,12,M,S,vertes,-9.986929,verts,-10.070233,1
4246,P_NOUN_9_ADJ_b,F,P,les bananes avec le rideau qui étaient là depuis hier ne sont pas très bleues <eos>,14,bleues,bleus,12,M,S,bleues,-10.831972,bleus,-10.949131,1
4247,P_NOUN_9_ADJ_b,F,P,les bananes avec le rideau qui étaient là depuis hier ne sont pas très noires <eos>,14,noires,noirs,12,M,S,noires,-9.286776,noirs,-10.753882,1
4248,P_NOUN_9_ADJ_b,F,P,les bananes avec le rideau qui étaient là depuis hier ne sont pas très délicates <eos>,14,délicates,délicats,12,M,S,délicates,-8.427626,délicats,-9.062689,1
4249,P_NOUN_9_ADJ_b,F,P,les bananes avec le rideau qui étaient là depuis hier ne sont pas très pointues <eos>,14,pointues,pointus,12,M,S,pointues,-9.379123,pointus,-11.498731,1
4250,P_NOUN_9_ADJ_b,F,P,les bananes avec le rideau qui étaient là depuis hier ne sont pas très rondes <eos>,14,rondes,ronds,12,M,S,rondes,-10.39481,ronds,-11.001824,1
4251,P_NOUN_9_ADJ_b,F,P,les bananes avec le rideau qui étaient là depuis hier ne sont pas très froides <eos>,14,froides,froids,12,M,S,froides,-5.862344,froids,-9.735044,1
4252,P_NOUN_9_ADJ_b,F,P,les bananes avec le rideau qui étaient là depuis hier ne sont pas très chaudes <eos>,14,chaudes,chauds,12,M,S,chaudes,-6.6373687,chauds,-8.05061,1
4253,P_NOUN_9_ADJ_b,F,P,les bananes avec le rideau qui étaient là depuis hier ne sont pas très importantes <eos>,14,importantes,importants,12,M,S,importantes,-4.9330544,importants,-7.1357636,1
4254,P_NOUN_9_ADJ_b,F,P,les bananes avec le rideau qui étaient là depuis hier ne sont pas très courtes <eos>,14,courtes,courts,12,M,S,courtes,-6.7105694,courts,-8.038231,1
4255,P_NOUN_9_ADJ_b,F,P,les bananes avec le rideau qui étaient là depuis hier ne sont pas très dures <eos>,14,dures,durs,12,M,S,dures,-5.398391,durs,-6.5599794,1
4256,P_NOUN_9_ADJ_b,F,P,les bananes avec le rideau qui étaient là depuis hier ne sont pas très claires <eos>,14,claires,clairs,12,M,S,claires,-4.1635776,clairs,-6.416144,1
4257,P_NOUN_9_ADJ_b,F,P,les bananes avec le rideau qui étaient là depuis hier ne sont pas très intéressantes <eos>,14,intéressantes,intéressants,12,M,S,intéressantes,-6.79621,intéressants,-8.658495,1
4258,P_NOUN_9_ADJ_b,F,P,les bananes avec le rideau qui étaient là depuis hier ne sont pas très brillantes <eos>,14,brillantes,brillants,12,M,S,brillantes,-6.552314,brillants,-8.812299,1
4259,P_NOUN_9_ADJ_b,F,P,les bananes avec le rideau qui étaient là depuis hier ne sont pas très compliquées <eos>,14,compliquées,compliqués,12,M,S,compliquées,-8.169989,compliqués,-8.142748,0
4260,P_NOUN_9_ADJ_b,F,P,les bananes avec le cahier qui étaient là depuis hier ne sont pas très vertes <eos>,14,vertes,verts,12,M,S,vertes,-9.977764,verts,-9.783623,0
4261,P_NOUN_9_ADJ_b,F,P,les bananes avec le cahier qui étaient là depuis hier ne sont pas très bleues <eos>,14,bleues,bleus,12,M,S,bleues,-11.877613,bleus,-11.566706,0
4262,P_NOUN_9_ADJ_b,F,P,les bananes avec le cahier qui étaient là depuis hier ne sont pas très noires <eos>,14,noires,noirs,12,M,S,noires,-10.331254,noirs,-10.916858,1
4263,P_NOUN_9_ADJ_b,F,P,les bananes avec le cahier qui étaient là depuis hier ne sont pas très délicates <eos>,14,délicates,délicats,12,M,S,délicates,-8.514193,délicats,-8.680176,1
4264,P_NOUN_9_ADJ_b,F,P,les bananes avec le cahier qui étaient là depuis hier ne sont pas très pointues <eos>,14,pointues,pointus,12,M,S,pointues,-9.831091,pointus,-11.10096,1
4265,P_NOUN_9_ADJ_b,F,P,les bananes avec le cahier qui étaient là depuis hier ne sont pas très rondes <eos>,14,rondes,ronds,12,M,S,rondes,-10.965437,ronds,-11.5096,1
4266,P_NOUN_9_ADJ_b,F,P,les bananes avec le cahier qui étaient là depuis hier ne sont pas très froides <eos>,14,froides,froids,12,M,S,froides,-5.9408617,froids,-9.023654,1
4267,P_NOUN_9_ADJ_b,F,P,les bananes avec le cahier qui étaient là depuis hier ne sont pas très chaudes <eos>,14,chaudes,chauds,12,M,S,chaudes,-6.710033,chauds,-7.5216784,1
4268,P_NOUN_9_ADJ_b,F,P,les bananes avec le cahier qui étaient là depuis hier ne sont pas très importantes <eos>,14,importantes,importants,12,M,S,importantes,-5.3153152,importants,-6.2640963,1
4269,P_NOUN_9_ADJ_b,F,P,les bananes avec le cahier qui étaient là depuis hier ne sont pas très courtes <eos>,14,courtes,courts,12,M,S,courtes,-7.000129,courts,-7.287911,1
4270,P_NOUN_9_ADJ_b,F,P,les bananes avec le cahier qui étaient là depuis hier ne sont pas très dures <eos>,14,dures,durs,12,M,S,dures,-5.5145383,durs,-6.2461085,1
4271,P_NOUN_9_ADJ_b,F,P,les bananes avec le cahier qui étaient là depuis hier ne sont pas très claires <eos>,14,claires,clairs,12,M,S,claires,-4.2040515,clairs,-5.8872313,1
4272,P_NOUN_9_ADJ_b,F,P,les bananes avec le cahier qui étaient là depuis hier ne sont pas très intéressantes <eos>,14,intéressantes,intéressants,12,M,S,intéressantes,-6.7581625,intéressants,-7.765074,1
4273,P_NOUN_9_ADJ_b,F,P,les bananes avec le cahier qui étaient là depuis hier ne sont pas très brillantes <eos>,14,brillantes,brillants,12,M,S,brillantes,-7.446,brillants,-8.167787,1
4274,P_NOUN_9_ADJ_b,F,P,les bananes avec le cahier qui étaient là depuis hier ne sont pas très compliquées <eos>,14,compliquées,compliqués,12,M,S,compliquées,-8.38941,compliqués,-7.8209996,0
4275,P_NOUN_9_ADJ_b,F,P,les bananes avec le micro qui étaient là depuis hier ne sont pas très vertes <eos>,14,vertes,verts,12,M,S,vertes,-9.829841,verts,-10.041615,1
4276,P_NOUN_9_ADJ_b,F,P,les bananes avec le micro qui étaient là depuis hier ne sont pas très bleues <eos>,14,bleues,bleus,12,M,S,bleues,-11.188364,bleus,-11.079437,0
4277,P_NOUN_9_ADJ_b,F,P,les bananes avec le micro qui étaient là depuis hier ne sont pas très noires <eos>,14,noires,noirs,12,M,S,noires,-9.669605,noirs,-11.017404,1
4278,P_NOUN_9_ADJ_b,F,P,les bananes avec le micro qui étaient là depuis hier ne sont pas très délicates <eos>,14,délicates,délicats,12,M,S,délicates,-8.865549,délicats,-9.040588,1
4279,P_NOUN_9_ADJ_b,F,P,les bananes avec le micro qui étaient là depuis hier ne sont pas très pointues <eos>,14,pointues,pointus,12,M,S,pointues,-9.61452,pointus,-11.581485,1
4280,P_NOUN_9_ADJ_b,F,P,les bananes avec le micro qui étaient là depuis hier ne sont pas très rondes <eos>,14,rondes,ronds,12,M,S,rondes,-10.947859,ronds,-11.365234,1
4281,P_NOUN_9_ADJ_b,F,P,les bananes avec le micro qui étaient là depuis hier ne sont pas très froides <eos>,14,froides,froids,12,M,S,froides,-6.0078764,froids,-9.663066,1
4282,P_NOUN_9_ADJ_b,F,P,les bananes avec le micro qui étaient là depuis hier ne sont pas très chaudes <eos>,14,chaudes,chauds,12,M,S,chaudes,-6.664976,chauds,-8.0776,1
4283,P_NOUN_9_ADJ_b,F,P,les bananes avec le micro qui étaient là depuis hier ne sont pas très importantes <eos>,14,importantes,importants,12,M,S,importantes,-4.8095536,importants,-6.863562,1
4284,P_NOUN_9_ADJ_b,F,P,les bananes avec le micro qui étaient là depuis hier ne sont pas très courtes <eos>,14,courtes,courts,12,M,S,courtes,-6.517961,courts,-7.6356378,1
4285,P_NOUN_9_ADJ_b,F,P,les bananes avec le micro qui étaient là depuis hier ne sont pas très dures <eos>,14,dures,durs,12,M,S,dures,-5.683199,durs,-6.54687,1
4286,P_NOUN_9_ADJ_b,F,P,les bananes avec le micro qui étaient là depuis hier ne sont pas très claires <eos>,14,claires,clairs,12,M,S,claires,-4.1944966,clairs,-6.977652,1
4287,P_NOUN_9_ADJ_b,F,P,les bananes avec le micro qui étaient là depuis hier ne sont pas très intéressantes <eos>,14,intéressantes,intéressants,12,M,S,intéressantes,-6.4259577,intéressants,-8.469597,1
4288,P_NOUN_9_ADJ_b,F,P,les bananes avec le micro qui étaient là depuis hier ne sont pas très brillantes <eos>,14,brillantes,brillants,12,M,S,brillantes,-7.4014463,brillants,-8.962195,1
4289,P_NOUN_9_ADJ_b,F,P,les bananes avec le micro qui étaient là depuis hier ne sont pas très compliquées <eos>,14,compliquées,compliqués,12,M,S,compliquées,-8.523421,compliqués,-8.401651,0
4290,P_NOUN_9_ADJ_b,F,P,les bananes avec le sac qui étaient là depuis hier ne sont pas très vertes <eos>,14,vertes,verts,12,M,S,vertes,-9.963643,verts,-9.616728,0
4291,P_NOUN_9_ADJ_b,F,P,les bananes avec le sac qui étaient là depuis hier ne sont pas très bleues <eos>,14,bleues,bleus,12,M,S,bleues,-11.50897,bleus,-11.01544,0
4292,P_NOUN_9_ADJ_b,F,P,les bananes avec le sac qui étaient là depuis hier ne sont pas très noires <eos>,14,noires,noirs,12,M,S,noires,-9.66458,noirs,-10.598492,1
4293,P_NOUN_9_ADJ_b,F,P,les bananes avec le sac qui étaient là depuis hier ne sont pas très délicates <eos>,14,délicates,délicats,12,M,S,délicates,-9.165165,délicats,-8.779549,0
4294,P_NOUN_9_ADJ_b,F,P,les bananes avec le sac qui étaient là depuis hier ne sont pas très pointues <eos>,14,pointues,pointus,12,M,S,pointues,-9.453273,pointus,-11.062598,1
4295,P_NOUN_9_ADJ_b,F,P,les bananes avec le sac qui étaient là depuis hier ne sont pas très rondes <eos>,14,rondes,ronds,12,M,S,rondes,-10.670118,ronds,-11.196481,1
4296,P_NOUN_9_ADJ_b,F,P,les bananes avec le sac qui étaient là depuis hier ne sont pas très froides <eos>,14,froides,froids,12,M,S,froides,-5.850045,froids,-9.364093,1
4297,P_NOUN_9_ADJ_b,F,P,les bananes avec le sac qui étaient là depuis hier ne sont pas très chaudes <eos>,14,chaudes,chauds,12,M,S,chaudes,-6.698104,chauds,-7.3674774,1
4298,P_NOUN_9_ADJ_b,F,P,les bananes avec le sac qui étaient là depuis hier ne sont pas très importantes <eos>,14,importantes,importants,12,M,S,importantes,-5.286064,importants,-6.7906446,1
4299,P_NOUN_9_ADJ_b,F,P,les bananes avec le sac qui étaient là depuis hier ne sont pas très courtes <eos>,14,courtes,courts,12,M,S,courtes,-7.081544,courts,-7.606328,1
4300,P_NOUN_9_ADJ_b,F,P,les bananes avec le sac qui étaient là depuis hier ne sont pas très dures <eos>,14,dures,durs,12,M,S,dures,-5.403593,durs,-5.97416,1
4301,P_NOUN_9_ADJ_b,F,P,les bananes avec le sac qui étaient là depuis hier ne sont pas très claires <eos>,14,claires,clairs,12,M,S,claires,-4.5538774,clairs,-6.4316993,1
4302,P_NOUN_9_ADJ_b,F,P,les bananes avec le sac qui étaient là depuis hier ne sont pas très intéressantes <eos>,14,intéressantes,intéressants,12,M,S,intéressantes,-6.789998,intéressants,-8.244753,1
4303,P_NOUN_9_ADJ_b,F,P,les bananes avec le sac qui étaient là depuis hier ne sont pas très brillantes <eos>,14,brillantes,brillants,12,M,S,brillantes,-7.4636,brillants,-8.572441,1
4304,P_NOUN_9_ADJ_b,F,P,les bananes avec le sac qui étaient là depuis hier ne sont pas très compliquées <eos>,14,compliquées,compliqués,12,M,S,compliquées,-8.565154,compliqués,-8.1269455,0
4305,P_NOUN_9_ADJ_b,F,P,les bananes avec le clavier qui étaient là depuis hier ne sont pas très vertes <eos>,14,vertes,verts,12,M,S,vertes,-10.555961,verts,-10.552845,0
4306,P_NOUN_9_ADJ_b,F,P,les bananes avec le clavier qui étaient là depuis hier ne sont pas très bleues <eos>,14,bleues,bleus,12,M,S,bleues,-11.750202,bleus,-11.8682375,1
4307,P_NOUN_9_ADJ_b,F,P,les bananes avec le clavier qui étaient là depuis hier ne sont pas très noires <eos>,14,noires,noirs,12,M,S,noires,-10.186915,noirs,-11.288649,1
4308,P_NOUN_9_ADJ_b,F,P,les bananes avec le clavier qui étaient là depuis hier ne sont pas très délicates <eos>,14,délicates,délicats,12,M,S,délicates,-8.880444,délicats,-9.255028,1
4309,P_NOUN_9_ADJ_b,F,P,les bananes avec le clavier qui étaient là depuis hier ne sont pas très pointues <eos>,14,pointues,pointus,12,M,S,pointues,-9.158341,pointus,-11.845578,1
4310,P_NOUN_9_ADJ_b,F,P,les bananes avec le clavier qui étaient là depuis hier ne sont pas très rondes <eos>,14,rondes,ronds,12,M,S,rondes,-10.546007,ronds,-11.52256,1
4311,P_NOUN_9_ADJ_b,F,P,les bananes avec le clavier qui étaient là depuis hier ne sont pas très froides <eos>,14,froides,froids,12,M,S,froides,-6.6613073,froids,-10.79351,1
4312,P_NOUN_9_ADJ_b,F,P,les bananes avec le clavier qui étaient là depuis hier ne sont pas très chaudes <eos>,14,chaudes,chauds,12,M,S,chaudes,-7.5023637,chauds,-9.237162,1
4313,P_NOUN_9_ADJ_b,F,P,les bananes avec le clavier qui étaient là depuis hier ne sont pas très importantes <eos>,14,importantes,importants,12,M,S,importantes,-5.5071235,importants,-7.446031,1
4314,P_NOUN_9_ADJ_b,F,P,les bananes avec le clavier qui étaient là depuis hier ne sont pas très courtes <eos>,14,courtes,courts,12,M,S,courtes,-6.6978836,courts,-7.8649178,1
4315,P_NOUN_9_ADJ_b,F,P,les bananes avec le clavier qui étaient là depuis hier ne sont pas très dures <eos>,14,dures,durs,12,M,S,dures,-5.632953,durs,-5.896768,1
4316,P_NOUN_9_ADJ_b,F,P,les bananes avec le clavier qui étaient là depuis hier ne sont pas très claires <eos>,14,claires,clairs,12,M,S,claires,-4.2318463,clairs,-6.4685388,1
4317,P_NOUN_9_ADJ_b,F,P,les bananes avec le clavier qui étaient là depuis hier ne sont pas très intéressantes <eos>,14,intéressantes,intéressants,12,M,S,intéressantes,-6.725485,intéressants,-8.171888,1
4318,P_NOUN_9_ADJ_b,F,P,les bananes avec le clavier qui étaient là depuis hier ne sont pas très brillantes <eos>,14,brillantes,brillants,12,M,S,brillantes,-6.6348495,brillants,-8.7627945,1
4319,P_NOUN_9_ADJ_b,F,P,les bananes avec le clavier qui étaient là depuis hier ne sont pas très compliquées <eos>,14,compliquées,compliqués,12,M,S,compliquées,-7.1535044,compliqués,-7.2976294,1
4320,P_NOUN_9_ADJ_b,F,P,les bananes avec le raisin qui étaient là depuis hier ne sont pas très vertes <eos>,14,vertes,verts,12,M,S,vertes,-9.6986265,verts,-10.1912155,1
4321,P_NOUN_9_ADJ_b,F,P,les bananes avec le raisin qui étaient là depuis hier ne sont pas très bleues <eos>,14,bleues,bleus,12,M,S,bleues,-12.057983,bleus,-12.040049,0
4322,P_NOUN_9_ADJ_b,F,P,les bananes avec le raisin qui étaient là depuis hier ne sont pas très noires <eos>,14,noires,noirs,12,M,S,noires,-10.15969,noirs,-11.98922,1
4323,P_NOUN_9_ADJ_b,F,P,les bananes avec le raisin qui étaient là depuis hier ne sont pas très délicates <eos>,14,délicates,délicats,12,M,S,délicates,-9.211306,délicats,-8.61141,0
4324,P_NOUN_9_ADJ_b,F,P,les bananes avec le raisin qui étaient là depuis hier ne sont pas très pointues <eos>,14,pointues,pointus,12,M,S,pointues,-10.239908,pointus,-12.488642,1
4325,P_NOUN_9_ADJ_b,F,P,les bananes avec le raisin qui étaient là depuis hier ne sont pas très rondes <eos>,14,rondes,ronds,12,M,S,rondes,-11.509368,ronds,-12.302515,1
4326,P_NOUN_9_ADJ_b,F,P,les bananes avec le raisin qui étaient là depuis hier ne sont pas très froides <eos>,14,froides,froids,12,M,S,froides,-5.7939844,froids,-8.957748,1
4327,P_NOUN_9_ADJ_b,F,P,les bananes avec le raisin qui étaient là depuis hier ne sont pas très chaudes <eos>,14,chaudes,chauds,12,M,S,chaudes,-5.8809896,chauds,-7.6036134,1
4328,P_NOUN_9_ADJ_b,F,P,les bananes avec le raisin qui étaient là depuis hier ne sont pas très importantes <eos>,14,importantes,importants,12,M,S,importantes,-4.69748,importants,-7.0887594,1
4329,P_NOUN_9_ADJ_b,F,P,les bananes avec le raisin qui étaient là depuis hier ne sont pas très courtes <eos>,14,courtes,courts,12,M,S,courtes,-7.5006104,courts,-8.706727,1
4330,P_NOUN_9_ADJ_b,F,P,les bananes avec le raisin qui étaient là depuis hier ne sont pas très dures <eos>,14,dures,durs,12,M,S,dures,-5.3869705,durs,-6.379386,1
4331,P_NOUN_9_ADJ_b,F,P,les bananes avec le raisin qui étaient là depuis hier ne sont pas très claires <eos>,14,claires,clairs,12,M,S,claires,-4.351559,clairs,-7.14276,1
4332,P_NOUN_9_ADJ_b,F,P,les bananes avec le raisin qui étaient là depuis hier ne sont pas très intéressantes <eos>,14,intéressantes,intéressants,12,M,S,intéressantes,-6.675879,intéressants,-9.247238,1
4333,P_NOUN_9_ADJ_b,F,P,les bananes avec le raisin qui étaient là depuis hier ne sont pas très brillantes <eos>,14,brillantes,brillants,12,M,S,brillantes,-7.5855956,brillants,-8.978565,1
4334,P_NOUN_9_ADJ_b,F,P,les bananes avec le raisin qui étaient là depuis hier ne sont pas très compliquées <eos>,14,compliquées,compliqués,12,M,S,compliquées,-9.719824,compliqués,-9.30015,0
4335,P_NOUN_9_ADJ_b,F,P,les bananes avec le chargeur qui étaient là depuis hier ne sont pas très vertes <eos>,14,vertes,verts,12,M,S,vertes,-10.566586,verts,-10.738443,1
4336,P_NOUN_9_ADJ_b,F,P,les bananes avec le chargeur qui étaient là depuis hier ne sont pas très bleues <eos>,14,bleues,bleus,12,M,S,bleues,-11.931672,bleus,-11.624723,0
4337,P_NOUN_9_ADJ_b,F,P,les bananes avec le chargeur qui étaient là depuis hier ne sont pas très noires <eos>,14,noires,noirs,12,M,S,noires,-9.679816,noirs,-10.903701,1
4338,P_NOUN_9_ADJ_b,F,P,les bananes avec le chargeur qui étaient là depuis hier ne sont pas très délicates <eos>,14,délicates,délicats,12,M,S,délicates,-9.459719,délicats,-9.661976,1
4339,P_NOUN_9_ADJ_b,F,P,les bananes avec le chargeur qui étaient là depuis hier ne sont pas très pointues <eos>,14,pointues,pointus,12,M,S,pointues,-9.044628,pointus,-11.276681,1
4340,P_NOUN_9_ADJ_b,F,P,les bananes avec le chargeur qui étaient là depuis hier ne sont pas très rondes <eos>,14,rondes,ronds,12,M,S,rondes,-10.595549,ronds,-11.603265,1
4341,P_NOUN_9_ADJ_b,F,P,les bananes avec le chargeur qui étaient là depuis hier ne sont pas très froides <eos>,14,froides,froids,12,M,S,froides,-6.128859,froids,-10.685789,1
4342,P_NOUN_9_ADJ_b,F,P,les bananes avec le chargeur qui étaient là depuis hier ne sont pas très chaudes <eos>,14,chaudes,chauds,12,M,S,chaudes,-7.556548,chauds,-8.307197,1
4343,P_NOUN_9_ADJ_b,F,P,les bananes avec le chargeur qui étaient là depuis hier ne sont pas très importantes <eos>,14,importantes,importants,12,M,S,importantes,-5.375784,importants,-7.517126,1
4344,P_NOUN_9_ADJ_b,F,P,les bananes avec le chargeur qui étaient là depuis hier ne sont pas très courtes <eos>,14,courtes,courts,12,M,S,courtes,-6.568027,courts,-7.942901,1
4345,P_NOUN_9_ADJ_b,F,P,les bananes avec le chargeur qui étaient là depuis hier ne sont pas très dures <eos>,14,dures,durs,12,M,S,dures,-5.4805245,durs,-6.389417,1
4346,P_NOUN_9_ADJ_b,F,P,les bananes avec le chargeur qui étaient là depuis hier ne sont pas très claires <eos>,14,claires,clairs,12,M,S,claires,-5.1580305,clairs,-7.229437,1
4347,P_NOUN_9_ADJ_b,F,P,les bananes avec le chargeur qui étaient là depuis hier ne sont pas très intéressantes <eos>,14,intéressantes,intéressants,12,M,S,intéressantes,-6.8749895,intéressants,-8.560965,1
4348,P_NOUN_9_ADJ_b,F,P,les bananes avec le chargeur qui étaient là depuis hier ne sont pas très brillantes <eos>,14,brillantes,brillants,12,M,S,brillantes,-7.507877,brillants,-8.7606945,1
4349,P_NOUN_9_ADJ_b,F,P,les bananes avec le chargeur qui étaient là depuis hier ne sont pas très compliquées <eos>,14,compliquées,compliqués,12,M,S,compliquées,-7.664155,compliqués,-7.642598,0
4350,P_NOUN_9_ADJ_b,F,P,les bananes avec le vase qui étaient là depuis hier ne sont pas très vertes <eos>,14,vertes,verts,12,M,S,vertes,-10.031768,verts,-10.218221,1
4351,P_NOUN_9_ADJ_b,F,P,les bananes avec le vase qui étaient là depuis hier ne sont pas très bleues <eos>,14,bleues,bleus,12,M,S,bleues,-11.904664,bleus,-12.031545,1
4352,P_NOUN_9_ADJ_b,F,P,les bananes avec le vase qui étaient là depuis hier ne sont pas très noires <eos>,14,noires,noirs,12,M,S,noires,-10.003689,noirs,-11.590351,1
4353,P_NOUN_9_ADJ_b,F,P,les bananes avec le vase qui étaient là depuis hier ne sont pas très délicates <eos>,14,délicates,délicats,12,M,S,délicates,-8.748751,délicats,-8.95212,1
4354,P_NOUN_9_ADJ_b,F,P,les bananes avec le vase qui étaient là depuis hier ne sont pas très pointues <eos>,14,pointues,pointus,12,M,S,pointues,-9.765097,pointus,-11.508358,1
4355,P_NOUN_9_ADJ_b,F,P,les bananes avec le vase qui étaient là depuis hier ne sont pas très rondes <eos>,14,rondes,ronds,12,M,S,rondes,-11.25358,ronds,-11.651892,1
4356,P_NOUN_9_ADJ_b,F,P,les bananes avec le vase qui étaient là depuis hier ne sont pas très froides <eos>,14,froides,froids,12,M,S,froides,-5.9426136,froids,-9.745092,1
4357,P_NOUN_9_ADJ_b,F,P,les bananes avec le vase qui étaient là depuis hier ne sont pas très chaudes <eos>,14,chaudes,chauds,12,M,S,chaudes,-6.215163,chauds,-7.702181,1
4358,P_NOUN_9_ADJ_b,F,P,les bananes avec le vase qui étaient là depuis hier ne sont pas très importantes <eos>,14,importantes,importants,12,M,S,importantes,-4.6230817,importants,-6.7454724,1
4359,P_NOUN_9_ADJ_b,F,P,les bananes avec le vase qui étaient là depuis hier ne sont pas très courtes <eos>,14,courtes,courts,12,M,S,courtes,-7.563086,courts,-8.569134,1
4360,P_NOUN_9_ADJ_b,F,P,les bananes avec le vase qui étaient là depuis hier ne sont pas très dures <eos>,14,dures,durs,12,M,S,dures,-5.675006,durs,-6.676421,1
4361,P_NOUN_9_ADJ_b,F,P,les bananes avec le vase qui étaient là depuis hier ne sont pas très claires <eos>,14,claires,clairs,12,M,S,claires,-4.431429,clairs,-6.6765337,1
4362,P_NOUN_9_ADJ_b,F,P,les bananes avec le vase qui étaient là depuis hier ne sont pas très intéressantes <eos>,14,intéressantes,intéressants,12,M,S,intéressantes,-6.669856,intéressants,-8.621443,1
4363,P_NOUN_9_ADJ_b,F,P,les bananes avec le vase qui étaient là depuis hier ne sont pas très brillantes <eos>,14,brillantes,brillants,12,M,S,brillantes,-7.3987694,brillants,-9.078058,1
4364,P_NOUN_9_ADJ_b,F,P,les bananes avec le vase qui étaient là depuis hier ne sont pas très compliquées <eos>,14,compliquées,compliqués,12,M,S,compliquées,-8.814983,compliqués,-8.296086,0
4365,P_NOUN_9_ADJ_b,F,P,les bananes avec le panier qui étaient là depuis hier ne sont pas très vertes <eos>,14,vertes,verts,12,M,S,vertes,-10.415127,verts,-9.834705,0
4366,P_NOUN_9_ADJ_b,F,P,les bananes avec le panier qui étaient là depuis hier ne sont pas très bleues <eos>,14,bleues,bleus,12,M,S,bleues,-12.09503,bleus,-11.437124,0
4367,P_NOUN_9_ADJ_b,F,P,les bananes avec le panier qui étaient là depuis hier ne sont pas très noires <eos>,14,noires,noirs,12,M,S,noires,-10.175194,noirs,-11.0796175,1
4368,P_NOUN_9_ADJ_b,F,P,les bananes avec le panier qui étaient là depuis hier ne sont pas très délicates <eos>,14,délicates,délicats,12,M,S,délicates,-9.0187,délicats,-9.020623,1
4369,P_NOUN_9_ADJ_b,F,P,les bananes avec le panier qui étaient là depuis hier ne sont pas très pointues <eos>,14,pointues,pointus,12,M,S,pointues,-9.777212,pointus,-11.414787,1
4370,P_NOUN_9_ADJ_b,F,P,les bananes avec le panier qui étaient là depuis hier ne sont pas très rondes <eos>,14,rondes,ronds,12,M,S,rondes,-11.114693,ronds,-11.211605,1
4371,P_NOUN_9_ADJ_b,F,P,les bananes avec le panier qui étaient là depuis hier ne sont pas très froides <eos>,14,froides,froids,12,M,S,froides,-6.008707,froids,-9.819386,1
4372,P_NOUN_9_ADJ_b,F,P,les bananes avec le panier qui étaient là depuis hier ne sont pas très chaudes <eos>,14,chaudes,chauds,12,M,S,chaudes,-7.191224,chauds,-7.862483,1
4373,P_NOUN_9_ADJ_b,F,P,les bananes avec le panier qui étaient là depuis hier ne sont pas très importantes <eos>,14,importantes,importants,12,M,S,importantes,-4.875675,importants,-6.298749,1
4374,P_NOUN_9_ADJ_b,F,P,les bananes avec le panier qui étaient là depuis hier ne sont pas très courtes <eos>,14,courtes,courts,12,M,S,courtes,-7.4854503,courts,-7.6164975,1
4375,P_NOUN_9_ADJ_b,F,P,les bananes avec le panier qui étaient là depuis hier ne sont pas très dures <eos>,14,dures,durs,12,M,S,dures,-5.383228,durs,-6.132191,1
4376,P_NOUN_9_ADJ_b,F,P,les bananes avec le panier qui étaient là depuis hier ne sont pas très claires <eos>,14,claires,clairs,12,M,S,claires,-4.9566555,clairs,-6.8168983,1
4377,P_NOUN_9_ADJ_b,F,P,les bananes avec le panier qui étaient là depuis hier ne sont pas très intéressantes <eos>,14,intéressantes,intéressants,12,M,S,intéressantes,-6.6016207,intéressants,-8.0932045,1
4378,P_NOUN_9_ADJ_b,F,P,les bananes avec le panier qui étaient là depuis hier ne sont pas très brillantes <eos>,14,brillantes,brillants,12,M,S,brillantes,-7.9112372,brillants,-8.338829,1
4379,P_NOUN_9_ADJ_b,F,P,les bananes avec le panier qui étaient là depuis hier ne sont pas très compliquées <eos>,14,compliquées,compliqués,12,M,S,compliquées,-8.720356,compliqués,-7.9966316,0
4380,P_NOUN_9_ADJ_b,F,P,les bananes avec le collier qui étaient là depuis hier ne sont pas très vertes <eos>,14,vertes,verts,12,M,S,vertes,-10.1303215,verts,-9.281958,0
4381,P_NOUN_9_ADJ_b,F,P,les bananes avec le collier qui étaient là depuis hier ne sont pas très bleues <eos>,14,bleues,bleus,12,M,S,bleues,-11.258865,bleus,-10.862301,0
4382,P_NOUN_9_ADJ_b,F,P,les bananes avec le collier qui étaient là depuis hier ne sont pas très noires <eos>,14,noires,noirs,12,M,S,noires,-9.738505,noirs,-10.327656,1
4383,P_NOUN_9_ADJ_b,F,P,les bananes avec le collier qui étaient là depuis hier ne sont pas très délicates <eos>,14,délicates,délicats,12,M,S,délicates,-8.815832,délicats,-9.104439,1
4384,P_NOUN_9_ADJ_b,F,P,les bananes avec le collier qui étaient là depuis hier ne sont pas très pointues <eos>,14,pointues,pointus,12,M,S,pointues,-9.318577,pointus,-10.916899,1
4385,P_NOUN_9_ADJ_b,F,P,les bananes avec le collier qui étaient là depuis hier ne sont pas très rondes <eos>,14,rondes,ronds,12,M,S,rondes,-10.858567,ronds,-11.113092,1
4386,P_NOUN_9_ADJ_b,F,P,les bananes avec le collier qui étaient là depuis hier ne sont pas très froides <eos>,14,froides,froids,12,M,S,froides,-5.988762,froids,-9.846835,1
4387,P_NOUN_9_ADJ_b,F,P,les bananes avec le collier qui étaient là depuis hier ne sont pas très chaudes <eos>,14,chaudes,chauds,12,M,S,chaudes,-7.0411797,chauds,-7.6673,1
4388,P_NOUN_9_ADJ_b,F,P,les bananes avec le collier qui étaient là depuis hier ne sont pas très importantes <eos>,14,importantes,importants,12,M,S,importantes,-5.2084017,importants,-6.3410196,1
4389,P_NOUN_9_ADJ_b,F,P,les bananes avec le collier qui étaient là depuis hier ne sont pas très courtes <eos>,14,courtes,courts,12,M,S,courtes,-7.563073,courts,-7.422968,0
4390,P_NOUN_9_ADJ_b,F,P,les bananes avec le collier qui étaient là depuis hier ne sont pas très dures <eos>,14,dures,durs,12,M,S,dures,-5.4423547,durs,-6.120835,1
4391,P_NOUN_9_ADJ_b,F,P,les bananes avec le collier qui étaient là depuis hier ne sont pas très claires <eos>,14,claires,clairs,12,M,S,claires,-4.5094795,clairs,-5.8868494,1
4392,P_NOUN_9_ADJ_b,F,P,les bananes avec le collier qui étaient là depuis hier ne sont pas très intéressantes <eos>,14,intéressantes,intéressants,12,M,S,intéressantes,-6.692504,intéressants,-7.704131,1
4393,P_NOUN_9_ADJ_b,F,P,les bananes avec le collier qui étaient là depuis hier ne sont pas très brillantes <eos>,14,brillantes,brillants,12,M,S,brillantes,-6.757263,brillants,-7.6035395,1
4394,P_NOUN_9_ADJ_b,F,P,les bananes avec le collier qui étaient là depuis hier ne sont pas très compliquées <eos>,14,compliquées,compliqués,12,M,S,compliquées,-8.304751,compliqués,-7.688939,0
4395,P_NOUN_9_ADJ_b,F,P,les bananes avec le chapeau qui étaient là depuis hier ne sont pas très vertes <eos>,14,vertes,verts,12,M,S,vertes,-9.535663,verts,-9.720895,1
4396,P_NOUN_9_ADJ_b,F,P,les bananes avec le chapeau qui étaient là depuis hier ne sont pas très bleues <eos>,14,bleues,bleus,12,M,S,bleues,-10.640673,bleus,-10.718657,1
4397,P_NOUN_9_ADJ_b,F,P,les bananes avec le chapeau qui étaient là depuis hier ne sont pas très noires <eos>,14,noires,noirs,12,M,S,noires,-8.928159,noirs,-10.285551,1
4398,P_NOUN_9_ADJ_b,F,P,les bananes avec le chapeau qui étaient là depuis hier ne sont pas très délicates <eos>,14,délicates,délicats,12,M,S,délicates,-8.669037,délicats,-9.272519,1
4399,P_NOUN_9_ADJ_b,F,P,les bananes avec le chapeau qui étaient là depuis hier ne sont pas très pointues <eos>,14,pointues,pointus,12,M,S,pointues,-9.027771,pointus,-11.25286,1
4400,P_NOUN_9_ADJ_b,F,P,les bananes avec le chapeau qui étaient là depuis hier ne sont pas très rondes <eos>,14,rondes,ronds,12,M,S,rondes,-10.522002,ronds,-10.99826,1
4401,P_NOUN_9_ADJ_b,F,P,les bananes avec le chapeau qui étaient là depuis hier ne sont pas très froides <eos>,14,froides,froids,12,M,S,froides,-5.746151,froids,-10.012861,1
4402,P_NOUN_9_ADJ_b,F,P,les bananes avec le chapeau qui étaient là depuis hier ne sont pas très chaudes <eos>,14,chaudes,chauds,12,M,S,chaudes,-6.4505363,chauds,-7.703613,1
4403,P_NOUN_9_ADJ_b,F,P,les bananes avec le chapeau qui étaient là depuis hier ne sont pas très importantes <eos>,14,importantes,importants,12,M,S,importantes,-5.2120733,importants,-7.280533,1
4404,P_NOUN_9_ADJ_b,F,P,les bananes avec le chapeau qui étaient là depuis hier ne sont pas très courtes <eos>,14,courtes,courts,12,M,S,courtes,-7.0096436,courts,-7.990881,1
4405,P_NOUN_9_ADJ_b,F,P,les bananes avec le chapeau qui étaient là depuis hier ne sont pas très dures <eos>,14,dures,durs,12,M,S,dures,-5.671254,durs,-6.693632,1
4406,P_NOUN_9_ADJ_b,F,P,les bananes avec le chapeau qui étaient là depuis hier ne sont pas très claires <eos>,14,claires,clairs,12,M,S,claires,-3.9005082,clairs,-6.2027426,1
4407,P_NOUN_9_ADJ_b,F,P,les bananes avec le chapeau qui étaient là depuis hier ne sont pas très intéressantes <eos>,14,intéressantes,intéressants,12,M,S,intéressantes,-6.7176027,intéressants,-8.614538,1
4408,P_NOUN_9_ADJ_b,F,P,les bananes avec le chapeau qui étaient là depuis hier ne sont pas très brillantes <eos>,14,brillantes,brillants,12,M,S,brillantes,-6.798759,brillants,-8.492435,1
4409,P_NOUN_9_ADJ_b,F,P,les bananes avec le chapeau qui étaient là depuis hier ne sont pas très compliquées <eos>,14,compliquées,compliqués,12,M,S,compliquées,-8.662498,compliqués,-8.470324,0
4410,P_NOUN_9_ADJ_b,F,P,les bananes avec le pot qui étaient là depuis hier ne sont pas très vertes <eos>,14,vertes,verts,12,M,S,vertes,-9.7752495,verts,-9.59923,0
4411,P_NOUN_9_ADJ_b,F,P,les bananes avec le pot qui étaient là depuis hier ne sont pas très bleues <eos>,14,bleues,bleus,12,M,S,bleues,-11.558813,bleus,-11.140524,0
4412,P_NOUN_9_ADJ_b,F,P,les bananes avec le pot qui étaient là depuis hier ne sont pas très noires <eos>,14,noires,noirs,12,M,S,noires,-9.846835,noirs,-10.81663,1
4413,P_NOUN_9_ADJ_b,F,P,les bananes avec le pot qui étaient là depuis hier ne sont pas très délicates <eos>,14,délicates,délicats,12,M,S,délicates,-8.83622,délicats,-8.994005,1
4414,P_NOUN_9_ADJ_b,F,P,les bananes avec le pot qui étaient là depuis hier ne sont pas très pointues <eos>,14,pointues,pointus,12,M,S,pointues,-10.077158,pointus,-11.61578,1
4415,P_NOUN_9_ADJ_b,F,P,les bananes avec le pot qui étaient là depuis hier ne sont pas très rondes <eos>,14,rondes,ronds,12,M,S,rondes,-11.262458,ronds,-11.367598,1
4416,P_NOUN_9_ADJ_b,F,P,les bananes avec le pot qui étaient là depuis hier ne sont pas très froides <eos>,14,froides,froids,12,M,S,froides,-5.6203146,froids,-9.196343,1
4417,P_NOUN_9_ADJ_b,F,P,les bananes avec le pot qui étaient là depuis hier ne sont pas très chaudes <eos>,14,chaudes,chauds,12,M,S,chaudes,-6.1380816,chauds,-7.339633,1
4418,P_NOUN_9_ADJ_b,F,P,les bananes avec le pot qui étaient là depuis hier ne sont pas très importantes <eos>,14,importantes,importants,12,M,S,importantes,-4.706951,importants,-6.671218,1
4419,P_NOUN_9_ADJ_b,F,P,les bananes avec le pot qui étaient là depuis hier ne sont pas très courtes <eos>,14,courtes,courts,12,M,S,courtes,-7.736759,courts,-8.187403,1
4420,P_NOUN_9_ADJ_b,F,P,les bananes avec le pot qui étaient là depuis hier ne sont pas très dures <eos>,14,dures,durs,12,M,S,dures,-5.835397,durs,-6.5107727,1
4421,P_NOUN_9_ADJ_b,F,P,les bananes avec le pot qui étaient là depuis hier ne sont pas très claires <eos>,14,claires,clairs,12,M,S,claires,-4.4176893,clairs,-6.652807,1
4422,P_NOUN_9_ADJ_b,F,P,les bananes avec le pot qui étaient là depuis hier ne sont pas très intéressantes <eos>,14,intéressantes,intéressants,12,M,S,intéressantes,-6.3822436,intéressants,-8.463596,1
4423,P_NOUN_9_ADJ_b,F,P,les bananes avec le pot qui étaient là depuis hier ne sont pas très brillantes <eos>,14,brillantes,brillants,12,M,S,brillantes,-7.4940863,brillants,-8.419554,1
4424,P_NOUN_9_ADJ_b,F,P,les bananes avec le pot qui étaient là depuis hier ne sont pas très compliquées <eos>,14,compliquées,compliqués,12,M,S,compliquées,-9.110655,compliqués,-8.46537,0
4425,P_NOUN_9_ADJ_b,F,P,les bananes avec le coussin qui étaient là depuis hier ne sont pas très vertes <eos>,14,vertes,verts,12,M,S,vertes,-10.183559,verts,-10.401804,1
4426,P_NOUN_9_ADJ_b,F,P,les bananes avec le coussin qui étaient là depuis hier ne sont pas très bleues <eos>,14,bleues,bleus,12,M,S,bleues,-11.352111,bleus,-11.082698,0
4427,P_NOUN_9_ADJ_b,F,P,les bananes avec le coussin qui étaient là depuis hier ne sont pas très noires <eos>,14,noires,noirs,12,M,S,noires,-9.512829,noirs,-10.795175,1
4428,P_NOUN_9_ADJ_b,F,P,les bananes avec le coussin qui étaient là depuis hier ne sont pas très délicates <eos>,14,délicates,délicats,12,M,S,délicates,-9.2508545,délicats,-9.081975,0
4429,P_NOUN_9_ADJ_b,F,P,les bananes avec le coussin qui étaient là depuis hier ne sont pas très pointues <eos>,14,pointues,pointus,12,M,S,pointues,-9.159431,pointus,-11.107786,1
4430,P_NOUN_9_ADJ_b,F,P,les bananes avec le coussin qui étaient là depuis hier ne sont pas très rondes <eos>,14,rondes,ronds,12,M,S,rondes,-10.389629,ronds,-11.149769,1
4431,P_NOUN_9_ADJ_b,F,P,les bananes avec le coussin qui étaient là depuis hier ne sont pas très froides <eos>,14,froides,froids,12,M,S,froides,-6.1124473,froids,-9.916962,1
4432,P_NOUN_9_ADJ_b,F,P,les bananes avec le coussin qui étaient là depuis hier ne sont pas très chaudes <eos>,14,chaudes,chauds,12,M,S,chaudes,-7.1594152,chauds,-8.115003,1
4433,P_NOUN_9_ADJ_b,F,P,les bananes avec le coussin qui étaient là depuis hier ne sont pas très importantes <eos>,14,importantes,importants,12,M,S,importantes,-5.238823,importants,-6.999544,1
4434,P_NOUN_9_ADJ_b,F,P,les bananes avec le coussin qui étaient là depuis hier ne sont pas très courtes <eos>,14,courtes,courts,12,M,S,courtes,-6.2372484,courts,-7.376957,1
4435,P_NOUN_9_ADJ_b,F,P,les bananes avec le coussin qui étaient là depuis hier ne sont pas très dures <eos>,14,dures,durs,12,M,S,dures,-5.317851,durs,-6.3283424,1
4436,P_NOUN_9_ADJ_b,F,P,les bananes avec le coussin qui étaient là depuis hier ne sont pas très claires <eos>,14,claires,clairs,12,M,S,claires,-4.754487,clairs,-6.739382,1
4437,P_NOUN_9_ADJ_b,F,P,les bananes avec le coussin qui étaient là depuis hier ne sont pas très intéressantes <eos>,14,intéressantes,intéressants,12,M,S,intéressantes,-7.0022516,intéressants,-8.664929,1
4438,P_NOUN_9_ADJ_b,F,P,les bananes avec le coussin qui étaient là depuis hier ne sont pas très brillantes <eos>,14,brillantes,brillants,12,M,S,brillantes,-7.523508,brillants,-8.825713,1
4439,P_NOUN_9_ADJ_b,F,P,les bananes avec le coussin qui étaient là depuis hier ne sont pas très compliquées <eos>,14,compliquées,compliqués,12,M,S,compliquées,-7.8079753,compliqués,-7.859328,1
4440,P_NOUN_9_ADJ_b,F,P,les bananes avec le jouet qui étaient là depuis hier ne sont pas très vertes <eos>,14,vertes,verts,12,M,S,vertes,-9.886183,verts,-9.86131,0
4441,P_NOUN_9_ADJ_b,F,P,les bananes avec le jouet qui étaient là depuis hier ne sont pas très bleues <eos>,14,bleues,bleus,12,M,S,bleues,-11.18243,bleus,-11.11651,0
4442,P_NOUN_9_ADJ_b,F,P,les bananes avec le jouet qui étaient là depuis hier ne sont pas très noires <eos>,14,noires,noirs,12,M,S,noires,-9.766456,noirs,-10.815816,1
4443,P_NOUN_9_ADJ_b,F,P,les bananes avec le jouet qui étaient là depuis hier ne sont pas très délicates <eos>,14,délicates,délicats,12,M,S,délicates,-8.720277,délicats,-9.004064,1
4444,P_NOUN_9_ADJ_b,F,P,les bananes avec le jouet qui étaient là depuis hier ne sont pas très pointues <eos>,14,pointues,pointus,12,M,S,pointues,-9.382526,pointus,-11.277782,1
4445,P_NOUN_9_ADJ_b,F,P,les bananes avec le jouet qui étaient là depuis hier ne sont pas très rondes <eos>,14,rondes,ronds,12,M,S,rondes,-10.754308,ronds,-11.41025,1
4446,P_NOUN_9_ADJ_b,F,P,les bananes avec le jouet qui étaient là depuis hier ne sont pas très froides <eos>,14,froides,froids,12,M,S,froides,-5.9743657,froids,-9.734844,1
4447,P_NOUN_9_ADJ_b,F,P,les bananes avec le jouet qui étaient là depuis hier ne sont pas très chaudes <eos>,14,chaudes,chauds,12,M,S,chaudes,-6.9338045,chauds,-8.255016,1
4448,P_NOUN_9_ADJ_b,F,P,les bananes avec le jouet qui étaient là depuis hier ne sont pas très importantes <eos>,14,importantes,importants,12,M,S,importantes,-5.270522,importants,-7.2390804,1
4449,P_NOUN_9_ADJ_b,F,P,les bananes avec le jouet qui étaient là depuis hier ne sont pas très courtes <eos>,14,courtes,courts,12,M,S,courtes,-6.90373,courts,-7.9217563,1
4450,P_NOUN_9_ADJ_b,F,P,les bananes avec le jouet qui étaient là depuis hier ne sont pas très dures <eos>,14,dures,durs,12,M,S,dures,-5.575042,durs,-6.373315,1
4451,P_NOUN_9_ADJ_b,F,P,les bananes avec le jouet qui étaient là depuis hier ne sont pas très claires <eos>,14,claires,clairs,12,M,S,claires,-4.2491198,clairs,-6.6475124,1
4452,P_NOUN_9_ADJ_b,F,P,les bananes avec le jouet qui étaient là depuis hier ne sont pas très intéressantes <eos>,14,intéressantes,intéressants,12,M,S,intéressantes,-6.7630215,intéressants,-8.420138,1
4453,P_NOUN_9_ADJ_b,F,P,les bananes avec le jouet qui étaient là depuis hier ne sont pas très brillantes <eos>,14,brillantes,brillants,12,M,S,brillantes,-6.9562263,brillants,-8.662914,1
4454,P_NOUN_9_ADJ_b,F,P,les bananes avec le jouet qui étaient là depuis hier ne sont pas très compliquées <eos>,14,compliquées,compliqués,12,M,S,compliquées,-8.079131,compliqués,-8.0080595,0
4455,P_NOUN_9_ADJ_b,F,P,les bananes avec le clou qui étaient là depuis hier ne sont pas très vertes <eos>,14,vertes,verts,12,M,S,vertes,-9.640016,verts,-10.021135,1
4456,P_NOUN_9_ADJ_b,F,P,les bananes avec le clou qui étaient là depuis hier ne sont pas très bleues <eos>,14,bleues,bleus,12,M,S,bleues,-10.530307,bleus,-10.587253,1
4457,P_NOUN_9_ADJ_b,F,P,les bananes avec le clou qui étaient là depuis hier ne sont pas très noires <eos>,14,noires,noirs,12,M,S,noires,-9.324313,noirs,-10.731867,1
4458,P_NOUN_9_ADJ_b,F,P,les bananes avec le clou qui étaient là depuis hier ne sont pas très délicates <eos>,14,délicates,délicats,12,M,S,délicates,-8.265429,délicats,-9.000963,1
4459,P_NOUN_9_ADJ_b,F,P,les bananes avec le clou qui étaient là depuis hier ne sont pas très pointues <eos>,14,pointues,pointus,12,M,S,pointues,-9.343922,pointus,-11.121217,1
4460,P_NOUN_9_ADJ_b,F,P,les bananes avec le clou qui étaient là depuis hier ne sont pas très rondes <eos>,14,rondes,ronds,12,M,S,rondes,-10.3709345,ronds,-10.736094,1
4461,P_NOUN_9_ADJ_b,F,P,les bananes avec le clou qui étaient là depuis hier ne sont pas très froides <eos>,14,froides,froids,12,M,S,froides,-5.8233757,froids,-10.242003,1
4462,P_NOUN_9_ADJ_b,F,P,les bananes avec le clou qui étaient là depuis hier ne sont pas très chaudes <eos>,14,chaudes,chauds,12,M,S,chaudes,-6.8740034,chauds,-8.289748,1
4463,P_NOUN_9_ADJ_b,F,P,les bananes avec le clou qui étaient là depuis hier ne sont pas très importantes <eos>,14,importantes,importants,12,M,S,importantes,-4.9675035,importants,-7.1865788,1
4464,P_NOUN_9_ADJ_b,F,P,les bananes avec le clou qui étaient là depuis hier ne sont pas très courtes <eos>,14,courtes,courts,12,M,S,courtes,-6.6369143,courts,-7.900133,1
4465,P_NOUN_9_ADJ_b,F,P,les bananes avec le clou qui étaient là depuis hier ne sont pas très dures <eos>,14,dures,durs,12,M,S,dures,-5.78862,durs,-7.0254307,1
4466,P_NOUN_9_ADJ_b,F,P,les bananes avec le clou qui étaient là depuis hier ne sont pas très claires <eos>,14,claires,clairs,12,M,S,claires,-4.436248,clairs,-6.5138655,1
4467,P_NOUN_9_ADJ_b,F,P,les bananes avec le clou qui étaient là depuis hier ne sont pas très intéressantes <eos>,14,intéressantes,intéressants,12,M,S,intéressantes,-6.4065266,intéressants,-8.473184,1
4468,P_NOUN_9_ADJ_b,F,P,les bananes avec le clou qui étaient là depuis hier ne sont pas très brillantes <eos>,14,brillantes,brillants,12,M,S,brillantes,-6.7475286,brillants,-8.603115,1
4469,P_NOUN_9_ADJ_b,F,P,les bananes avec le clou qui étaient là depuis hier ne sont pas très compliquées <eos>,14,compliquées,compliqués,12,M,S,compliquées,-7.978412,compliqués,-7.965157,0
4470,P_NOUN_9_ADJ_b,F,P,les bananes avec le billet qui étaient là depuis hier ne sont pas très vertes <eos>,14,vertes,verts,12,M,S,vertes,-10.527088,verts,-10.362507,0
4471,P_NOUN_9_ADJ_b,F,P,les bananes avec le billet qui étaient là depuis hier ne sont pas très bleues <eos>,14,bleues,bleus,12,M,S,bleues,-11.714218,bleus,-11.455284,0
4472,P_NOUN_9_ADJ_b,F,P,les bananes avec le billet qui étaient là depuis hier ne sont pas très noires <eos>,14,noires,noirs,12,M,S,noires,-10.343558,noirs,-11.030195,1
4473,P_NOUN_9_ADJ_b,F,P,les bananes avec le billet qui étaient là depuis hier ne sont pas très délicates <eos>,14,délicates,délicats,12,M,S,délicates,-8.765681,délicats,-9.480276,1
4474,P_NOUN_9_ADJ_b,F,P,les bananes avec le billet qui étaient là depuis hier ne sont pas très pointues <eos>,14,pointues,pointus,12,M,S,pointues,-9.4578285,pointus,-11.583263,1
4475,P_NOUN_9_ADJ_b,F,P,les bananes avec le billet qui étaient là depuis hier ne sont pas très rondes <eos>,14,rondes,ronds,12,M,S,rondes,-11.451324,ronds,-11.858261,1
4476,P_NOUN_9_ADJ_b,F,P,les bananes avec le billet qui étaient là depuis hier ne sont pas très froides <eos>,14,froides,froids,12,M,S,froides,-6.2664394,froids,-10.522851,1
4477,P_NOUN_9_ADJ_b,F,P,les bananes avec le billet qui étaient là depuis hier ne sont pas très chaudes <eos>,14,chaudes,chauds,12,M,S,chaudes,-7.6048346,chauds,-8.587653,1
4478,P_NOUN_9_ADJ_b,F,P,les bananes avec le billet qui étaient là depuis hier ne sont pas très importantes <eos>,14,importantes,importants,12,M,S,importantes,-4.5936832,importants,-6.428505,1
4479,P_NOUN_9_ADJ_b,F,P,les bananes avec le billet qui étaient là depuis hier ne sont pas très courtes <eos>,14,courtes,courts,12,M,S,courtes,-6.7234735,courts,-7.558713,1
4480,P_NOUN_9_ADJ_b,F,P,les bananes avec le billet qui étaient là depuis hier ne sont pas très dures <eos>,14,dures,durs,12,M,S,dures,-4.975457,durs,-6.6392546,1
4481,P_NOUN_9_ADJ_b,F,P,les bananes avec le billet qui étaient là depuis hier ne sont pas très claires <eos>,14,claires,clairs,12,M,S,claires,-5.1679115,clairs,-6.898221,1
4482,P_NOUN_9_ADJ_b,F,P,les bananes avec le billet qui étaient là depuis hier ne sont pas très intéressantes <eos>,14,intéressantes,intéressants,12,M,S,intéressantes,-6.489955,intéressants,-7.8511353,1
4483,P_NOUN_9_ADJ_b,F,P,les bananes avec le billet qui étaient là depuis hier ne sont pas très brillantes <eos>,14,brillantes,brillants,12,M,S,brillantes,-7.427927,brillants,-8.195959,1
4484,P_NOUN_9_ADJ_b,F,P,les bananes avec le billet qui étaient là depuis hier ne sont pas très compliquées <eos>,14,compliquées,compliqués,12,M,S,compliquées,-8.229155,compliqués,-8.160647,0
4485,P_NOUN_9_ADJ_b,F,P,les bananes avec le légume qui étaient là depuis hier ne sont pas très vertes <eos>,14,vertes,verts,12,M,S,vertes,-10.019884,verts,-10.106944,1
4486,P_NOUN_9_ADJ_b,F,P,les bananes avec le légume qui étaient là depuis hier ne sont pas très bleues <eos>,14,bleues,bleus,12,M,S,bleues,-12.101566,bleus,-11.7403755,0
4487,P_NOUN_9_ADJ_b,F,P,les bananes avec le légume qui étaient là depuis hier ne sont pas très noires <eos>,14,noires,noirs,12,M,S,noires,-10.145185,noirs,-11.197981,1
4488,P_NOUN_9_ADJ_b,F,P,les bananes avec le légume qui étaient là depuis hier ne sont pas très délicates <eos>,14,délicates,délicats,12,M,S,délicates,-8.62442,délicats,-9.076744,1
4489,P_NOUN_9_ADJ_b,F,P,les bananes avec le légume qui étaient là depuis hier ne sont pas très pointues <eos>,14,pointues,pointus,12,M,S,pointues,-10.104357,pointus,-12.51181,1
4490,P_NOUN_9_ADJ_b,F,P,les bananes avec le légume qui étaient là depuis hier ne sont pas très rondes <eos>,14,rondes,ronds,12,M,S,rondes,-11.488177,ronds,-11.80357,1
4491,P_NOUN_9_ADJ_b,F,P,les bananes avec le légume qui étaient là depuis hier ne sont pas très froides <eos>,14,froides,froids,12,M,S,froides,-5.4476695,froids,-8.711884,1
4492,P_NOUN_9_ADJ_b,F,P,les bananes avec le légume qui étaient là depuis hier ne sont pas très chaudes <eos>,14,chaudes,chauds,12,M,S,chaudes,-5.637851,chauds,-7.510175,1
4493,P_NOUN_9_ADJ_b,F,P,les bananes avec le légume qui étaient là depuis hier ne sont pas très importantes <eos>,14,importantes,importants,12,M,S,importantes,-4.546591,importants,-6.951482,1
4494,P_NOUN_9_ADJ_b,F,P,les bananes avec le légume qui étaient là depuis hier ne sont pas très courtes <eos>,14,courtes,courts,12,M,S,courtes,-7.76764,courts,-9.146098,1
4495,P_NOUN_9_ADJ_b,F,P,les bananes avec le légume qui étaient là depuis hier ne sont pas très dures <eos>,14,dures,durs,12,M,S,dures,-5.511958,durs,-6.802951,1
4496,P_NOUN_9_ADJ_b,F,P,les bananes avec le légume qui étaient là depuis hier ne sont pas très claires <eos>,14,claires,clairs,12,M,S,claires,-4.2095423,clairs,-7.2216682,1
4497,P_NOUN_9_ADJ_b,F,P,les bananes avec le légume qui étaient là depuis hier ne sont pas très intéressantes <eos>,14,intéressantes,intéressants,12,M,S,intéressantes,-6.6828184,intéressants,-9.341716,1
4498,P_NOUN_9_ADJ_b,F,P,les bananes avec le légume qui étaient là depuis hier ne sont pas très brillantes <eos>,14,brillantes,brillants,12,M,S,brillantes,-7.0227127,brillants,-8.914296,1
4499,P_NOUN_9_ADJ_b,F,P,les bananes avec le légume qui étaient là depuis hier ne sont pas très compliquées <eos>,14,compliquées,compliqués,12,M,S,compliquées,-9.470976,compliqués,-9.481119,1
4500,P_NOUN_9_ADJ_b,F,P,les robes avec le bracelet qui étaient là depuis hier ne sont pas très vertes <eos>,14,vertes,verts,12,M,S,vertes,-10.488511,verts,-10.256124,0
4501,P_NOUN_9_ADJ_b,F,P,les robes avec le bracelet qui étaient là depuis hier ne sont pas très bleues <eos>,14,bleues,bleus,12,M,S,bleues,-10.801323,bleus,-10.710009,0
4502,P_NOUN_9_ADJ_b,F,P,les robes avec le bracelet qui étaient là depuis hier ne sont pas très noires <eos>,14,noires,noirs,12,M,S,noires,-10.020025,noirs,-11.732565,1
4503,P_NOUN_9_ADJ_b,F,P,les robes avec le bracelet qui étaient là depuis hier ne sont pas très délicates <eos>,14,délicates,délicats,12,M,S,délicates,-7.963402,délicats,-9.756979,1
4504,P_NOUN_9_ADJ_b,F,P,les robes avec le bracelet qui étaient là depuis hier ne sont pas très pointues <eos>,14,pointues,pointus,12,M,S,pointues,-9.127766,pointus,-11.376972,1
4505,P_NOUN_9_ADJ_b,F,P,les robes avec le bracelet qui étaient là depuis hier ne sont pas très rondes <eos>,14,rondes,ronds,12,M,S,rondes,-11.346576,ronds,-12.837444,1
4506,P_NOUN_9_ADJ_b,F,P,les robes avec le bracelet qui étaient là depuis hier ne sont pas très froides <eos>,14,froides,froids,12,M,S,froides,-5.975911,froids,-11.053648,1
4507,P_NOUN_9_ADJ_b,F,P,les robes avec le bracelet qui étaient là depuis hier ne sont pas très chaudes <eos>,14,chaudes,chauds,12,M,S,chaudes,-7.3306293,chauds,-8.17848,1
4508,P_NOUN_9_ADJ_b,F,P,les robes avec le bracelet qui étaient là depuis hier ne sont pas très importantes <eos>,14,importantes,importants,12,M,S,importantes,-5.4012127,importants,-7.5873623,1
4509,P_NOUN_9_ADJ_b,F,P,les robes avec le bracelet qui étaient là depuis hier ne sont pas très courtes <eos>,14,courtes,courts,12,M,S,courtes,-6.6480474,courts,-8.292182,1
4510,P_NOUN_9_ADJ_b,F,P,les robes avec le bracelet qui étaient là depuis hier ne sont pas très dures <eos>,14,dures,durs,12,M,S,dures,-5.861397,durs,-7.102726,1
4511,P_NOUN_9_ADJ_b,F,P,les robes avec le bracelet qui étaient là depuis hier ne sont pas très claires <eos>,14,claires,clairs,12,M,S,claires,-3.7418642,clairs,-5.021331,1
4512,P_NOUN_9_ADJ_b,F,P,les robes avec le bracelet qui étaient là depuis hier ne sont pas très intéressantes <eos>,14,intéressantes,intéressants,12,M,S,intéressantes,-6.929598,intéressants,-8.186886,1
4513,P_NOUN_9_ADJ_b,F,P,les robes avec le bracelet qui étaient là depuis hier ne sont pas très brillantes <eos>,14,brillantes,brillants,12,M,S,brillantes,-6.6830115,brillants,-8.115517,1
4514,P_NOUN_9_ADJ_b,F,P,les robes avec le bracelet qui étaient là depuis hier ne sont pas très compliquées <eos>,14,compliquées,compliqués,12,M,S,compliquées,-7.20924,compliqués,-7.3899946,1
4515,P_NOUN_9_ADJ_b,F,P,les robes avec le miroir qui étaient là depuis hier ne sont pas très vertes <eos>,14,vertes,verts,12,M,S,vertes,-10.247469,verts,-11.154463,1
4516,P_NOUN_9_ADJ_b,F,P,les robes avec le miroir qui étaient là depuis hier ne sont pas très bleues <eos>,14,bleues,bleus,12,M,S,bleues,-10.535292,bleus,-11.051026,1
4517,P_NOUN_9_ADJ_b,F,P,les robes avec le miroir qui étaient là depuis hier ne sont pas très noires <eos>,14,noires,noirs,12,M,S,noires,-9.661475,noirs,-11.887166,1
4518,P_NOUN_9_ADJ_b,F,P,les robes avec le miroir qui étaient là depuis hier ne sont pas très délicates <eos>,14,délicates,délicats,12,M,S,délicates,-8.09551,délicats,-9.568123,1
4519,P_NOUN_9_ADJ_b,F,P,les robes avec le miroir qui étaient là depuis hier ne sont pas très pointues <eos>,14,pointues,pointus,12,M,S,pointues,-8.859896,pointus,-11.219841,1
4520,P_NOUN_9_ADJ_b,F,P,les robes avec le miroir qui étaient là depuis hier ne sont pas très rondes <eos>,14,rondes,ronds,12,M,S,rondes,-10.828341,ronds,-12.334828,1
4521,P_NOUN_9_ADJ_b,F,P,les robes avec le miroir qui étaient là depuis hier ne sont pas très froides <eos>,14,froides,froids,12,M,S,froides,-6.24687,froids,-11.231274,1
4522,P_NOUN_9_ADJ_b,F,P,les robes avec le miroir qui étaient là depuis hier ne sont pas très chaudes <eos>,14,chaudes,chauds,12,M,S,chaudes,-7.310856,chauds,-8.900027,1
4523,P_NOUN_9_ADJ_b,F,P,les robes avec le miroir qui étaient là depuis hier ne sont pas très importantes <eos>,14,importantes,importants,12,M,S,importantes,-5.454734,importants,-8.2666,1
4524,P_NOUN_9_ADJ_b,F,P,les robes avec le miroir qui étaient là depuis hier ne sont pas très courtes <eos>,14,courtes,courts,12,M,S,courtes,-5.6880875,courts,-8.480026,1
4525,P_NOUN_9_ADJ_b,F,P,les robes avec le miroir qui étaient là depuis hier ne sont pas très dures <eos>,14,dures,durs,12,M,S,dures,-6.145784,durs,-7.9757686,1
4526,P_NOUN_9_ADJ_b,F,P,les robes avec le miroir qui étaient là depuis hier ne sont pas très claires <eos>,14,claires,clairs,12,M,S,claires,-3.7131567,clairs,-5.523178,1
4527,P_NOUN_9_ADJ_b,F,P,les robes avec le miroir qui étaient là depuis hier ne sont pas très intéressantes <eos>,14,intéressantes,intéressants,12,M,S,intéressantes,-7.179616,intéressants,-9.011906,1
4528,P_NOUN_9_ADJ_b,F,P,les robes avec le miroir qui étaient là depuis hier ne sont pas très brillantes <eos>,14,brillantes,brillants,12,M,S,brillantes,-6.3391943,brillants,-9.141965,1
4529,P_NOUN_9_ADJ_b,F,P,les robes avec le miroir qui étaient là depuis hier ne sont pas très compliquées <eos>,14,compliquées,compliqués,12,M,S,compliquées,-7.0731325,compliqués,-7.6996355,1
4530,P_NOUN_9_ADJ_b,F,P,les robes avec le crayon qui étaient là depuis hier ne sont pas très vertes <eos>,14,vertes,verts,12,M,S,vertes,-9.977466,verts,-10.84404,1
4531,P_NOUN_9_ADJ_b,F,P,les robes avec le crayon qui étaient là depuis hier ne sont pas très bleues <eos>,14,bleues,bleus,12,M,S,bleues,-10.557783,bleus,-11.045451,1
4532,P_NOUN_9_ADJ_b,F,P,les robes avec le crayon qui étaient là depuis hier ne sont pas très noires <eos>,14,noires,noirs,12,M,S,noires,-9.868552,noirs,-11.996208,1
4533,P_NOUN_9_ADJ_b,F,P,les robes avec le crayon qui étaient là depuis hier ne sont pas très délicates <eos>,14,délicates,délicats,12,M,S,délicates,-7.8462505,délicats,-9.047024,1
4534,P_NOUN_9_ADJ_b,F,P,les robes avec le crayon qui étaient là depuis hier ne sont pas très pointues <eos>,14,pointues,pointus,12,M,S,pointues,-9.500579,pointus,-11.391445,1
4535,P_NOUN_9_ADJ_b,F,P,les robes avec le crayon qui étaient là depuis hier ne sont pas très rondes <eos>,14,rondes,ronds,12,M,S,rondes,-11.395588,ronds,-12.328903,1
4536,P_NOUN_9_ADJ_b,F,P,les robes avec le crayon qui étaient là depuis hier ne sont pas très froides <eos>,14,froides,froids,12,M,S,froides,-6.057694,froids,-10.863354,1
4537,P_NOUN_9_ADJ_b,F,P,les robes avec le crayon qui étaient là depuis hier ne sont pas très chaudes <eos>,14,chaudes,chauds,12,M,S,chaudes,-7.111311,chauds,-8.607826,1
4538,P_NOUN_9_ADJ_b,F,P,les robes avec le crayon qui étaient là depuis hier ne sont pas très importantes <eos>,14,importantes,importants,12,M,S,importantes,-5.498026,importants,-8.370488,1
4539,P_NOUN_9_ADJ_b,F,P,les robes avec le crayon qui étaient là depuis hier ne sont pas très courtes <eos>,14,courtes,courts,12,M,S,courtes,-6.023986,courts,-8.497484,1
4540,P_NOUN_9_ADJ_b,F,P,les robes avec le crayon qui étaient là depuis hier ne sont pas très dures <eos>,14,dures,durs,12,M,S,dures,-5.708949,durs,-7.1986227,1
4541,P_NOUN_9_ADJ_b,F,P,les robes avec le crayon qui étaient là depuis hier ne sont pas très claires <eos>,14,claires,clairs,12,M,S,claires,-3.4130523,clairs,-4.8372307,1
4542,P_NOUN_9_ADJ_b,F,P,les robes avec le crayon qui étaient là depuis hier ne sont pas très intéressantes <eos>,14,intéressantes,intéressants,12,M,S,intéressantes,-7.0077257,intéressants,-8.990833,1
4543,P_NOUN_9_ADJ_b,F,P,les robes avec le crayon qui étaient là depuis hier ne sont pas très brillantes <eos>,14,brillantes,brillants,12,M,S,brillantes,-5.9088907,brillants,-8.710943,1
4544,P_NOUN_9_ADJ_b,F,P,les robes avec le crayon qui étaient là depuis hier ne sont pas très compliquées <eos>,14,compliquées,compliqués,12,M,S,compliquées,-7.339978,compliqués,-7.559005,1
4545,P_NOUN_9_ADJ_b,F,P,les robes avec le rideau qui étaient là depuis hier ne sont pas très vertes <eos>,14,vertes,verts,12,M,S,vertes,-10.56494,verts,-11.239555,1
4546,P_NOUN_9_ADJ_b,F,P,les robes avec le rideau qui étaient là depuis hier ne sont pas très bleues <eos>,14,bleues,bleus,12,M,S,bleues,-10.416462,bleus,-10.693132,1
4547,P_NOUN_9_ADJ_b,F,P,les robes avec le rideau qui étaient là depuis hier ne sont pas très noires <eos>,14,noires,noirs,12,M,S,noires,-9.5312,noirs,-11.801479,1
4548,P_NOUN_9_ADJ_b,F,P,les robes avec le rideau qui étaient là depuis hier ne sont pas très délicates <eos>,14,délicates,délicats,12,M,S,délicates,-7.9417768,délicats,-9.755535,1
4549,P_NOUN_9_ADJ_b,F,P,les robes avec le rideau qui étaient là depuis hier ne sont pas très pointues <eos>,14,pointues,pointus,12,M,S,pointues,-9.017748,pointus,-11.915178,1
4550,P_NOUN_9_ADJ_b,F,P,les robes avec le rideau qui étaient là depuis hier ne sont pas très rondes <eos>,14,rondes,ronds,12,M,S,rondes,-11.110323,ronds,-12.572975,1
4551,P_NOUN_9_ADJ_b,F,P,les robes avec le rideau qui étaient là depuis hier ne sont pas très froides <eos>,14,froides,froids,12,M,S,froides,-6.0483475,froids,-10.937387,1
4552,P_NOUN_9_ADJ_b,F,P,les robes avec le rideau qui étaient là depuis hier ne sont pas très chaudes <eos>,14,chaudes,chauds,12,M,S,chaudes,-7.243544,chauds,-8.569698,1
4553,P_NOUN_9_ADJ_b,F,P,les robes avec le rideau qui étaient là depuis hier ne sont pas très importantes <eos>,14,importantes,importants,12,M,S,importantes,-5.329112,importants,-8.334962,1
4554,P_NOUN_9_ADJ_b,F,P,les robes avec le rideau qui étaient là depuis hier ne sont pas très courtes <eos>,14,courtes,courts,12,M,S,courtes,-5.7486315,courts,-8.599288,1
4555,P_NOUN_9_ADJ_b,F,P,les robes avec le rideau qui étaient là depuis hier ne sont pas très dures <eos>,14,dures,durs,12,M,S,dures,-5.7969646,durs,-7.680333,1
4556,P_NOUN_9_ADJ_b,F,P,les robes avec le rideau qui étaient là depuis hier ne sont pas très claires <eos>,14,claires,clairs,12,M,S,claires,-3.3370664,clairs,-5.22758,1
4557,P_NOUN_9_ADJ_b,F,P,les robes avec le rideau qui étaient là depuis hier ne sont pas très intéressantes <eos>,14,intéressantes,intéressants,12,M,S,intéressantes,-7.4147635,intéressants,-9.498747,1
4558,P_NOUN_9_ADJ_b,F,P,les robes avec le rideau qui étaient là depuis hier ne sont pas très brillantes <eos>,14,brillantes,brillants,12,M,S,brillantes,-6.2888556,brillants,-9.426289,1
4559,P_NOUN_9_ADJ_b,F,P,les robes avec le rideau qui étaient là depuis hier ne sont pas très compliquées <eos>,14,compliquées,compliqués,12,M,S,compliquées,-7.388098,compliqués,-8.145824,1
4560,P_NOUN_9_ADJ_b,F,P,les robes avec le cahier qui étaient là depuis hier ne sont pas très vertes <eos>,14,vertes,verts,12,M,S,vertes,-10.483981,verts,-10.802571,1
4561,P_NOUN_9_ADJ_b,F,P,les robes avec le cahier qui étaient là depuis hier ne sont pas très bleues <eos>,14,bleues,bleus,12,M,S,bleues,-10.842871,bleus,-10.819662,0
4562,P_NOUN_9_ADJ_b,F,P,les robes avec le cahier qui étaient là depuis hier ne sont pas très noires <eos>,14,noires,noirs,12,M,S,noires,-10.118177,noirs,-11.602989,1
4563,P_NOUN_9_ADJ_b,F,P,les robes avec le cahier qui étaient là depuis hier ne sont pas très délicates <eos>,14,délicates,délicats,12,M,S,délicates,-7.9890723,délicats,-9.259748,1
4564,P_NOUN_9_ADJ_b,F,P,les robes avec le cahier qui étaient là depuis hier ne sont pas très pointues <eos>,14,pointues,pointus,12,M,S,pointues,-9.344627,pointus,-11.312462,1
4565,P_NOUN_9_ADJ_b,F,P,les robes avec le cahier qui étaient là depuis hier ne sont pas très rondes <eos>,14,rondes,ronds,12,M,S,rondes,-11.034334,ronds,-12.329735,1
4566,P_NOUN_9_ADJ_b,F,P,les robes avec le cahier qui étaient là depuis hier ne sont pas très froides <eos>,14,froides,froids,12,M,S,froides,-5.93972,froids,-10.279773,1
4567,P_NOUN_9_ADJ_b,F,P,les robes avec le cahier qui étaient là depuis hier ne sont pas très chaudes <eos>,14,chaudes,chauds,12,M,S,chaudes,-7.3061523,chauds,-8.108085,1
4568,P_NOUN_9_ADJ_b,F,P,les robes avec le cahier qui étaient là depuis hier ne sont pas très importantes <eos>,14,importantes,importants,12,M,S,importantes,-5.6994467,importants,-7.4332876,1
4569,P_NOUN_9_ADJ_b,F,P,les robes avec le cahier qui étaient là depuis hier ne sont pas très courtes <eos>,14,courtes,courts,12,M,S,courtes,-5.606523,courts,-7.7767186,1
4570,P_NOUN_9_ADJ_b,F,P,les robes avec le cahier qui étaient là depuis hier ne sont pas très dures <eos>,14,dures,durs,12,M,S,dures,-5.8474464,durs,-7.320552,1
4571,P_NOUN_9_ADJ_b,F,P,les robes avec le cahier qui étaient là depuis hier ne sont pas très claires <eos>,14,claires,clairs,12,M,S,claires,-3.749433,clairs,-4.88304,1
4572,P_NOUN_9_ADJ_b,F,P,les robes avec le cahier qui étaient là depuis hier ne sont pas très intéressantes <eos>,14,intéressantes,intéressants,12,M,S,intéressantes,-7.2070923,intéressants,-8.365713,1
4573,P_NOUN_9_ADJ_b,F,P,les robes avec le cahier qui étaient là depuis hier ne sont pas très brillantes <eos>,14,brillantes,brillants,12,M,S,brillantes,-6.827962,brillants,-8.754653,1
4574,P_NOUN_9_ADJ_b,F,P,les robes avec le cahier qui étaient là depuis hier ne sont pas très compliquées <eos>,14,compliquées,compliqués,12,M,S,compliquées,-7.427362,compliqués,-7.519444,1
4575,P_NOUN_9_ADJ_b,F,P,les robes avec le micro qui étaient là depuis hier ne sont pas très vertes <eos>,14,vertes,verts,12,M,S,vertes,-10.426373,verts,-11.004584,1
4576,P_NOUN_9_ADJ_b,F,P,les robes avec le micro qui étaient là depuis hier ne sont pas très bleues <eos>,14,bleues,bleus,12,M,S,bleues,-10.235659,bleus,-10.445781,1
4577,P_NOUN_9_ADJ_b,F,P,les robes avec le micro qui étaient là depuis hier ne sont pas très noires <eos>,14,noires,noirs,12,M,S,noires,-9.5313635,noirs,-11.502915,1
4578,P_NOUN_9_ADJ_b,F,P,les robes avec le micro qui étaient là depuis hier ne sont pas très délicates <eos>,14,délicates,délicats,12,M,S,délicates,-8.243443,délicats,-9.927313,1
4579,P_NOUN_9_ADJ_b,F,P,les robes avec le micro qui étaient là depuis hier ne sont pas très pointues <eos>,14,pointues,pointus,12,M,S,pointues,-8.870641,pointus,-11.647604,1
4580,P_NOUN_9_ADJ_b,F,P,les robes avec le micro qui étaient là depuis hier ne sont pas très rondes <eos>,14,rondes,ronds,12,M,S,rondes,-11.061268,ronds,-12.524717,1
4581,P_NOUN_9_ADJ_b,F,P,les robes avec le micro qui étaient là depuis hier ne sont pas très froides <eos>,14,froides,froids,12,M,S,froides,-5.940888,froids,-11.11125,1
4582,P_NOUN_9_ADJ_b,F,P,les robes avec le micro qui étaient là depuis hier ne sont pas très chaudes <eos>,14,chaudes,chauds,12,M,S,chaudes,-7.315309,chauds,-8.652178,1
4583,P_NOUN_9_ADJ_b,F,P,les robes avec le micro qui étaient là depuis hier ne sont pas très importantes <eos>,14,importantes,importants,12,M,S,importantes,-5.382758,importants,-8.200354,1
4584,P_NOUN_9_ADJ_b,F,P,les robes avec le micro qui étaient là depuis hier ne sont pas très courtes <eos>,14,courtes,courts,12,M,S,courtes,-5.6311364,courts,-8.161139,1
4585,P_NOUN_9_ADJ_b,F,P,les robes avec le micro qui étaient là depuis hier ne sont pas très dures <eos>,14,dures,durs,12,M,S,dures,-6.0986633,durs,-7.5980043,1
4586,P_NOUN_9_ADJ_b,F,P,les robes avec le micro qui étaient là depuis hier ne sont pas très claires <eos>,14,claires,clairs,12,M,S,claires,-3.3244085,clairs,-5.361204,1
4587,P_NOUN_9_ADJ_b,F,P,les robes avec le micro qui étaient là depuis hier ne sont pas très intéressantes <eos>,14,intéressantes,intéressants,12,M,S,intéressantes,-7.116248,intéressants,-9.171318,1
4588,P_NOUN_9_ADJ_b,F,P,les robes avec le micro qui étaient là depuis hier ne sont pas très brillantes <eos>,14,brillantes,brillants,12,M,S,brillantes,-6.561849,brillants,-9.407862,1
4589,P_NOUN_9_ADJ_b,F,P,les robes avec le micro qui étaient là depuis hier ne sont pas très compliquées <eos>,14,compliquées,compliqués,12,M,S,compliquées,-7.3085866,compliqués,-8.131876,1
4590,P_NOUN_9_ADJ_b,F,P,les robes avec le sac qui étaient là depuis hier ne sont pas très vertes <eos>,14,vertes,verts,12,M,S,vertes,-10.537355,verts,-10.93467,1
4591,P_NOUN_9_ADJ_b,F,P,les robes avec le sac qui étaient là depuis hier ne sont pas très bleues <eos>,14,bleues,bleus,12,M,S,bleues,-10.60391,bleus,-10.638476,1
4592,P_NOUN_9_ADJ_b,F,P,les robes avec le sac qui étaient là depuis hier ne sont pas très noires <eos>,14,noires,noirs,12,M,S,noires,-9.673702,noirs,-11.4922905,1
4593,P_NOUN_9_ADJ_b,F,P,les robes avec le sac qui étaient là depuis hier ne sont pas très délicates <eos>,14,délicates,délicats,12,M,S,délicates,-8.372344,délicats,-9.532761,1
4594,P_NOUN_9_ADJ_b,F,P,les robes avec le sac qui étaient là depuis hier ne sont pas très pointues <eos>,14,pointues,pointus,12,M,S,pointues,-8.794023,pointus,-11.428805,1
4595,P_NOUN_9_ADJ_b,F,P,les robes avec le sac qui étaient là depuis hier ne sont pas très rondes <eos>,14,rondes,ronds,12,M,S,rondes,-10.915705,ronds,-12.383837,1
4596,P_NOUN_9_ADJ_b,F,P,les robes avec le sac qui étaient là depuis hier ne sont pas très froides <eos>,14,froides,froids,12,M,S,froides,-5.9111137,froids,-10.830634,1
4597,P_NOUN_9_ADJ_b,F,P,les robes avec le sac qui étaient là depuis hier ne sont pas très chaudes <eos>,14,chaudes,chauds,12,M,S,chaudes,-7.165968,chauds,-8.206825,1
4598,P_NOUN_9_ADJ_b,F,P,les robes avec le sac qui étaient là depuis hier ne sont pas très importantes <eos>,14,importantes,importants,12,M,S,importantes,-5.581602,importants,-8.021404,1
4599,P_NOUN_9_ADJ_b,F,P,les robes avec le sac qui étaient là depuis hier ne sont pas très courtes <eos>,14,courtes,courts,12,M,S,courtes,-5.97963,courts,-8.26919,1
4600,P_NOUN_9_ADJ_b,F,P,les robes avec le sac qui étaient là depuis hier ne sont pas très dures <eos>,14,dures,durs,12,M,S,dures,-5.818575,durs,-7.2387056,1
4601,P_NOUN_9_ADJ_b,F,P,les robes avec le sac qui étaient là depuis hier ne sont pas très claires <eos>,14,claires,clairs,12,M,S,claires,-3.4065297,clairs,-5.1108007,1
4602,P_NOUN_9_ADJ_b,F,P,les robes avec le sac qui étaient là depuis hier ne sont pas très intéressantes <eos>,14,intéressantes,intéressants,12,M,S,intéressantes,-7.3320017,intéressants,-9.064856,1
4603,P_NOUN_9_ADJ_b,F,P,les robes avec le sac qui étaient là depuis hier ne sont pas très brillantes <eos>,14,brillantes,brillants,12,M,S,brillantes,-6.4617414,brillants,-9.040908,1
4604,P_NOUN_9_ADJ_b,F,P,les robes avec le sac qui étaient là depuis hier ne sont pas très compliquées <eos>,14,compliquées,compliqués,12,M,S,compliquées,-7.321703,compliqués,-7.9255505,1
4605,P_NOUN_9_ADJ_b,F,P,les robes avec le clavier qui étaient là depuis hier ne sont pas très vertes <eos>,14,vertes,verts,12,M,S,vertes,-10.949158,verts,-11.625145,1
4606,P_NOUN_9_ADJ_b,F,P,les robes avec le clavier qui étaient là depuis hier ne sont pas très bleues <eos>,14,bleues,bleus,12,M,S,bleues,-11.290447,bleus,-11.718712,1
4607,P_NOUN_9_ADJ_b,F,P,les robes avec le clavier qui étaient là depuis hier ne sont pas très noires <eos>,14,noires,noirs,12,M,S,noires,-10.454596,noirs,-12.390083,1
4608,P_NOUN_9_ADJ_b,F,P,les robes avec le clavier qui étaient là depuis hier ne sont pas très délicates <eos>,14,délicates,délicats,12,M,S,délicates,-8.598776,délicats,-9.948275,1
4609,P_NOUN_9_ADJ_b,F,P,les robes avec le clavier qui étaient là depuis hier ne sont pas très pointues <eos>,14,pointues,pointus,12,M,S,pointues,-9.071487,pointus,-12.317722,1
4610,P_NOUN_9_ADJ_b,F,P,les robes avec le clavier qui étaient là depuis hier ne sont pas très rondes <eos>,14,rondes,ronds,12,M,S,rondes,-11.224994,ronds,-13.079297,1
4611,P_NOUN_9_ADJ_b,F,P,les robes avec le clavier qui étaient là depuis hier ne sont pas très froides <eos>,14,froides,froids,12,M,S,froides,-6.4328237,froids,-11.649492,1
4612,P_NOUN_9_ADJ_b,F,P,les robes avec le clavier qui étaient là depuis hier ne sont pas très chaudes <eos>,14,chaudes,chauds,12,M,S,chaudes,-7.5734296,chauds,-9.292862,1
4613,P_NOUN_9_ADJ_b,F,P,les robes avec le clavier qui étaient là depuis hier ne sont pas très importantes <eos>,14,importantes,importants,12,M,S,importantes,-5.562093,importants,-8.431179,1
4614,P_NOUN_9_ADJ_b,F,P,les robes avec le clavier qui étaient là depuis hier ne sont pas très courtes <eos>,14,courtes,courts,12,M,S,courtes,-5.9596786,courts,-8.732141,1
4615,P_NOUN_9_ADJ_b,F,P,les robes avec le clavier qui étaient là depuis hier ne sont pas très dures <eos>,14,dures,durs,12,M,S,dures,-5.9411173,durs,-6.9951887,1
4616,P_NOUN_9_ADJ_b,F,P,les robes avec le clavier qui étaient là depuis hier ne sont pas très claires <eos>,14,claires,clairs,12,M,S,claires,-3.3685167,clairs,-5.5707064,1
4617,P_NOUN_9_ADJ_b,F,P,les robes avec le clavier qui étaient là depuis hier ne sont pas très intéressantes <eos>,14,intéressantes,intéressants,12,M,S,intéressantes,-7.0915337,intéressants,-9.035857,1
4618,P_NOUN_9_ADJ_b,F,P,les robes avec le clavier qui étaient là depuis hier ne sont pas très brillantes <eos>,14,brillantes,brillants,12,M,S,brillantes,-6.251013,brillants,-9.500537,1
4619,P_NOUN_9_ADJ_b,F,P,les robes avec le clavier qui étaient là depuis hier ne sont pas très compliquées <eos>,14,compliquées,compliqués,12,M,S,compliquées,-6.7673464,compliqués,-7.6748724,1
4620,P_NOUN_9_ADJ_b,F,P,les robes avec le raisin qui étaient là depuis hier ne sont pas très vertes <eos>,14,vertes,verts,12,M,S,vertes,-10.109827,verts,-11.255715,1
4621,P_NOUN_9_ADJ_b,F,P,les robes avec le raisin qui étaient là depuis hier ne sont pas très bleues <eos>,14,bleues,bleus,12,M,S,bleues,-11.035435,bleus,-11.393445,1
4622,P_NOUN_9_ADJ_b,F,P,les robes avec le raisin qui étaient là depuis hier ne sont pas très noires <eos>,14,noires,noirs,12,M,S,noires,-9.812802,noirs,-12.337919,1
4623,P_NOUN_9_ADJ_b,F,P,les robes avec le raisin qui étaient là depuis hier ne sont pas très délicates <eos>,14,délicates,délicats,12,M,S,délicates,-7.845395,délicats,-8.685434,1
4624,P_NOUN_9_ADJ_b,F,P,les robes avec le raisin qui étaient là depuis hier ne sont pas très pointues <eos>,14,pointues,pointus,12,M,S,pointues,-9.203238,pointus,-12.256305,1
4625,P_NOUN_9_ADJ_b,F,P,les robes avec le raisin qui étaient là depuis hier ne sont pas très rondes <eos>,14,rondes,ronds,12,M,S,rondes,-11.203886,ronds,-12.628129,1
4626,P_NOUN_9_ADJ_b,F,P,les robes avec le raisin qui étaient là depuis hier ne sont pas très froides <eos>,14,froides,froids,12,M,S,froides,-5.6922703,froids,-10.34217,1
4627,P_NOUN_9_ADJ_b,F,P,les robes avec le raisin qui étaient là depuis hier ne sont pas très chaudes <eos>,14,chaudes,chauds,12,M,S,chaudes,-6.3702087,chauds,-8.026191,1
4628,P_NOUN_9_ADJ_b,F,P,les robes avec le raisin qui étaient là depuis hier ne sont pas très importantes <eos>,14,importantes,importants,12,M,S,importantes,-5.0718164,importants,-8.433503,1
4629,P_NOUN_9_ADJ_b,F,P,les robes avec le raisin qui étaient là depuis hier ne sont pas très courtes <eos>,14,courtes,courts,12,M,S,courtes,-6.5208893,courts,-8.881063,1
4630,P_NOUN_9_ADJ_b,F,P,les robes avec le raisin qui étaient là depuis hier ne sont pas très dures <eos>,14,dures,durs,12,M,S,dures,-5.372593,durs,-7.2729836,1
4631,P_NOUN_9_ADJ_b,F,P,les robes avec le raisin qui étaient là depuis hier ne sont pas très claires <eos>,14,claires,clairs,12,M,S,claires,-3.2413318,clairs,-5.882908,1
4632,P_NOUN_9_ADJ_b,F,P,les robes avec le raisin qui étaient là depuis hier ne sont pas très intéressantes <eos>,14,intéressantes,intéressants,12,M,S,intéressantes,-6.839347,intéressants,-9.548984,1
4633,P_NOUN_9_ADJ_b,F,P,les robes avec le raisin qui étaient là depuis hier ne sont pas très brillantes <eos>,14,brillantes,brillants,12,M,S,brillantes,-6.334671,brillants,-9.082127,1
4634,P_NOUN_9_ADJ_b,F,P,les robes avec le raisin qui étaient là depuis hier ne sont pas très compliquées <eos>,14,compliquées,compliqués,12,M,S,compliquées,-7.9304934,compliqués,-8.5310135,1
4635,P_NOUN_9_ADJ_b,F,P,les robes avec le chargeur qui étaient là depuis hier ne sont pas très vertes <eos>,14,vertes,verts,12,M,S,vertes,-10.609481,verts,-11.785431,1
4636,P_NOUN_9_ADJ_b,F,P,les robes avec le chargeur qui étaient là depuis hier ne sont pas très bleues <eos>,14,bleues,bleus,12,M,S,bleues,-11.038653,bleus,-11.380628,1
4637,P_NOUN_9_ADJ_b,F,P,les robes avec le chargeur qui étaient là depuis hier ne sont pas très noires <eos>,14,noires,noirs,12,M,S,noires,-9.743664,noirs,-12.030144,1
4638,P_NOUN_9_ADJ_b,F,P,les robes avec le chargeur qui étaient là depuis hier ne sont pas très délicates <eos>,14,délicates,délicats,12,M,S,délicates,-8.74325,délicats,-10.1916485,1
4639,P_NOUN_9_ADJ_b,F,P,les robes avec le chargeur qui étaient là depuis hier ne sont pas très pointues <eos>,14,pointues,pointus,12,M,S,pointues,-8.851321,pointus,-11.833494,1
4640,P_NOUN_9_ADJ_b,F,P,les robes avec le chargeur qui étaient là depuis hier ne sont pas très rondes <eos>,14,rondes,ronds,12,M,S,rondes,-11.002123,ronds,-12.935205,1
4641,P_NOUN_9_ADJ_b,F,P,les robes avec le chargeur qui étaient là depuis hier ne sont pas très froides <eos>,14,froides,froids,12,M,S,froides,-5.915928,froids,-11.463687,1
4642,P_NOUN_9_ADJ_b,F,P,les robes avec le chargeur qui étaient là depuis hier ne sont pas très chaudes <eos>,14,chaudes,chauds,12,M,S,chaudes,-7.492482,chauds,-8.676394,1
4643,P_NOUN_9_ADJ_b,F,P,les robes avec le chargeur qui étaient là depuis hier ne sont pas très importantes <eos>,14,importantes,importants,12,M,S,importantes,-5.460973,importants,-8.522717,1
4644,P_NOUN_9_ADJ_b,F,P,les robes avec le chargeur qui étaient là depuis hier ne sont pas très courtes <eos>,14,courtes,courts,12,M,S,courtes,-5.7305946,courts,-8.868749,1
4645,P_NOUN_9_ADJ_b,F,P,les robes avec le chargeur qui étaient là depuis hier ne sont pas très dures <eos>,14,dures,durs,12,M,S,dures,-5.9218106,durs,-7.682924,1
4646,P_NOUN_9_ADJ_b,F,P,les robes avec le chargeur qui étaient là depuis hier ne sont pas très claires <eos>,14,claires,clairs,12,M,S,claires,-3.7855434,clairs,-6.117366,1
4647,P_NOUN_9_ADJ_b,F,P,les robes avec le chargeur qui étaient là depuis hier ne sont pas très intéressantes <eos>,14,intéressantes,intéressants,12,M,S,intéressantes,-7.2894926,intéressants,-9.508471,1
4648,P_NOUN_9_ADJ_b,F,P,les robes avec le chargeur qui étaient là depuis hier ne sont pas très brillantes <eos>,14,brillantes,brillants,12,M,S,brillantes,-6.8108716,brillants,-9.407272,1
4649,P_NOUN_9_ADJ_b,F,P,les robes avec le chargeur qui étaient là depuis hier ne sont pas très compliquées <eos>,14,compliquées,compliqués,12,M,S,compliquées,-7.1312475,compliqués,-7.9570093,1
4650,P_NOUN_9_ADJ_b,F,P,les robes avec le vase qui étaient là depuis hier ne sont pas très vertes <eos>,14,vertes,verts,12,M,S,vertes,-10.629842,verts,-11.261635,1
4651,P_NOUN_9_ADJ_b,F,P,les robes avec le vase qui étaient là depuis hier ne sont pas très bleues <eos>,14,bleues,bleus,12,M,S,bleues,-10.94814,bleus,-11.275458,1
4652,P_NOUN_9_ADJ_b,F,P,les robes avec le vase qui étaient là depuis hier ne sont pas très noires <eos>,14,noires,noirs,12,M,S,noires,-9.935652,noirs,-12.259809,1
4653,P_NOUN_9_ADJ_b,F,P,les robes avec le vase qui étaient là depuis hier ne sont pas très délicates <eos>,14,délicates,délicats,12,M,S,délicates,-7.6947594,délicats,-9.1985655,1
4654,P_NOUN_9_ADJ_b,F,P,les robes avec le vase qui étaient là depuis hier ne sont pas très pointues <eos>,14,pointues,pointus,12,M,S,pointues,-9.304551,pointus,-11.610511,1
4655,P_NOUN_9_ADJ_b,F,P,les robes avec le vase qui étaient là depuis hier ne sont pas très rondes <eos>,14,rondes,ronds,12,M,S,rondes,-11.514927,ronds,-12.635415,1
4656,P_NOUN_9_ADJ_b,F,P,les robes avec le vase qui étaient là depuis hier ne sont pas très froides <eos>,14,froides,froids,12,M,S,froides,-5.9748535,froids,-10.771278,1
4657,P_NOUN_9_ADJ_b,F,P,les robes avec le vase qui étaient là depuis hier ne sont pas très chaudes <eos>,14,chaudes,chauds,12,M,S,chaudes,-6.8752403,chauds,-8.600101,1
4658,P_NOUN_9_ADJ_b,F,P,les robes avec le vase qui étaient là depuis hier ne sont pas très importantes <eos>,14,importantes,importants,12,M,S,importantes,-4.9273415,importants,-7.78026,1
4659,P_NOUN_9_ADJ_b,F,P,les robes avec le vase qui étaient là depuis hier ne sont pas très courtes <eos>,14,courtes,courts,12,M,S,courtes,-6.4680886,courts,-8.995308,1
4660,P_NOUN_9_ADJ_b,F,P,les robes avec le vase qui étaient là depuis hier ne sont pas très dures <eos>,14,dures,durs,12,M,S,dures,-5.680109,durs,-7.7775583,1
4661,P_NOUN_9_ADJ_b,F,P,les robes avec le vase qui étaient là depuis hier ne sont pas très claires <eos>,14,claires,clairs,12,M,S,claires,-3.5722628,clairs,-5.30894,1
4662,P_NOUN_9_ADJ_b,F,P,les robes avec le vase qui étaient là depuis hier ne sont pas très intéressantes <eos>,14,intéressantes,intéressants,12,M,S,intéressantes,-6.8590207,intéressants,-8.922428,1
4663,P_NOUN_9_ADJ_b,F,P,les robes avec le vase qui étaient là depuis hier ne sont pas très brillantes <eos>,14,brillantes,brillants,12,M,S,brillantes,-6.2811217,brillants,-9.074989,1
4664,P_NOUN_9_ADJ_b,F,P,les robes avec le vase qui étaient là depuis hier ne sont pas très compliquées <eos>,14,compliquées,compliqués,12,M,S,compliquées,-7.3833046,compliqués,-7.8353853,1
4665,P_NOUN_9_ADJ_b,F,P,les robes avec le panier qui étaient là depuis hier ne sont pas très vertes <eos>,14,vertes,verts,12,M,S,vertes,-10.708495,verts,-10.900754,1
4666,P_NOUN_9_ADJ_b,F,P,les robes avec le panier qui étaient là depuis hier ne sont pas très bleues <eos>,14,bleues,bleus,12,M,S,bleues,-10.9610615,bleus,-10.822773,0
4667,P_NOUN_9_ADJ_b,F,P,les robes avec le panier qui étaient là depuis hier ne sont pas très noires <eos>,14,noires,noirs,12,M,S,noires,-9.924173,noirs,-11.554022,1
4668,P_NOUN_9_ADJ_b,F,P,les robes avec le panier qui étaient là depuis hier ne sont pas très délicates <eos>,14,délicates,délicats,12,M,S,délicates,-8.249974,délicats,-9.497957,1
4669,P_NOUN_9_ADJ_b,F,P,les robes avec le panier qui étaient là depuis hier ne sont pas très pointues <eos>,14,pointues,pointus,12,M,S,pointues,-9.089542,pointus,-11.474825,1
4670,P_NOUN_9_ADJ_b,F,P,les robes avec le panier qui étaient là depuis hier ne sont pas très rondes <eos>,14,rondes,ronds,12,M,S,rondes,-11.165074,ronds,-12.143232,1
4671,P_NOUN_9_ADJ_b,F,P,les robes avec le panier qui étaient là depuis hier ne sont pas très froides <eos>,14,froides,froids,12,M,S,froides,-6.028407,froids,-10.997251,1
4672,P_NOUN_9_ADJ_b,F,P,les robes avec le panier qui étaient là depuis hier ne sont pas très chaudes <eos>,14,chaudes,chauds,12,M,S,chaudes,-7.315317,chauds,-8.243371,1
4673,P_NOUN_9_ADJ_b,F,P,les robes avec le panier qui étaient là depuis hier ne sont pas très importantes <eos>,14,importantes,importants,12,M,S,importantes,-5.4387465,importants,-7.677865,1
4674,P_NOUN_9_ADJ_b,F,P,les robes avec le panier qui étaient là depuis hier ne sont pas très courtes <eos>,14,courtes,courts,12,M,S,courtes,-6.2844515,courts,-8.176041,1
4675,P_NOUN_9_ADJ_b,F,P,les robes avec le panier qui étaient là depuis hier ne sont pas très dures <eos>,14,dures,durs,12,M,S,dures,-5.9076347,durs,-7.302966,1
4676,P_NOUN_9_ADJ_b,F,P,les robes avec le panier qui étaient là depuis hier ne sont pas très claires <eos>,14,claires,clairs,12,M,S,claires,-3.6647856,clairs,-5.1461763,1
4677,P_NOUN_9_ADJ_b,F,P,les robes avec le panier qui étaient là depuis hier ne sont pas très intéressantes <eos>,14,intéressantes,intéressants,12,M,S,intéressantes,-7.120285,intéressants,-8.749803,1
4678,P_NOUN_9_ADJ_b,F,P,les robes avec le panier qui étaient là depuis hier ne sont pas très brillantes <eos>,14,brillantes,brillants,12,M,S,brillantes,-6.8808146,brillants,-8.738535,1
4679,P_NOUN_9_ADJ_b,F,P,les robes avec le panier qui étaient là depuis hier ne sont pas très compliquées <eos>,14,compliquées,compliqués,12,M,S,compliquées,-7.571206,compliqués,-7.739623,1
4680,P_NOUN_9_ADJ_b,F,P,les robes avec le collier qui étaient là depuis hier ne sont pas très vertes <eos>,14,vertes,verts,12,M,S,vertes,-10.632166,verts,-10.527124,0
4681,P_NOUN_9_ADJ_b,F,P,les robes avec le collier qui étaient là depuis hier ne sont pas très bleues <eos>,14,bleues,bleus,12,M,S,bleues,-10.539375,bleus,-10.526159,0
4682,P_NOUN_9_ADJ_b,F,P,les robes avec le collier qui étaient là depuis hier ne sont pas très noires <eos>,14,noires,noirs,12,M,S,noires,-9.850639,noirs,-11.3004,1
4683,P_NOUN_9_ADJ_b,F,P,les robes avec le collier qui étaient là depuis hier ne sont pas très délicates <eos>,14,délicates,délicats,12,M,S,délicates,-8.289021,délicats,-9.85111,1
4684,P_NOUN_9_ADJ_b,F,P,les robes avec le collier qui étaient là depuis hier ne sont pas très pointues <eos>,14,pointues,pointus,12,M,S,pointues,-8.923214,pointus,-11.08367,1
4685,P_NOUN_9_ADJ_b,F,P,les robes avec le collier qui étaient là depuis hier ne sont pas très rondes <eos>,14,rondes,ronds,12,M,S,rondes,-11.275624,ronds,-12.445386,1
4686,P_NOUN_9_ADJ_b,F,P,les robes avec le collier qui étaient là depuis hier ne sont pas très froides <eos>,14,froides,froids,12,M,S,froides,-6.119308,froids,-10.987108,1
4687,P_NOUN_9_ADJ_b,F,P,les robes avec le collier qui étaient là depuis hier ne sont pas très chaudes <eos>,14,chaudes,chauds,12,M,S,chaudes,-7.493878,chauds,-8.361231,1
4688,P_NOUN_9_ADJ_b,F,P,les robes avec le collier qui étaient là depuis hier ne sont pas très importantes <eos>,14,importantes,importants,12,M,S,importantes,-5.5107064,importants,-7.4778857,1
4689,P_NOUN_9_ADJ_b,F,P,les robes avec le collier qui étaient là depuis hier ne sont pas très courtes <eos>,14,courtes,courts,12,M,S,courtes,-6.290973,courts,-8.165884,1
4690,P_NOUN_9_ADJ_b,F,P,les robes avec le collier qui étaient là depuis hier ne sont pas très dures <eos>,14,dures,durs,12,M,S,dures,-6.013278,durs,-7.362976,1
4691,P_NOUN_9_ADJ_b,F,P,les robes avec le collier qui étaient là depuis hier ne sont pas très claires <eos>,14,claires,clairs,12,M,S,claires,-3.5929658,clairs,-4.624734,1
4692,P_NOUN_9_ADJ_b,F,P,les robes avec le collier qui étaient là depuis hier ne sont pas très intéressantes <eos>,14,intéressantes,intéressants,12,M,S,intéressantes,-7.284336,intéressants,-8.468411,1
4693,P_NOUN_9_ADJ_b,F,P,les robes avec le collier qui étaient là depuis hier ne sont pas très brillantes <eos>,14,brillantes,brillants,12,M,S,brillantes,-6.288904,brillants,-8.368261,1
4694,P_NOUN_9_ADJ_b,F,P,les robes avec le collier qui étaient là depuis hier ne sont pas très compliquées <eos>,14,compliquées,compliqués,12,M,S,compliquées,-7.273738,compliqués,-7.553458,1
4695,P_NOUN_9_ADJ_b,F,P,les robes avec le chapeau qui étaient là depuis hier ne sont pas très vertes <eos>,14,vertes,verts,12,M,S,vertes,-10.288614,verts,-11.030556,1
4696,P_NOUN_9_ADJ_b,F,P,les robes avec le chapeau qui étaient là depuis hier ne sont pas très bleues <eos>,14,bleues,bleus,12,M,S,bleues,-10.120426,bleus,-10.30727,1
4697,P_NOUN_9_ADJ_b,F,P,les robes avec le chapeau qui étaient là depuis hier ne sont pas très noires <eos>,14,noires,noirs,12,M,S,noires,-9.253855,noirs,-11.330116,1
4698,P_NOUN_9_ADJ_b,F,P,les robes avec le chapeau qui étaient là depuis hier ne sont pas très délicates <eos>,14,délicates,délicats,12,M,S,délicates,-8.10368,délicats,-9.976336,1
4699,P_NOUN_9_ADJ_b,F,P,les robes avec le chapeau qui étaient là depuis hier ne sont pas très pointues <eos>,14,pointues,pointus,12,M,S,pointues,-8.660059,pointus,-11.6166,1
4700,P_NOUN_9_ADJ_b,F,P,les robes avec le chapeau qui étaient là depuis hier ne sont pas très rondes <eos>,14,rondes,ronds,12,M,S,rondes,-11.052605,ronds,-12.51308,1
4701,P_NOUN_9_ADJ_b,F,P,les robes avec le chapeau qui étaient là depuis hier ne sont pas très froides <eos>,14,froides,froids,12,M,S,froides,-5.9257755,froids,-11.163259,1
4702,P_NOUN_9_ADJ_b,F,P,les robes avec le chapeau qui étaient là depuis hier ne sont pas très chaudes <eos>,14,chaudes,chauds,12,M,S,chaudes,-7.1159763,chauds,-8.386709,1
4703,P_NOUN_9_ADJ_b,F,P,les robes avec le chapeau qui étaient là depuis hier ne sont pas très importantes <eos>,14,importantes,importants,12,M,S,importantes,-5.436614,importants,-8.460567,1
4704,P_NOUN_9_ADJ_b,F,P,les robes avec le chapeau qui étaient là depuis hier ne sont pas très courtes <eos>,14,courtes,courts,12,M,S,courtes,-5.829148,courts,-8.603174,1
4705,P_NOUN_9_ADJ_b,F,P,les robes avec le chapeau qui étaient là depuis hier ne sont pas très dures <eos>,14,dures,durs,12,M,S,dures,-6.028064,durs,-7.741173,1
4706,P_NOUN_9_ADJ_b,F,P,les robes avec le chapeau qui étaient là depuis hier ne sont pas très claires <eos>,14,claires,clairs,12,M,S,claires,-3.274882,clairs,-5.1291914,1
4707,P_NOUN_9_ADJ_b,F,P,les robes avec le chapeau qui étaient là depuis hier ne sont pas très intéressantes <eos>,14,intéressantes,intéressants,12,M,S,intéressantes,-7.3250847,intéressants,-9.573853,1
4708,P_NOUN_9_ADJ_b,F,P,les robes avec le chapeau qui étaient là depuis hier ne sont pas très brillantes <eos>,14,brillantes,brillants,12,M,S,brillantes,-6.341666,brillants,-9.184957,1
4709,P_NOUN_9_ADJ_b,F,P,les robes avec le chapeau qui étaient là depuis hier ne sont pas très compliquées <eos>,14,compliquées,compliqués,12,M,S,compliquées,-7.57631,compliqués,-8.392903,1
4710,P_NOUN_9_ADJ_b,F,P,les robes avec le pot qui étaient là depuis hier ne sont pas très vertes <eos>,14,vertes,verts,12,M,S,vertes,-10.348985,verts,-10.735567,1
4711,P_NOUN_9_ADJ_b,F,P,les robes avec le pot qui étaient là depuis hier ne sont pas très bleues <eos>,14,bleues,bleus,12,M,S,bleues,-10.588124,bleus,-10.535447,0
4712,P_NOUN_9_ADJ_b,F,P,les robes avec le pot qui étaient là depuis hier ne sont pas très noires <eos>,14,noires,noirs,12,M,S,noires,-9.705414,noirs,-11.555027,1
4713,P_NOUN_9_ADJ_b,F,P,les robes avec le pot qui étaient là depuis hier ne sont pas très délicates <eos>,14,délicates,délicats,12,M,S,délicates,-7.9645824,délicats,-9.441525,1
4714,P_NOUN_9_ADJ_b,F,P,les robes avec le pot qui étaient là depuis hier ne sont pas très pointues <eos>,14,pointues,pointus,12,M,S,pointues,-9.239275,pointus,-11.758641,1
4715,P_NOUN_9_ADJ_b,F,P,les robes avec le pot qui étaient là depuis hier ne sont pas très rondes <eos>,14,rondes,ronds,12,M,S,rondes,-11.47603,ronds,-12.489385,1
4716,P_NOUN_9_ADJ_b,F,P,les robes avec le pot qui étaient là depuis hier ne sont pas très froides <eos>,14,froides,froids,12,M,S,froides,-5.754281,froids,-10.496494,1
4717,P_NOUN_9_ADJ_b,F,P,les robes avec le pot qui étaient là depuis hier ne sont pas très chaudes <eos>,14,chaudes,chauds,12,M,S,chaudes,-6.7792487,chauds,-8.012512,1
4718,P_NOUN_9_ADJ_b,F,P,les robes avec le pot qui étaient là depuis hier ne sont pas très importantes <eos>,14,importantes,importants,12,M,S,importantes,-5.1578293,importants,-7.899721,1
4719,P_NOUN_9_ADJ_b,F,P,les robes avec le pot qui étaient là depuis hier ne sont pas très courtes <eos>,14,courtes,courts,12,M,S,courtes,-6.4774313,courts,-8.500951,1
4720,P_NOUN_9_ADJ_b,F,P,les robes avec le pot qui étaient là depuis hier ne sont pas très dures <eos>,14,dures,durs,12,M,S,dures,-5.828376,durs,-7.4503527,1
4721,P_NOUN_9_ADJ_b,F,P,les robes avec le pot qui étaient là depuis hier ne sont pas très claires <eos>,14,claires,clairs,12,M,S,claires,-3.3177989,clairs,-5.036401,1
4722,P_NOUN_9_ADJ_b,F,P,les robes avec le pot qui étaient là depuis hier ne sont pas très intéressantes <eos>,14,intéressantes,intéressants,12,M,S,intéressantes,-6.9421215,intéressants,-9.014918,1
4723,P_NOUN_9_ADJ_b,F,P,les robes avec le pot qui étaient là depuis hier ne sont pas très brillantes <eos>,14,brillantes,brillants,12,M,S,brillantes,-6.420911,brillants,-8.794592,1
4724,P_NOUN_9_ADJ_b,F,P,les robes avec le pot qui étaient là depuis hier ne sont pas très compliquées <eos>,14,compliquées,compliqués,12,M,S,compliquées,-7.713928,compliqués,-8.077606,1
4725,P_NOUN_9_ADJ_b,F,P,les robes avec le coussin qui étaient là depuis hier ne sont pas très vertes <eos>,14,vertes,verts,12,M,S,vertes,-10.507763,verts,-11.420004,1
4726,P_NOUN_9_ADJ_b,F,P,les robes avec le coussin qui étaient là depuis hier ne sont pas très bleues <eos>,14,bleues,bleus,12,M,S,bleues,-10.5131855,bleus,-10.676223,1
4727,P_NOUN_9_ADJ_b,F,P,les robes avec le coussin qui étaient là depuis hier ne sont pas très noires <eos>,14,noires,noirs,12,M,S,noires,-9.606304,noirs,-11.573605,1
4728,P_NOUN_9_ADJ_b,F,P,les robes avec le coussin qui étaient là depuis hier ne sont pas très délicates <eos>,14,délicates,délicats,12,M,S,délicates,-8.671104,délicats,-9.964406,1
4729,P_NOUN_9_ADJ_b,F,P,les robes avec le coussin qui étaient là depuis hier ne sont pas très pointues <eos>,14,pointues,pointus,12,M,S,pointues,-8.732075,pointus,-11.551325,1
4730,P_NOUN_9_ADJ_b,F,P,les robes avec le coussin qui étaient là depuis hier ne sont pas très rondes <eos>,14,rondes,ronds,12,M,S,rondes,-10.894583,ronds,-12.496391,1
4731,P_NOUN_9_ADJ_b,F,P,les robes avec le coussin qui étaient là depuis hier ne sont pas très froides <eos>,14,froides,froids,12,M,S,froides,-6.101585,froids,-11.2802105,1
4732,P_NOUN_9_ADJ_b,F,P,les robes avec le coussin qui étaient là depuis hier ne sont pas très chaudes <eos>,14,chaudes,chauds,12,M,S,chaudes,-7.5901814,chauds,-8.644139,1
4733,P_NOUN_9_ADJ_b,F,P,les robes avec le coussin qui étaient là depuis hier ne sont pas très importantes <eos>,14,importantes,importants,12,M,S,importantes,-5.6020856,importants,-8.238066,1
4734,P_NOUN_9_ADJ_b,F,P,les robes avec le coussin qui étaient là depuis hier ne sont pas très courtes <eos>,14,courtes,courts,12,M,S,courtes,-5.5233316,courts,-8.060523,1
4735,P_NOUN_9_ADJ_b,F,P,les robes avec le coussin qui étaient là depuis hier ne sont pas très dures <eos>,14,dures,durs,12,M,S,dures,-5.917452,durs,-7.5262375,1
4736,P_NOUN_9_ADJ_b,F,P,les robes avec le coussin qui étaient là depuis hier ne sont pas très claires <eos>,14,claires,clairs,12,M,S,claires,-3.606816,clairs,-5.4021063,1
4737,P_NOUN_9_ADJ_b,F,P,les robes avec le coussin qui étaient là depuis hier ne sont pas très intéressantes <eos>,14,intéressantes,intéressants,12,M,S,intéressantes,-7.5139284,intéressants,-9.4415865,1
4738,P_NOUN_9_ADJ_b,F,P,les robes avec le coussin qui étaient là depuis hier ne sont pas très brillantes <eos>,14,brillantes,brillants,12,M,S,brillantes,-6.810112,brillants,-9.359768,1
4739,P_NOUN_9_ADJ_b,F,P,les robes avec le coussin qui étaient là depuis hier ne sont pas très compliquées <eos>,14,compliquées,compliqués,12,M,S,compliquées,-7.1814547,compliqués,-7.9718,1
4740,P_NOUN_9_ADJ_b,F,P,les robes avec le jouet qui étaient là depuis hier ne sont pas très vertes <eos>,14,vertes,verts,12,M,S,vertes,-10.462218,verts,-10.946267,1
4741,P_NOUN_9_ADJ_b,F,P,les robes avec le jouet qui étaient là depuis hier ne sont pas très bleues <eos>,14,bleues,bleus,12,M,S,bleues,-10.5477295,bleus,-10.840187,1
4742,P_NOUN_9_ADJ_b,F,P,les robes avec le jouet qui étaient là depuis hier ne sont pas très noires <eos>,14,noires,noirs,12,M,S,noires,-9.832322,noirs,-11.78484,1
4743,P_NOUN_9_ADJ_b,F,P,les robes avec le jouet qui étaient là depuis hier ne sont pas très délicates <eos>,14,délicates,délicats,12,M,S,délicates,-8.27972,délicats,-9.728073,1
4744,P_NOUN_9_ADJ_b,F,P,les robes avec le jouet qui étaient là depuis hier ne sont pas très pointues <eos>,14,pointues,pointus,12,M,S,pointues,-8.897255,pointus,-11.6011715,1
4745,P_NOUN_9_ADJ_b,F,P,les robes avec le jouet qui étaient là depuis hier ne sont pas très rondes <eos>,14,rondes,ronds,12,M,S,rondes,-11.071852,ronds,-12.628165,1
4746,P_NOUN_9_ADJ_b,F,P,les robes avec le jouet qui étaient là depuis hier ne sont pas très froides <eos>,14,froides,froids,12,M,S,froides,-5.9949265,froids,-11.105584,1
4747,P_NOUN_9_ADJ_b,F,P,les robes avec le jouet qui étaient là depuis hier ne sont pas très chaudes <eos>,14,chaudes,chauds,12,M,S,chaudes,-7.3765993,chauds,-8.692021,1
4748,P_NOUN_9_ADJ_b,F,P,les robes avec le jouet qui étaient là depuis hier ne sont pas très importantes <eos>,14,importantes,importants,12,M,S,importantes,-5.661504,importants,-8.33526,1
4749,P_NOUN_9_ADJ_b,F,P,les robes avec le jouet qui étaient là depuis hier ne sont pas très courtes <eos>,14,courtes,courts,12,M,S,courtes,-5.932151,courts,-8.5343075,1
4750,P_NOUN_9_ADJ_b,F,P,les robes avec le jouet qui étaient là depuis hier ne sont pas très dures <eos>,14,dures,durs,12,M,S,dures,-6.068816,durs,-7.5631895,1
4751,P_NOUN_9_ADJ_b,F,P,les robes avec le jouet qui étaient là depuis hier ne sont pas très claires <eos>,14,claires,clairs,12,M,S,claires,-3.4162166,clairs,-5.417341,1
4752,P_NOUN_9_ADJ_b,F,P,les robes avec le jouet qui étaient là depuis hier ne sont pas très intéressantes <eos>,14,intéressantes,intéressants,12,M,S,intéressantes,-7.248964,intéressants,-9.091579,1
4753,P_NOUN_9_ADJ_b,F,P,les robes avec le jouet qui étaient là depuis hier ne sont pas très brillantes <eos>,14,brillantes,brillants,12,M,S,brillantes,-6.4288464,brillants,-9.208224,1
4754,P_NOUN_9_ADJ_b,F,P,les robes avec le jouet qui étaient là depuis hier ne sont pas très compliquées <eos>,14,compliquées,compliqués,12,M,S,compliquées,-7.2625203,compliqués,-7.962275,1
4755,P_NOUN_9_ADJ_b,F,P,les robes avec le clou qui étaient là depuis hier ne sont pas très vertes <eos>,14,vertes,verts,12,M,S,vertes,-10.179659,verts,-11.164106,1
4756,P_NOUN_9_ADJ_b,F,P,les robes avec le clou qui étaient là depuis hier ne sont pas très bleues <eos>,14,bleues,bleus,12,M,S,bleues,-10.16182,bleus,-10.532085,1
4757,P_NOUN_9_ADJ_b,F,P,les robes avec le clou qui étaient là depuis hier ne sont pas très noires <eos>,14,noires,noirs,12,M,S,noires,-9.515392,noirs,-11.8047085,1
4758,P_NOUN_9_ADJ_b,F,P,les robes avec le clou qui étaient là depuis hier ne sont pas très délicates <eos>,14,délicates,délicats,12,M,S,délicates,-8.00307,délicats,-9.869169,1
4759,P_NOUN_9_ADJ_b,F,P,les robes avec le clou qui étaient là depuis hier ne sont pas très pointues <eos>,14,pointues,pointus,12,M,S,pointues,-8.931237,pointus,-11.425899,1
4760,P_NOUN_9_ADJ_b,F,P,les robes avec le clou qui étaient là depuis hier ne sont pas très rondes <eos>,14,rondes,ronds,12,M,S,rondes,-10.886057,ronds,-12.336197,1
4761,P_NOUN_9_ADJ_b,F,P,les robes avec le clou qui étaient là depuis hier ne sont pas très froides <eos>,14,froides,froids,12,M,S,froides,-6.206129,froids,-11.552981,1
4762,P_NOUN_9_ADJ_b,F,P,les robes avec le clou qui étaient là depuis hier ne sont pas très chaudes <eos>,14,chaudes,chauds,12,M,S,chaudes,-7.47087,chauds,-8.911836,1
4763,P_NOUN_9_ADJ_b,F,P,les robes avec le clou qui étaient là depuis hier ne sont pas très importantes <eos>,14,importantes,importants,12,M,S,importantes,-5.3496284,importants,-8.351119,1
4764,P_NOUN_9_ADJ_b,F,P,les robes avec le clou qui étaient là depuis hier ne sont pas très courtes <eos>,14,courtes,courts,12,M,S,courtes,-5.732728,courts,-8.615484,1
4765,P_NOUN_9_ADJ_b,F,P,les robes avec le clou qui étaient là depuis hier ne sont pas très dures <eos>,14,dures,durs,12,M,S,dures,-6.2387447,durs,-7.9908237,1
4766,P_NOUN_9_ADJ_b,F,P,les robes avec le clou qui étaient là depuis hier ne sont pas très claires <eos>,14,claires,clairs,12,M,S,claires,-3.7292721,clairs,-5.436557,1
4767,P_NOUN_9_ADJ_b,F,P,les robes avec le clou qui étaient là depuis hier ne sont pas très intéressantes <eos>,14,intéressantes,intéressants,12,M,S,intéressantes,-7.196714,intéressants,-9.325722,1
4768,P_NOUN_9_ADJ_b,F,P,les robes avec le clou qui étaient là depuis hier ne sont pas très brillantes <eos>,14,brillantes,brillants,12,M,S,brillantes,-6.4933453,brillants,-9.287574,1
4769,P_NOUN_9_ADJ_b,F,P,les robes avec le clou qui étaient là depuis hier ne sont pas très compliquées <eos>,14,compliquées,compliqués,12,M,S,compliquées,-7.2899704,compliqués,-7.9645405,1
4770,P_NOUN_9_ADJ_b,F,P,les robes avec le billet qui étaient là depuis hier ne sont pas très vertes <eos>,14,vertes,verts,12,M,S,vertes,-10.825853,verts,-11.413263,1
4771,P_NOUN_9_ADJ_b,F,P,les robes avec le billet qui étaient là depuis hier ne sont pas très bleues <eos>,14,bleues,bleus,12,M,S,bleues,-10.938361,bleus,-10.923824,0
4772,P_NOUN_9_ADJ_b,F,P,les robes avec le billet qui étaient là depuis hier ne sont pas très noires <eos>,14,noires,noirs,12,M,S,noires,-10.388088,noirs,-11.864527,1
4773,P_NOUN_9_ADJ_b,F,P,les robes avec le billet qui étaient là depuis hier ne sont pas très délicates <eos>,14,délicates,délicats,12,M,S,délicates,-8.264244,délicats,-10.241222,1
4774,P_NOUN_9_ADJ_b,F,P,les robes avec le billet qui étaient là depuis hier ne sont pas très pointues <eos>,14,pointues,pointus,12,M,S,pointues,-9.283377,pointus,-11.886235,1
4775,P_NOUN_9_ADJ_b,F,P,les robes avec le billet qui étaient là depuis hier ne sont pas très rondes <eos>,14,rondes,ronds,12,M,S,rondes,-11.705957,ronds,-13.038936,1
4776,P_NOUN_9_ADJ_b,F,P,les robes avec le billet qui étaient là depuis hier ne sont pas très froides <eos>,14,froides,froids,12,M,S,froides,-6.2635374,froids,-11.601856,1
4777,P_NOUN_9_ADJ_b,F,P,les robes avec le billet qui étaient là depuis hier ne sont pas très chaudes <eos>,14,chaudes,chauds,12,M,S,chaudes,-7.921775,chauds,-8.8953085,1
4778,P_NOUN_9_ADJ_b,F,P,les robes avec le billet qui étaient là depuis hier ne sont pas très importantes <eos>,14,importantes,importants,12,M,S,importantes,-5.061838,importants,-7.8006916,1
4779,P_NOUN_9_ADJ_b,F,P,les robes avec le billet qui étaient là depuis hier ne sont pas très courtes <eos>,14,courtes,courts,12,M,S,courtes,-5.8764343,courts,-8.327056,1
4780,P_NOUN_9_ADJ_b,F,P,les robes avec le billet qui étaient là depuis hier ne sont pas très dures <eos>,14,dures,durs,12,M,S,dures,-5.9228463,durs,-7.951263,1
4781,P_NOUN_9_ADJ_b,F,P,les robes avec le billet qui étaient là depuis hier ne sont pas très claires <eos>,14,claires,clairs,12,M,S,claires,-4.1756287,clairs,-5.5788584,1
4782,P_NOUN_9_ADJ_b,F,P,les robes avec le billet qui étaient là depuis hier ne sont pas très intéressantes <eos>,14,intéressantes,intéressants,12,M,S,intéressantes,-6.914528,intéressants,-8.786443,1
4783,P_NOUN_9_ADJ_b,F,P,les robes avec le billet qui étaient là depuis hier ne sont pas très brillantes <eos>,14,brillantes,brillants,12,M,S,brillantes,-6.8826294,brillants,-8.912639,1
4784,P_NOUN_9_ADJ_b,F,P,les robes avec le billet qui étaient là depuis hier ne sont pas très compliquées <eos>,14,compliquées,compliqués,12,M,S,compliquées,-7.4205627,compliqués,-8.178814,1
4785,P_NOUN_9_ADJ_b,F,P,les robes avec le légume qui étaient là depuis hier ne sont pas très vertes <eos>,14,vertes,verts,12,M,S,vertes,-10.220332,verts,-11.037272,1
4786,P_NOUN_9_ADJ_b,F,P,les robes avec le légume qui étaient là depuis hier ne sont pas très bleues <eos>,14,bleues,bleus,12,M,S,bleues,-11.058316,bleus,-11.156882,1
4787,P_NOUN_9_ADJ_b,F,P,les robes avec le légume qui étaient là depuis hier ne sont pas très noires <eos>,14,noires,noirs,12,M,S,noires,-9.8728695,noirs,-11.7164,1
4788,P_NOUN_9_ADJ_b,F,P,les robes avec le légume qui étaient là depuis hier ne sont pas très délicates <eos>,14,délicates,délicats,12,M,S,délicates,-7.6488976,délicats,-9.280302,1
4789,P_NOUN_9_ADJ_b,F,P,les robes avec le légume qui étaient là depuis hier ne sont pas très pointues <eos>,14,pointues,pointus,12,M,S,pointues,-9.491648,pointus,-12.533731,1
4790,P_NOUN_9_ADJ_b,F,P,les robes avec le légume qui étaient là depuis hier ne sont pas très rondes <eos>,14,rondes,ronds,12,M,S,rondes,-11.325726,ronds,-12.517451,1
4791,P_NOUN_9_ADJ_b,F,P,les robes avec le légume qui étaient là depuis hier ne sont pas très froides <eos>,14,froides,froids,12,M,S,froides,-5.3400083,froids,-9.946455,1
4792,P_NOUN_9_ADJ_b,F,P,les robes avec le légume qui étaient là depuis hier ne sont pas très chaudes <eos>,14,chaudes,chauds,12,M,S,chaudes,-5.9877405,chauds,-8.009892,1
4793,P_NOUN_9_ADJ_b,F,P,les robes avec le légume qui étaient là depuis hier ne sont pas très importantes <eos>,14,importantes,importants,12,M,S,importantes,-4.895973,importants,-8.193303,1
4794,P_NOUN_9_ADJ_b,F,P,les robes avec le légume qui étaient là depuis hier ne sont pas très courtes <eos>,14,courtes,courts,12,M,S,courtes,-6.953808,courts,-9.416299,1
4795,P_NOUN_9_ADJ_b,F,P,les robes avec le légume qui étaient là depuis hier ne sont pas très dures <eos>,14,dures,durs,12,M,S,dures,-5.4950895,durs,-7.7403364,1
4796,P_NOUN_9_ADJ_b,F,P,les robes avec le légume qui étaient là depuis hier ne sont pas très claires <eos>,14,claires,clairs,12,M,S,claires,-3.1372244,clairs,-5.8909245,1
4797,P_NOUN_9_ADJ_b,F,P,les robes avec le légume qui étaient là depuis hier ne sont pas très intéressantes <eos>,14,intéressantes,intéressants,12,M,S,intéressantes,-6.883852,intéressants,-9.590721,1
4798,P_NOUN_9_ADJ_b,F,P,les robes avec le légume qui étaient là depuis hier ne sont pas très brillantes <eos>,14,brillantes,brillants,12,M,S,brillantes,-6.10651,brillants,-9.155723,1
4799,P_NOUN_9_ADJ_b,F,P,les robes avec le légume qui étaient là depuis hier ne sont pas très compliquées <eos>,14,compliquées,compliqués,12,M,S,compliquées,-8.090209,compliqués,-8.95336,1
4800,P_NOUN_9_ADJ_b,F,P,les valises avec le bracelet qui étaient là depuis hier ne sont pas très vertes <eos>,14,vertes,verts,12,M,S,vertes,-10.168245,verts,-9.942071,0
4801,P_NOUN_9_ADJ_b,F,P,les valises avec le bracelet qui étaient là depuis hier ne sont pas très bleues <eos>,14,bleues,bleus,12,M,S,bleues,-11.607799,bleus,-11.507207,0
4802,P_NOUN_9_ADJ_b,F,P,les valises avec le bracelet qui étaient là depuis hier ne sont pas très noires <eos>,14,noires,noirs,12,M,S,noires,-9.9597845,noirs,-12.21284,1
4803,P_NOUN_9_ADJ_b,F,P,les valises avec le bracelet qui étaient là depuis hier ne sont pas très délicates <eos>,14,délicates,délicats,12,M,S,délicates,-7.777946,délicats,-9.850969,1
4804,P_NOUN_9_ADJ_b,F,P,les valises avec le bracelet qui étaient là depuis hier ne sont pas très pointues <eos>,14,pointues,pointus,12,M,S,pointues,-8.663536,pointus,-11.106828,1
4805,P_NOUN_9_ADJ_b,F,P,les valises avec le bracelet qui étaient là depuis hier ne sont pas très rondes <eos>,14,rondes,ronds,12,M,S,rondes,-10.706657,ronds,-13.521413,1
4806,P_NOUN_9_ADJ_b,F,P,les valises avec le bracelet qui étaient là depuis hier ne sont pas très froides <eos>,14,froides,froids,12,M,S,froides,-5.6936235,froids,-10.992929,1
4807,P_NOUN_9_ADJ_b,F,P,les valises avec le bracelet qui étaient là depuis hier ne sont pas très chaudes <eos>,14,chaudes,chauds,12,M,S,chaudes,-6.7739577,chauds,-8.067507,1
4808,P_NOUN_9_ADJ_b,F,P,les valises avec le bracelet qui étaient là depuis hier ne sont pas très importantes <eos>,14,importantes,importants,12,M,S,importantes,-5.277398,importants,-7.8331757,1
4809,P_NOUN_9_ADJ_b,F,P,les valises avec le bracelet qui étaient là depuis hier ne sont pas très courtes <eos>,14,courtes,courts,12,M,S,courtes,-7.1761217,courts,-8.358233,1
4810,P_NOUN_9_ADJ_b,F,P,les valises avec le bracelet qui étaient là depuis hier ne sont pas très dures <eos>,14,dures,durs,12,M,S,dures,-5.9934664,durs,-7.056508,1
4811,P_NOUN_9_ADJ_b,F,P,les valises avec le bracelet qui étaient là depuis hier ne sont pas très claires <eos>,14,claires,clairs,12,M,S,claires,-4.8285418,clairs,-7.288766,1
4812,P_NOUN_9_ADJ_b,F,P,les valises avec le bracelet qui étaient là depuis hier ne sont pas très intéressantes <eos>,14,intéressantes,intéressants,12,M,S,intéressantes,-6.358696,intéressants,-7.716587,1
4813,P_NOUN_9_ADJ_b,F,P,les valises avec le bracelet qui étaient là depuis hier ne sont pas très brillantes <eos>,14,brillantes,brillants,12,M,S,brillantes,-8.046154,brillants,-8.743202,1
4814,P_NOUN_9_ADJ_b,F,P,les valises avec le bracelet qui étaient là depuis hier ne sont pas très compliquées <eos>,14,compliquées,compliqués,12,M,S,compliquées,-7.1290617,compliqués,-7.493247,1
4815,P_NOUN_9_ADJ_b,F,P,les valises avec le miroir qui étaient là depuis hier ne sont pas très vertes <eos>,14,vertes,verts,12,M,S,vertes,-9.773982,verts,-10.680173,1
4816,P_NOUN_9_ADJ_b,F,P,les valises avec le miroir qui étaient là depuis hier ne sont pas très bleues <eos>,14,bleues,bleus,12,M,S,bleues,-11.287376,bleus,-11.6747875,1
4817,P_NOUN_9_ADJ_b,F,P,les valises avec le miroir qui étaient là depuis hier ne sont pas très noires <eos>,14,noires,noirs,12,M,S,noires,-9.769087,noirs,-12.278807,1
4818,P_NOUN_9_ADJ_b,F,P,les valises avec le miroir qui étaient là depuis hier ne sont pas très délicates <eos>,14,délicates,délicats,12,M,S,délicates,-7.7503405,délicats,-9.506095,1
4819,P_NOUN_9_ADJ_b,F,P,les valises avec le miroir qui étaient là depuis hier ne sont pas très pointues <eos>,14,pointues,pointus,12,M,S,pointues,-8.400461,pointus,-10.95727,1
4820,P_NOUN_9_ADJ_b,F,P,les valises avec le miroir qui étaient là depuis hier ne sont pas très rondes <eos>,14,rondes,ronds,12,M,S,rondes,-10.146191,ronds,-13.00788,1
4821,P_NOUN_9_ADJ_b,F,P,les valises avec le miroir qui étaient là depuis hier ne sont pas très froides <eos>,14,froides,froids,12,M,S,froides,-5.9290614,froids,-10.698191,1
4822,P_NOUN_9_ADJ_b,F,P,les valises avec le miroir qui étaient là depuis hier ne sont pas très chaudes <eos>,14,chaudes,chauds,12,M,S,chaudes,-6.6329107,chauds,-8.505884,1
4823,P_NOUN_9_ADJ_b,F,P,les valises avec le miroir qui étaient là depuis hier ne sont pas très importantes <eos>,14,importantes,importants,12,M,S,importantes,-5.331213,importants,-8.303187,1
4824,P_NOUN_9_ADJ_b,F,P,les valises avec le miroir qui étaient là depuis hier ne sont pas très courtes <eos>,14,courtes,courts,12,M,S,courtes,-6.178998,courts,-8.207957,1
4825,P_NOUN_9_ADJ_b,F,P,les valises avec le miroir qui étaient là depuis hier ne sont pas très dures <eos>,14,dures,durs,12,M,S,dures,-6.699136,durs,-7.581027,1
4826,P_NOUN_9_ADJ_b,F,P,les valises avec le miroir qui étaient là depuis hier ne sont pas très claires <eos>,14,claires,clairs,12,M,S,claires,-4.6293774,clairs,-7.5311604,1
4827,P_NOUN_9_ADJ_b,F,P,les valises avec le miroir qui étaient là depuis hier ne sont pas très intéressantes <eos>,14,intéressantes,intéressants,12,M,S,intéressantes,-6.504182,intéressants,-8.162426,1
4828,P_NOUN_9_ADJ_b,F,P,les valises avec le miroir qui étaient là depuis hier ne sont pas très brillantes <eos>,14,brillantes,brillants,12,M,S,brillantes,-7.2378798,brillants,-9.454878,1
4829,P_NOUN_9_ADJ_b,F,P,les valises avec le miroir qui étaient là depuis hier ne sont pas très compliquées <eos>,14,compliquées,compliqués,12,M,S,compliquées,-6.583995,compliqués,-7.333089,1
4830,P_NOUN_9_ADJ_b,F,P,les valises avec le crayon qui étaient là depuis hier ne sont pas très vertes <eos>,14,vertes,verts,12,M,S,vertes,-9.309437,verts,-10.6278105,1
4831,P_NOUN_9_ADJ_b,F,P,les valises avec le crayon qui étaient là depuis hier ne sont pas très bleues <eos>,14,bleues,bleus,12,M,S,bleues,-11.277247,bleus,-11.698001,1
4832,P_NOUN_9_ADJ_b,F,P,les valises avec le crayon qui étaient là depuis hier ne sont pas très noires <eos>,14,noires,noirs,12,M,S,noires,-9.672054,noirs,-12.231097,1
4833,P_NOUN_9_ADJ_b,F,P,les valises avec le crayon qui étaient là depuis hier ne sont pas très délicates <eos>,14,délicates,délicats,12,M,S,délicates,-7.8248467,délicats,-9.216354,1
4834,P_NOUN_9_ADJ_b,F,P,les valises avec le crayon qui étaient là depuis hier ne sont pas très pointues <eos>,14,pointues,pointus,12,M,S,pointues,-9.281488,pointus,-11.323164,1
4835,P_NOUN_9_ADJ_b,F,P,les valises avec le crayon qui étaient là depuis hier ne sont pas très rondes <eos>,14,rondes,ronds,12,M,S,rondes,-10.817411,ronds,-12.564212,1
4836,P_NOUN_9_ADJ_b,F,P,les valises avec le crayon qui étaient là depuis hier ne sont pas très froides <eos>,14,froides,froids,12,M,S,froides,-6.086384,froids,-10.850127,1
4837,P_NOUN_9_ADJ_b,F,P,les valises avec le crayon qui étaient là depuis hier ne sont pas très chaudes <eos>,14,chaudes,chauds,12,M,S,chaudes,-6.6362267,chauds,-8.52615,1
4838,P_NOUN_9_ADJ_b,F,P,les valises avec le crayon qui étaient là depuis hier ne sont pas très importantes <eos>,14,importantes,importants,12,M,S,importantes,-5.38117,importants,-8.437696,1
4839,P_NOUN_9_ADJ_b,F,P,les valises avec le crayon qui étaient là depuis hier ne sont pas très courtes <eos>,14,courtes,courts,12,M,S,courtes,-6.6965914,courts,-8.41352,1
4840,P_NOUN_9_ADJ_b,F,P,les valises avec le crayon qui étaient là depuis hier ne sont pas très dures <eos>,14,dures,durs,12,M,S,dures,-6.463213,durs,-7.2819185,1
4841,P_NOUN_9_ADJ_b,F,P,les valises avec le crayon qui étaient là depuis hier ne sont pas très claires <eos>,14,claires,clairs,12,M,S,claires,-4.5091996,clairs,-7.0983157,1
4842,P_NOUN_9_ADJ_b,F,P,les valises avec le crayon qui étaient là depuis hier ne sont pas très intéressantes <eos>,14,intéressantes,intéressants,12,M,S,intéressantes,-6.3794503,intéressants,-8.265942,1
4843,P_NOUN_9_ADJ_b,F,P,les valises avec le crayon qui étaient là depuis hier ne sont pas très brillantes <eos>,14,brillantes,brillants,12,M,S,brillantes,-7.5554132,brillants,-9.186104,1
4844,P_NOUN_9_ADJ_b,F,P,les valises avec le crayon qui étaient là depuis hier ne sont pas très compliquées <eos>,14,compliquées,compliqués,12,M,S,compliquées,-7.5603046,compliqués,-7.4275293,0
4845,P_NOUN_9_ADJ_b,F,P,les valises avec le rideau qui étaient là depuis hier ne sont pas très vertes <eos>,14,vertes,verts,12,M,S,vertes,-10.071837,verts,-10.689483,1
4846,P_NOUN_9_ADJ_b,F,P,les valises avec le rideau qui étaient là depuis hier ne sont pas très bleues <eos>,14,bleues,bleus,12,M,S,bleues,-10.907631,bleus,-11.253645,1
4847,P_NOUN_9_ADJ_b,F,P,les valises avec le rideau qui étaient là depuis hier ne sont pas très noires <eos>,14,noires,noirs,12,M,S,noires,-9.477099,noirs,-12.112926,1
4848,P_NOUN_9_ADJ_b,F,P,les valises avec le rideau qui étaient là depuis hier ne sont pas très délicates <eos>,14,délicates,délicats,12,M,S,délicates,-7.7803683,délicats,-9.684916,1
4849,P_NOUN_9_ADJ_b,F,P,les valises avec le rideau qui étaient là depuis hier ne sont pas très pointues <eos>,14,pointues,pointus,12,M,S,pointues,-8.743007,pointus,-11.551407,1
4850,P_NOUN_9_ADJ_b,F,P,les valises avec le rideau qui étaient là depuis hier ne sont pas très rondes <eos>,14,rondes,ronds,12,M,S,rondes,-9.990215,ronds,-12.669867,1
4851,P_NOUN_9_ADJ_b,F,P,les valises avec le rideau qui étaient là depuis hier ne sont pas très froides <eos>,14,froides,froids,12,M,S,froides,-6.074314,froids,-10.601993,1
4852,P_NOUN_9_ADJ_b,F,P,les valises avec le rideau qui étaient là depuis hier ne sont pas très chaudes <eos>,14,chaudes,chauds,12,M,S,chaudes,-6.9571056,chauds,-8.742694,1
4853,P_NOUN_9_ADJ_b,F,P,les valises avec le rideau qui étaient là depuis hier ne sont pas très importantes <eos>,14,importantes,importants,12,M,S,importantes,-4.934568,importants,-8.056604,1
4854,P_NOUN_9_ADJ_b,F,P,les valises avec le rideau qui étaient là depuis hier ne sont pas très courtes <eos>,14,courtes,courts,12,M,S,courtes,-6.4455347,courts,-8.192239,1
4855,P_NOUN_9_ADJ_b,F,P,les valises avec le rideau qui étaient là depuis hier ne sont pas très dures <eos>,14,dures,durs,12,M,S,dures,-5.975978,durs,-7.143939,1
4856,P_NOUN_9_ADJ_b,F,P,les valises avec le rideau qui étaient là depuis hier ne sont pas très claires <eos>,14,claires,clairs,12,M,S,claires,-4.635125,clairs,-7.572074,1
4857,P_NOUN_9_ADJ_b,F,P,les valises avec le rideau qui étaient là depuis hier ne sont pas très intéressantes <eos>,14,intéressantes,intéressants,12,M,S,intéressantes,-6.5459757,intéressants,-8.414629,1
4858,P_NOUN_9_ADJ_b,F,P,les valises avec le rideau qui étaient là depuis hier ne sont pas très brillantes <eos>,14,brillantes,brillants,12,M,S,brillantes,-7.4784946,brillants,-9.769852,1
4859,P_NOUN_9_ADJ_b,F,P,les valises avec le rideau qui étaient là depuis hier ne sont pas très compliquées <eos>,14,compliquées,compliqués,12,M,S,compliquées,-7.142635,compliqués,-7.882707,1
4860,P_NOUN_9_ADJ_b,F,P,les valises avec le cahier qui étaient là depuis hier ne sont pas très vertes <eos>,14,vertes,verts,12,M,S,vertes,-10.050283,verts,-10.894552,1
4861,P_NOUN_9_ADJ_b,F,P,les valises avec le cahier qui étaient là depuis hier ne sont pas très bleues <eos>,14,bleues,bleus,12,M,S,bleues,-11.756968,bleus,-11.834646,1
4862,P_NOUN_9_ADJ_b,F,P,les valises avec le cahier qui étaient là depuis hier ne sont pas très noires <eos>,14,noires,noirs,12,M,S,noires,-10.1690645,noirs,-12.097088,1
4863,P_NOUN_9_ADJ_b,F,P,les valises avec le cahier qui étaient là depuis hier ne sont pas très délicates <eos>,14,délicates,délicats,12,M,S,délicates,-8.157326,délicats,-9.7515335,1
4864,P_NOUN_9_ADJ_b,F,P,les valises avec le cahier qui étaient là depuis hier ne sont pas très pointues <eos>,14,pointues,pointus,12,M,S,pointues,-8.928875,pointus,-11.228581,1
4865,P_NOUN_9_ADJ_b,F,P,les valises avec le cahier qui étaient là depuis hier ne sont pas très rondes <eos>,14,rondes,ronds,12,M,S,rondes,-10.49663,ronds,-13.086292,1
4866,P_NOUN_9_ADJ_b,F,P,les valises avec le cahier qui étaient là depuis hier ne sont pas très froides <eos>,14,froides,froids,12,M,S,froides,-6.4036736,froids,-10.713205,1
4867,P_NOUN_9_ADJ_b,F,P,les valises avec le cahier qui étaient là depuis hier ne sont pas très chaudes <eos>,14,chaudes,chauds,12,M,S,chaudes,-7.243644,chauds,-8.572271,1
4868,P_NOUN_9_ADJ_b,F,P,les valises avec le cahier qui étaient là depuis hier ne sont pas très importantes <eos>,14,importantes,importants,12,M,S,importantes,-5.1400423,importants,-7.4009466,1
4869,P_NOUN_9_ADJ_b,F,P,les valises avec le cahier qui étaient là depuis hier ne sont pas très courtes <eos>,14,courtes,courts,12,M,S,courtes,-6.4720163,courts,-7.9078646,1
4870,P_NOUN_9_ADJ_b,F,P,les valises avec le cahier qui étaient là depuis hier ne sont pas très dures <eos>,14,dures,durs,12,M,S,dures,-6.64631,durs,-7.242838,1
4871,P_NOUN_9_ADJ_b,F,P,les valises avec le cahier qui étaient là depuis hier ne sont pas très claires <eos>,14,claires,clairs,12,M,S,claires,-4.7312746,clairs,-7.1616488,1
4872,P_NOUN_9_ADJ_b,F,P,les valises avec le cahier qui étaient là depuis hier ne sont pas très intéressantes <eos>,14,intéressantes,intéressants,12,M,S,intéressantes,-6.3972807,intéressants,-7.585766,1
4873,P_NOUN_9_ADJ_b,F,P,les valises avec le cahier qui étaient là depuis hier ne sont pas très brillantes <eos>,14,brillantes,brillants,12,M,S,brillantes,-8.062639,brillants,-9.402609,1
4874,P_NOUN_9_ADJ_b,F,P,les valises avec le cahier qui étaient là depuis hier ne sont pas très compliquées <eos>,14,compliquées,compliqués,12,M,S,compliquées,-7.291417,compliqués,-7.553895,1
4875,P_NOUN_9_ADJ_b,F,P,les valises avec le micro qui étaient là depuis hier ne sont pas très vertes <eos>,14,vertes,verts,12,M,S,vertes,-10.098584,verts,-10.84102,1
4876,P_NOUN_9_ADJ_b,F,P,les valises avec le micro qui étaient là depuis hier ne sont pas très bleues <eos>,14,bleues,bleus,12,M,S,bleues,-11.208532,bleus,-11.658779,1
4877,P_NOUN_9_ADJ_b,F,P,les valises avec le micro qui étaient là depuis hier ne sont pas très noires <eos>,14,noires,noirs,12,M,S,noires,-9.745688,noirs,-12.254755,1
4878,P_NOUN_9_ADJ_b,F,P,les valises avec le micro qui étaient là depuis hier ne sont pas très délicates <eos>,14,délicates,délicats,12,M,S,délicates,-8.047503,délicats,-10.022947,1
4879,P_NOUN_9_ADJ_b,F,P,les valises avec le micro qui étaient là depuis hier ne sont pas très pointues <eos>,14,pointues,pointus,12,M,S,pointues,-8.623549,pointus,-11.75207,1
4880,P_NOUN_9_ADJ_b,F,P,les valises avec le micro qui étaient là depuis hier ne sont pas très rondes <eos>,14,rondes,ronds,12,M,S,rondes,-10.07781,ronds,-13.211394,1
4881,P_NOUN_9_ADJ_b,F,P,les valises avec le micro qui étaient là depuis hier ne sont pas très froides <eos>,14,froides,froids,12,M,S,froides,-5.780944,froids,-10.751804,1
4882,P_NOUN_9_ADJ_b,F,P,les valises avec le micro qui étaient là depuis hier ne sont pas très chaudes <eos>,14,chaudes,chauds,12,M,S,chaudes,-6.7262087,chauds,-8.755338,1
4883,P_NOUN_9_ADJ_b,F,P,les valises avec le micro qui étaient là depuis hier ne sont pas très importantes <eos>,14,importantes,importants,12,M,S,importantes,-5.041803,importants,-8.072977,1
4884,P_NOUN_9_ADJ_b,F,P,les valises avec le micro qui étaient là depuis hier ne sont pas très courtes <eos>,14,courtes,courts,12,M,S,courtes,-6.1616707,courts,-8.001443,1
4885,P_NOUN_9_ADJ_b,F,P,les valises avec le micro qui étaient là depuis hier ne sont pas très dures <eos>,14,dures,durs,12,M,S,dures,-6.771553,durs,-7.4581184,1
4886,P_NOUN_9_ADJ_b,F,P,les valises avec le micro qui étaient là depuis hier ne sont pas très claires <eos>,14,claires,clairs,12,M,S,claires,-4.4675894,clairs,-8.156737,1
4887,P_NOUN_9_ADJ_b,F,P,les valises avec le micro qui étaient là depuis hier ne sont pas très intéressantes <eos>,14,intéressantes,intéressants,12,M,S,intéressantes,-6.3612413,intéressants,-7.999872,1
4888,P_NOUN_9_ADJ_b,F,P,les valises avec le micro qui étaient là depuis hier ne sont pas très brillantes <eos>,14,brillantes,brillants,12,M,S,brillantes,-8.075244,brillants,-10.222905,1
4889,P_NOUN_9_ADJ_b,F,P,les valises avec le micro qui étaient là depuis hier ne sont pas très compliquées <eos>,14,compliquées,compliqués,12,M,S,compliquées,-7.0331364,compliqués,-7.834402,1
4890,P_NOUN_9_ADJ_b,F,P,les valises avec le sac qui étaient là depuis hier ne sont pas très vertes <eos>,14,vertes,verts,12,M,S,vertes,-10.223919,verts,-10.642296,1
4891,P_NOUN_9_ADJ_b,F,P,les valises avec le sac qui étaient là depuis hier ne sont pas très bleues <eos>,14,bleues,bleus,12,M,S,bleues,-11.522839,bleus,-11.640522,1
4892,P_NOUN_9_ADJ_b,F,P,les valises avec le sac qui étaient là depuis hier ne sont pas très noires <eos>,14,noires,noirs,12,M,S,noires,-9.834211,noirs,-12.148056,1
4893,P_NOUN_9_ADJ_b,F,P,les valises avec le sac qui étaient là depuis hier ne sont pas très délicates <eos>,14,délicates,délicats,12,M,S,délicates,-8.170521,délicats,-9.473846,1
4894,P_NOUN_9_ADJ_b,F,P,les valises avec le sac qui étaient là depuis hier ne sont pas très pointues <eos>,14,pointues,pointus,12,M,S,pointues,-8.655967,pointus,-11.285161,1
4895,P_NOUN_9_ADJ_b,F,P,les valises avec le sac qui étaient là depuis hier ne sont pas très rondes <eos>,14,rondes,ronds,12,M,S,rondes,-10.264877,ronds,-13.033663,1
4896,P_NOUN_9_ADJ_b,F,P,les valises avec le sac qui étaient là depuis hier ne sont pas très froides <eos>,14,froides,froids,12,M,S,froides,-5.771372,froids,-10.547096,1
4897,P_NOUN_9_ADJ_b,F,P,les valises avec le sac qui étaient là depuis hier ne sont pas très chaudes <eos>,14,chaudes,chauds,12,M,S,chaudes,-6.850787,chauds,-8.259991,1
4898,P_NOUN_9_ADJ_b,F,P,les valises avec le sac qui étaient là depuis hier ne sont pas très importantes <eos>,14,importantes,importants,12,M,S,importantes,-5.167624,importants,-8.001547,1
4899,P_NOUN_9_ADJ_b,F,P,les valises avec le sac qui étaient là depuis hier ne sont pas très courtes <eos>,14,courtes,courts,12,M,S,courtes,-6.4640017,courts,-8.057633,1
4900,P_NOUN_9_ADJ_b,F,P,les valises avec le sac qui étaient là depuis hier ne sont pas très dures <eos>,14,dures,durs,12,M,S,dures,-5.974594,durs,-6.7806854,1
4901,P_NOUN_9_ADJ_b,F,P,les valises avec le sac qui étaient là depuis hier ne sont pas très claires <eos>,14,claires,clairs,12,M,S,claires,-4.72935,clairs,-7.5748663,1
4902,P_NOUN_9_ADJ_b,F,P,les valises avec le sac qui étaient là depuis hier ne sont pas très intéressantes <eos>,14,intéressantes,intéressants,12,M,S,intéressantes,-6.537513,intéressants,-8.198519,1
4903,P_NOUN_9_ADJ_b,F,P,les valises avec le sac qui étaient là depuis hier ne sont pas très brillantes <eos>,14,brillantes,brillants,12,M,S,brillantes,-8.027786,brillants,-9.778343,1
4904,P_NOUN_9_ADJ_b,F,P,les valises avec le sac qui étaient là depuis hier ne sont pas très compliquées <eos>,14,compliquées,compliqués,12,M,S,compliquées,-7.1098604,compliqués,-7.813096,1
4905,P_NOUN_9_ADJ_b,F,P,les valises avec le clavier qui étaient là depuis hier ne sont pas très vertes <eos>,14,vertes,verts,12,M,S,vertes,-10.847857,verts,-12.047191,1
4906,P_NOUN_9_ADJ_b,F,P,les valises avec le clavier qui étaient là depuis hier ne sont pas très bleues <eos>,14,bleues,bleus,12,M,S,bleues,-12.455331,bleus,-13.040832,1
4907,P_NOUN_9_ADJ_b,F,P,les valises avec le clavier qui étaient là depuis hier ne sont pas très noires <eos>,14,noires,noirs,12,M,S,noires,-10.674807,noirs,-13.190896,1
4908,P_NOUN_9_ADJ_b,F,P,les valises avec le clavier qui étaient là depuis hier ne sont pas très délicates <eos>,14,délicates,délicats,12,M,S,délicates,-8.509398,délicats,-10.080828,1
4909,P_NOUN_9_ADJ_b,F,P,les valises avec le clavier qui étaient là depuis hier ne sont pas très pointues <eos>,14,pointues,pointus,12,M,S,pointues,-8.630851,pointus,-12.428008,1
4910,P_NOUN_9_ADJ_b,F,P,les valises avec le clavier qui étaient là depuis hier ne sont pas très rondes <eos>,14,rondes,ronds,12,M,S,rondes,-10.489013,ronds,-13.617979,1
4911,P_NOUN_9_ADJ_b,F,P,les valises avec le clavier qui étaient là depuis hier ne sont pas très froides <eos>,14,froides,froids,12,M,S,froides,-6.737961,froids,-11.797752,1
4912,P_NOUN_9_ADJ_b,F,P,les valises avec le clavier qui étaient là depuis hier ne sont pas très chaudes <eos>,14,chaudes,chauds,12,M,S,chaudes,-7.6775703,chauds,-9.875786,1
4913,P_NOUN_9_ADJ_b,F,P,les valises avec le clavier qui étaient là depuis hier ne sont pas très importantes <eos>,14,importantes,importants,12,M,S,importantes,-5.3088703,importants,-8.498513,1
4914,P_NOUN_9_ADJ_b,F,P,les valises avec le clavier qui étaient là depuis hier ne sont pas très courtes <eos>,14,courtes,courts,12,M,S,courtes,-6.207033,courts,-8.556559,1
4915,P_NOUN_9_ADJ_b,F,P,les valises avec le clavier qui étaient là depuis hier ne sont pas très dures <eos>,14,dures,durs,12,M,S,dures,-6.715213,durs,-6.7838354,1
4916,P_NOUN_9_ADJ_b,F,P,les valises avec le clavier qui étaient là depuis hier ne sont pas très claires <eos>,14,claires,clairs,12,M,S,claires,-4.5438156,clairs,-7.9109144,1
4917,P_NOUN_9_ADJ_b,F,P,les valises avec le clavier qui étaient là depuis hier ne sont pas très intéressantes <eos>,14,intéressantes,intéressants,12,M,S,intéressantes,-6.291992,intéressants,-8.17434,1
4918,P_NOUN_9_ADJ_b,F,P,les valises avec le clavier qui étaient là depuis hier ne sont pas très brillantes <eos>,14,brillantes,brillants,12,M,S,brillantes,-7.700871,brillants,-10.159412,1
4919,P_NOUN_9_ADJ_b,F,P,les valises avec le clavier qui étaient là depuis hier ne sont pas très compliquées <eos>,14,compliquées,compliqués,12,M,S,compliquées,-6.4382977,compliqués,-7.26868,1
4920,P_NOUN_9_ADJ_b,F,P,les valises avec le raisin qui étaient là depuis hier ne sont pas très vertes <eos>,14,vertes,verts,12,M,S,vertes,-9.7871895,verts,-11.307009,1
4921,P_NOUN_9_ADJ_b,F,P,les valises avec le raisin qui étaient là depuis hier ne sont pas très bleues <eos>,14,bleues,bleus,12,M,S,bleues,-12.131165,bleus,-12.439171,1
4922,P_NOUN_9_ADJ_b,F,P,les valises avec le raisin qui étaient là depuis hier ne sont pas très noires <eos>,14,noires,noirs,12,M,S,noires,-9.790202,noirs,-13.121635,1
4923,P_NOUN_9_ADJ_b,F,P,les valises avec le raisin qui étaient là depuis hier ne sont pas très délicates <eos>,14,délicates,délicats,12,M,S,délicates,-8.234894,délicats,-8.9019785,1
4924,P_NOUN_9_ADJ_b,F,P,les valises avec le raisin qui étaient là depuis hier ne sont pas très pointues <eos>,14,pointues,pointus,12,M,S,pointues,-9.331639,pointus,-12.354948,1
4925,P_NOUN_9_ADJ_b,F,P,les valises avec le raisin qui étaient là depuis hier ne sont pas très rondes <eos>,14,rondes,ronds,12,M,S,rondes,-10.652168,ronds,-13.222042,1
4926,P_NOUN_9_ADJ_b,F,P,les valises avec le raisin qui étaient là depuis hier ne sont pas très froides <eos>,14,froides,froids,12,M,S,froides,-5.764145,froids,-10.340296,1
4927,P_NOUN_9_ADJ_b,F,P,les valises avec le raisin qui étaient là depuis hier ne sont pas très chaudes <eos>,14,chaudes,chauds,12,M,S,chaudes,-5.898429,chauds,-8.316136,1
4928,P_NOUN_9_ADJ_b,F,P,les valises avec le raisin qui étaient là depuis hier ne sont pas très importantes <eos>,14,importantes,importants,12,M,S,importantes,-4.7319736,importants,-8.287978,1
4929,P_NOUN_9_ADJ_b,F,P,les valises avec le raisin qui étaient là depuis hier ne sont pas très courtes <eos>,14,courtes,courts,12,M,S,courtes,-7.093006,courts,-8.809093,1
4930,P_NOUN_9_ADJ_b,F,P,les valises avec le raisin qui étaient là depuis hier ne sont pas très dures <eos>,14,dures,durs,12,M,S,dures,-5.9396076,durs,-7.293483,1
4931,P_NOUN_9_ADJ_b,F,P,les valises avec le raisin qui étaient là depuis hier ne sont pas très claires <eos>,14,claires,clairs,12,M,S,claires,-4.578842,clairs,-8.416657,1
4932,P_NOUN_9_ADJ_b,F,P,les valises avec le raisin qui étaient là depuis hier ne sont pas très intéressantes <eos>,14,intéressantes,intéressants,12,M,S,intéressantes,-6.2864246,intéressants,-9.1085825,1
4933,P_NOUN_9_ADJ_b,F,P,les valises avec le raisin qui étaient là depuis hier ne sont pas très brillantes <eos>,14,brillantes,brillants,12,M,S,brillantes,-8.28577,brillants,-10.01446,1
4934,P_NOUN_9_ADJ_b,F,P,les valises avec le raisin qui étaient là depuis hier ne sont pas très compliquées <eos>,14,compliquées,compliqués,12,M,S,compliquées,-8.58422,compliqués,-8.677157,1
4935,P_NOUN_9_ADJ_b,F,P,les valises avec le chargeur qui étaient là depuis hier ne sont pas très vertes <eos>,14,vertes,verts,12,M,S,vertes,-10.504568,verts,-11.850433,1
4936,P_NOUN_9_ADJ_b,F,P,les valises avec le chargeur qui étaient là depuis hier ne sont pas très bleues <eos>,14,bleues,bleus,12,M,S,bleues,-11.897284,bleus,-12.326338,1
4937,P_NOUN_9_ADJ_b,F,P,les valises avec le chargeur qui étaient là depuis hier ne sont pas très noires <eos>,14,noires,noirs,12,M,S,noires,-9.774007,noirs,-12.387656,1
4938,P_NOUN_9_ADJ_b,F,P,les valises avec le chargeur qui étaient là depuis hier ne sont pas très délicates <eos>,14,délicates,délicats,12,M,S,délicates,-9.121908,délicats,-10.59462,1
4939,P_NOUN_9_ADJ_b,F,P,les valises avec le chargeur qui étaient là depuis hier ne sont pas très pointues <eos>,14,pointues,pointus,12,M,S,pointues,-8.819729,pointus,-11.936134,1
4940,P_NOUN_9_ADJ_b,F,P,les valises avec le chargeur qui étaient là depuis hier ne sont pas très rondes <eos>,14,rondes,ronds,12,M,S,rondes,-10.875359,ronds,-13.549322,1
4941,P_NOUN_9_ADJ_b,F,P,les valises avec le chargeur qui étaient là depuis hier ne sont pas très froides <eos>,14,froides,froids,12,M,S,froides,-6.198436,froids,-11.447034,1
4942,P_NOUN_9_ADJ_b,F,P,les valises avec le chargeur qui étaient là depuis hier ne sont pas très chaudes <eos>,14,chaudes,chauds,12,M,S,chaudes,-7.51643,chauds,-8.568045,1
4943,P_NOUN_9_ADJ_b,F,P,les valises avec le chargeur qui étaient là depuis hier ne sont pas très importantes <eos>,14,importantes,importants,12,M,S,importantes,-5.3492603,importants,-8.67699,1
4944,P_NOUN_9_ADJ_b,F,P,les valises avec le chargeur qui étaient là depuis hier ne sont pas très courtes <eos>,14,courtes,courts,12,M,S,courtes,-5.8923073,courts,-8.667868,1
4945,P_NOUN_9_ADJ_b,F,P,les valises avec le chargeur qui étaient là depuis hier ne sont pas très dures <eos>,14,dures,durs,12,M,S,dures,-6.5896473,durs,-7.1274157,1
4946,P_NOUN_9_ADJ_b,F,P,les valises avec le chargeur qui étaient là depuis hier ne sont pas très claires <eos>,14,claires,clairs,12,M,S,claires,-5.5364056,clairs,-8.186782,1
4947,P_NOUN_9_ADJ_b,F,P,les valises avec le chargeur qui étaient là depuis hier ne sont pas très intéressantes <eos>,14,intéressantes,intéressants,12,M,S,intéressantes,-6.5548472,intéressants,-8.44545,1
4948,P_NOUN_9_ADJ_b,F,P,les valises avec le chargeur qui étaient là depuis hier ne sont pas très brillantes <eos>,14,brillantes,brillants,12,M,S,brillantes,-8.209881,brillants,-9.997059,1
4949,P_NOUN_9_ADJ_b,F,P,les valises avec le chargeur qui étaient là depuis hier ne sont pas très compliquées <eos>,14,compliquées,compliqués,12,M,S,compliquées,-6.9382715,compliqués,-7.676894,1
4950,P_NOUN_9_ADJ_b,F,P,les valises avec le vase qui étaient là depuis hier ne sont pas très vertes <eos>,14,vertes,verts,12,M,S,vertes,-10.170137,verts,-11.0228,1
4951,P_NOUN_9_ADJ_b,F,P,les valises avec le vase qui étaient là depuis hier ne sont pas très bleues <eos>,14,bleues,bleus,12,M,S,bleues,-12.039635,bleus,-12.360939,1
4952,P_NOUN_9_ADJ_b,F,P,les valises avec le vase qui étaient là depuis hier ne sont pas très noires <eos>,14,noires,noirs,12,M,S,noires,-10.179014,noirs,-13.151816,1
4953,P_NOUN_9_ADJ_b,F,P,les valises avec le vase qui étaient là depuis hier ne sont pas très délicates <eos>,14,délicates,délicats,12,M,S,délicates,-7.6830916,délicats,-9.226444,1
4954,P_NOUN_9_ADJ_b,F,P,les valises avec le vase qui étaient là depuis hier ne sont pas très pointues <eos>,14,pointues,pointus,12,M,S,pointues,-8.748823,pointus,-11.365843,1
4955,P_NOUN_9_ADJ_b,F,P,les valises avec le vase qui étaient là depuis hier ne sont pas très rondes <eos>,14,rondes,ronds,12,M,S,rondes,-10.853879,ronds,-13.288051,1
4956,P_NOUN_9_ADJ_b,F,P,les valises avec le vase qui étaient là depuis hier ne sont pas très froides <eos>,14,froides,froids,12,M,S,froides,-5.7994285,froids,-10.478659,1
4957,P_NOUN_9_ADJ_b,F,P,les valises avec le vase qui étaient là depuis hier ne sont pas très chaudes <eos>,14,chaudes,chauds,12,M,S,chaudes,-6.2418785,chauds,-8.1611805,1
4958,P_NOUN_9_ADJ_b,F,P,les valises avec le vase qui étaient là depuis hier ne sont pas très importantes <eos>,14,importantes,importants,12,M,S,importantes,-4.5258274,importants,-7.557068,1
4959,P_NOUN_9_ADJ_b,F,P,les valises avec le vase qui étaient là depuis hier ne sont pas très courtes <eos>,14,courtes,courts,12,M,S,courtes,-6.96329,courts,-8.664058,1
4960,P_NOUN_9_ADJ_b,F,P,les valises avec le vase qui étaient là depuis hier ne sont pas très dures <eos>,14,dures,durs,12,M,S,dures,-6.124928,durs,-7.4031863,1
4961,P_NOUN_9_ADJ_b,F,P,les valises avec le vase qui étaient là depuis hier ne sont pas très claires <eos>,14,claires,clairs,12,M,S,claires,-4.7651834,clairs,-7.7580605,1
4962,P_NOUN_9_ADJ_b,F,P,les valises avec le vase qui étaient là depuis hier ne sont pas très intéressantes <eos>,14,intéressantes,intéressants,12,M,S,intéressantes,-6.1838245,intéressants,-8.136462,1
4963,P_NOUN_9_ADJ_b,F,P,les valises avec le vase qui étaient là depuis hier ne sont pas très brillantes <eos>,14,brillantes,brillants,12,M,S,brillantes,-7.898451,brillants,-9.852745,1
4964,P_NOUN_9_ADJ_b,F,P,les valises avec le vase qui étaient là depuis hier ne sont pas très compliquées <eos>,14,compliquées,compliqués,12,M,S,compliquées,-7.344666,compliqués,-7.667892,1
4965,P_NOUN_9_ADJ_b,F,P,les valises avec le panier qui étaient là depuis hier ne sont pas très vertes <eos>,14,vertes,verts,12,M,S,vertes,-10.366701,verts,-11.157446,1
4966,P_NOUN_9_ADJ_b,F,P,les valises avec le panier qui étaient là depuis hier ne sont pas très bleues <eos>,14,bleues,bleus,12,M,S,bleues,-11.912706,bleus,-12.013071,1
4967,P_NOUN_9_ADJ_b,F,P,les valises avec le panier qui étaient là depuis hier ne sont pas très noires <eos>,14,noires,noirs,12,M,S,noires,-9.884599,noirs,-12.46331,1
4968,P_NOUN_9_ADJ_b,F,P,les valises avec le panier qui étaient là depuis hier ne sont pas très délicates <eos>,14,délicates,délicats,12,M,S,délicates,-8.13738,délicats,-9.627318,1
4969,P_NOUN_9_ADJ_b,F,P,les valises avec le panier qui étaient là depuis hier ne sont pas très pointues <eos>,14,pointues,pointus,12,M,S,pointues,-8.897545,pointus,-11.512562,1
4970,P_NOUN_9_ADJ_b,F,P,les valises avec le panier qui étaient là depuis hier ne sont pas très rondes <eos>,14,rondes,ronds,12,M,S,rondes,-10.402487,ronds,-12.796497,1
4971,P_NOUN_9_ADJ_b,F,P,les valises avec le panier qui étaient là depuis hier ne sont pas très froides <eos>,14,froides,froids,12,M,S,froides,-5.8038454,froids,-11.148448,1
4972,P_NOUN_9_ADJ_b,F,P,les valises avec le panier qui étaient là depuis hier ne sont pas très chaudes <eos>,14,chaudes,chauds,12,M,S,chaudes,-6.859703,chauds,-8.572651,1
4973,P_NOUN_9_ADJ_b,F,P,les valises avec le panier qui étaient là depuis hier ne sont pas très importantes <eos>,14,importantes,importants,12,M,S,importantes,-4.8893886,importants,-7.7362475,1
4974,P_NOUN_9_ADJ_b,F,P,les valises avec le panier qui étaient là depuis hier ne sont pas très courtes <eos>,14,courtes,courts,12,M,S,courtes,-6.5966597,courts,-8.047827,1
4975,P_NOUN_9_ADJ_b,F,P,les valises avec le panier qui étaient là depuis hier ne sont pas très dures <eos>,14,dures,durs,12,M,S,dures,-6.0825577,durs,-7.22209,1
4976,P_NOUN_9_ADJ_b,F,P,les valises avec le panier qui étaient là depuis hier ne sont pas très claires <eos>,14,claires,clairs,12,M,S,claires,-4.9955974,clairs,-8.046749,1
4977,P_NOUN_9_ADJ_b,F,P,les valises avec le panier qui étaient là depuis hier ne sont pas très intéressantes <eos>,14,intéressantes,intéressants,12,M,S,intéressantes,-6.3833084,intéressants,-8.355427,1
4978,P_NOUN_9_ADJ_b,F,P,les valises avec le panier qui étaient là depuis hier ne sont pas très brillantes <eos>,14,brillantes,brillants,12,M,S,brillantes,-8.584853,brillants,-9.91509,1
4979,P_NOUN_9_ADJ_b,F,P,les valises avec le panier qui étaient là depuis hier ne sont pas très compliquées <eos>,14,compliquées,compliqués,12,M,S,compliquées,-7.5797358,compliqués,-7.797454,1
4980,P_NOUN_9_ADJ_b,F,P,les valises avec le collier qui étaient là depuis hier ne sont pas très vertes <eos>,14,vertes,verts,12,M,S,vertes,-10.07769,verts,-10.093992,1
4981,P_NOUN_9_ADJ_b,F,P,les valises avec le collier qui étaient là depuis hier ne sont pas très bleues <eos>,14,bleues,bleus,12,M,S,bleues,-11.031374,bleus,-11.172998,1
4982,P_NOUN_9_ADJ_b,F,P,les valises avec le collier qui étaient là depuis hier ne sont pas très noires <eos>,14,noires,noirs,12,M,S,noires,-9.640596,noirs,-11.664184,1
4983,P_NOUN_9_ADJ_b,F,P,les valises avec le collier qui étaient là depuis hier ne sont pas très délicates <eos>,14,délicates,délicats,12,M,S,délicates,-7.880573,délicats,-9.682474,1
4984,P_NOUN_9_ADJ_b,F,P,les valises avec le collier qui étaient là depuis hier ne sont pas très pointues <eos>,14,pointues,pointus,12,M,S,pointues,-8.448549,pointus,-10.948439,1
4985,P_NOUN_9_ADJ_b,F,P,les valises avec le collier qui étaient là depuis hier ne sont pas très rondes <eos>,14,rondes,ronds,12,M,S,rondes,-10.133742,ronds,-12.686432,1
4986,P_NOUN_9_ADJ_b,F,P,les valises avec le collier qui étaient là depuis hier ne sont pas très froides <eos>,14,froides,froids,12,M,S,froides,-5.789486,froids,-10.719483,1
4987,P_NOUN_9_ADJ_b,F,P,les valises avec le collier qui étaient là depuis hier ne sont pas très chaudes <eos>,14,chaudes,chauds,12,M,S,chaudes,-6.902359,chauds,-8.315533,1
4988,P_NOUN_9_ADJ_b,F,P,les valises avec le collier qui étaient là depuis hier ne sont pas très importantes <eos>,14,importantes,importants,12,M,S,importantes,-5.1197586,importants,-7.6238403,1
4989,P_NOUN_9_ADJ_b,F,P,les valises avec le collier qui étaient là depuis hier ne sont pas très courtes <eos>,14,courtes,courts,12,M,S,courtes,-6.7784615,courts,-7.9830008,1
4990,P_NOUN_9_ADJ_b,F,P,les valises avec le collier qui étaient là depuis hier ne sont pas très dures <eos>,14,dures,durs,12,M,S,dures,-6.0793543,durs,-7.109647,1
4991,P_NOUN_9_ADJ_b,F,P,les valises avec le collier qui étaient là depuis hier ne sont pas très claires <eos>,14,claires,clairs,12,M,S,claires,-4.702297,clairs,-7.0540123,1
4992,P_NOUN_9_ADJ_b,F,P,les valises avec le collier qui étaient là depuis hier ne sont pas très intéressantes <eos>,14,intéressantes,intéressants,12,M,S,intéressantes,-6.35723,intéressants,-7.747918,1
4993,P_NOUN_9_ADJ_b,F,P,les valises avec le collier qui étaient là depuis hier ne sont pas très brillantes <eos>,14,brillantes,brillants,12,M,S,brillantes,-7.306697,brillants,-8.816661,1
4994,P_NOUN_9_ADJ_b,F,P,les valises avec le collier qui étaient là depuis hier ne sont pas très compliquées <eos>,14,compliquées,compliqués,12,M,S,compliquées,-6.945853,compliqués,-7.4098587,1
4995,P_NOUN_9_ADJ_b,F,P,les valises avec le chapeau qui étaient là depuis hier ne sont pas très vertes <eos>,14,vertes,verts,12,M,S,vertes,-9.606345,verts,-10.536748,1
4996,P_NOUN_9_ADJ_b,F,P,les valises avec le chapeau qui étaient là depuis hier ne sont pas très bleues <eos>,14,bleues,bleus,12,M,S,bleues,-10.503182,bleus,-11.003276,1
4997,P_NOUN_9_ADJ_b,F,P,les valises avec le chapeau qui étaient là depuis hier ne sont pas très noires <eos>,14,noires,noirs,12,M,S,noires,-8.931274,noirs,-11.595655,1
4998,P_NOUN_9_ADJ_b,F,P,les valises avec le chapeau qui étaient là depuis hier ne sont pas très délicates <eos>,14,délicates,délicats,12,M,S,délicates,-7.6568584,délicats,-9.720777,1
4999,P_NOUN_9_ADJ_b,F,P,les valises avec le chapeau qui étaient là depuis hier ne sont pas très pointues <eos>,14,pointues,pointus,12,M,S,pointues,-8.402405,pointus,-11.254604,1
5000,P_NOUN_9_ADJ_b,F,P,les valises avec le chapeau qui étaient là depuis hier ne sont pas très rondes <eos>,14,rondes,ronds,12,M,S,rondes,-10.0604,ronds,-12.583338,1
5001,P_NOUN_9_ADJ_b,F,P,les valises avec le chapeau qui étaient là depuis hier ne sont pas très froides <eos>,14,froides,froids,12,M,S,froides,-5.8135576,froids,-10.933367,1
5002,P_NOUN_9_ADJ_b,F,P,les valises avec le chapeau qui étaient là depuis hier ne sont pas très chaudes <eos>,14,chaudes,chauds,12,M,S,chaudes,-6.6073117,chauds,-8.626682,1
5003,P_NOUN_9_ADJ_b,F,P,les valises avec le chapeau qui étaient là depuis hier ne sont pas très importantes <eos>,14,importantes,importants,12,M,S,importantes,-5.271334,importants,-8.390539,1
5004,P_NOUN_9_ADJ_b,F,P,les valises avec le chapeau qui étaient là depuis hier ne sont pas très courtes <eos>,14,courtes,courts,12,M,S,courtes,-6.279648,courts,-8.37315,1
5005,P_NOUN_9_ADJ_b,F,P,les valises avec le chapeau qui étaient là depuis hier ne sont pas très dures <eos>,14,dures,durs,12,M,S,dures,-5.9451942,durs,-7.502656,1
5006,P_NOUN_9_ADJ_b,F,P,les valises avec le chapeau qui étaient là depuis hier ne sont pas très claires <eos>,14,claires,clairs,12,M,S,claires,-4.2527027,clairs,-7.190835,1
5007,P_NOUN_9_ADJ_b,F,P,les valises avec le chapeau qui étaient là depuis hier ne sont pas très intéressantes <eos>,14,intéressantes,intéressants,12,M,S,intéressantes,-6.459041,intéressants,-8.449091,1
5008,P_NOUN_9_ADJ_b,F,P,les valises avec le chapeau qui étaient là depuis hier ne sont pas très brillantes <eos>,14,brillantes,brillants,12,M,S,brillantes,-7.344579,brillants,-9.358562,1
5009,P_NOUN_9_ADJ_b,F,P,les valises avec le chapeau qui étaient là depuis hier ne sont pas très compliquées <eos>,14,compliquées,compliqués,12,M,S,compliquées,-7.346904,compliqués,-8.191282,1
5010,P_NOUN_9_ADJ_b,F,P,les valises avec le pot qui étaient là depuis hier ne sont pas très vertes <eos>,14,vertes,verts,12,M,S,vertes,-9.863838,verts,-10.443195,1
5011,P_NOUN_9_ADJ_b,F,P,les valises avec le pot qui étaient là depuis hier ne sont pas très bleues <eos>,14,bleues,bleus,12,M,S,bleues,-11.390949,bleus,-11.512949,1
5012,P_NOUN_9_ADJ_b,F,P,les valises avec le pot qui étaient là depuis hier ne sont pas très noires <eos>,14,noires,noirs,12,M,S,noires,-9.673994,noirs,-12.232418,1
5013,P_NOUN_9_ADJ_b,F,P,les valises avec le pot qui étaient là depuis hier ne sont pas très délicates <eos>,14,délicates,délicats,12,M,S,délicates,-7.7983003,délicats,-9.362139,1
5014,P_NOUN_9_ADJ_b,F,P,les valises avec le pot qui étaient là depuis hier ne sont pas très pointues <eos>,14,pointues,pointus,12,M,S,pointues,-9.059384,pointus,-11.609354,1
5015,P_NOUN_9_ADJ_b,F,P,les valises avec le pot qui étaient là depuis hier ne sont pas très rondes <eos>,14,rondes,ronds,12,M,S,rondes,-10.540608,ronds,-13.030237,1
5016,P_NOUN_9_ADJ_b,F,P,les valises avec le pot qui étaient là depuis hier ne sont pas très froides <eos>,14,froides,froids,12,M,S,froides,-5.4616275,froids,-10.241449,1
5017,P_NOUN_9_ADJ_b,F,P,les valises avec le pot qui étaient là depuis hier ne sont pas très chaudes <eos>,14,chaudes,chauds,12,M,S,chaudes,-6.0515776,chauds,-8.013926,1
5018,P_NOUN_9_ADJ_b,F,P,les valises avec le pot qui étaient là depuis hier ne sont pas très importantes <eos>,14,importantes,importants,12,M,S,importantes,-4.724454,importants,-7.8454914,1
5019,P_NOUN_9_ADJ_b,F,P,les valises avec le pot qui étaient là depuis hier ne sont pas très courtes <eos>,14,courtes,courts,12,M,S,courtes,-7.0199976,courts,-8.226695,1
5020,P_NOUN_9_ADJ_b,F,P,les valises avec le pot qui étaient là depuis hier ne sont pas très dures <eos>,14,dures,durs,12,M,S,dures,-6.1148624,durs,-7.2307386,1
5021,P_NOUN_9_ADJ_b,F,P,les valises avec le pot qui étaient là depuis hier ne sont pas très claires <eos>,14,claires,clairs,12,M,S,claires,-4.5465846,clairs,-7.7214017,1
5022,P_NOUN_9_ADJ_b,F,P,les valises avec le pot qui étaient là depuis hier ne sont pas très intéressantes <eos>,14,intéressantes,intéressants,12,M,S,intéressantes,-6.1786413,intéressants,-8.24441,1
5023,P_NOUN_9_ADJ_b,F,P,les valises avec le pot qui étaient là depuis hier ne sont pas très brillantes <eos>,14,brillantes,brillants,12,M,S,brillantes,-7.9923744,brillants,-9.509752,1
5024,P_NOUN_9_ADJ_b,F,P,les valises avec le pot qui étaient là depuis hier ne sont pas très compliquées <eos>,14,compliquées,compliqués,12,M,S,compliquées,-7.6418552,compliqués,-7.9831476,1
5025,P_NOUN_9_ADJ_b,F,P,les valises avec le coussin qui étaient là depuis hier ne sont pas très vertes <eos>,14,vertes,verts,12,M,S,vertes,-10.165348,verts,-11.200118,1
5026,P_NOUN_9_ADJ_b,F,P,les valises avec le coussin qui étaient là depuis hier ne sont pas très bleues <eos>,14,bleues,bleus,12,M,S,bleues,-11.252589,bleus,-11.615891,1
5027,P_NOUN_9_ADJ_b,F,P,les valises avec le coussin qui étaient là depuis hier ne sont pas très noires <eos>,14,noires,noirs,12,M,S,noires,-9.488482,noirs,-12.068003,1
5028,P_NOUN_9_ADJ_b,F,P,les valises avec le coussin qui étaient là depuis hier ne sont pas très délicates <eos>,14,délicates,délicats,12,M,S,délicates,-8.500483,délicats,-10.10461,1
5029,P_NOUN_9_ADJ_b,F,P,les valises avec le coussin qui étaient là depuis hier ne sont pas très pointues <eos>,14,pointues,pointus,12,M,S,pointues,-8.387511,pointus,-11.246337,1
5030,P_NOUN_9_ADJ_b,F,P,les valises avec le coussin qui étaient là depuis hier ne sont pas très rondes <eos>,14,rondes,ronds,12,M,S,rondes,-9.947253,ronds,-12.953642,1
5031,P_NOUN_9_ADJ_b,F,P,les valises avec le coussin qui étaient là depuis hier ne sont pas très froides <eos>,14,froides,froids,12,M,S,froides,-5.8720803,froids,-10.9484825,1
5032,P_NOUN_9_ADJ_b,F,P,les valises avec le coussin qui étaient là depuis hier ne sont pas très chaudes <eos>,14,chaudes,chauds,12,M,S,chaudes,-7.135482,chauds,-8.63237,1
5033,P_NOUN_9_ADJ_b,F,P,les valises avec le coussin qui étaient là depuis hier ne sont pas très importantes <eos>,14,importantes,importants,12,M,S,importantes,-5.2473783,importants,-8.139185,1
5034,P_NOUN_9_ADJ_b,F,P,les valises avec le coussin qui étaient là depuis hier ne sont pas très courtes <eos>,14,courtes,courts,12,M,S,courtes,-5.784621,courts,-7.6670423,1
5035,P_NOUN_9_ADJ_b,F,P,les valises avec le coussin qui étaient là depuis hier ne sont pas très dures <eos>,14,dures,durs,12,M,S,dures,-6.1218014,durs,-7.219393,1
5036,P_NOUN_9_ADJ_b,F,P,les valises avec le coussin qui étaient là depuis hier ne sont pas très claires <eos>,14,claires,clairs,12,M,S,claires,-4.790041,clairs,-7.9495325,1
5037,P_NOUN_9_ADJ_b,F,P,les valises avec le coussin qui étaient là depuis hier ne sont pas très intéressantes <eos>,14,intéressantes,intéressants,12,M,S,intéressantes,-6.9221687,intéressants,-8.649165,1
5038,P_NOUN_9_ADJ_b,F,P,les valises avec le coussin qui étaient là depuis hier ne sont pas très brillantes <eos>,14,brillantes,brillants,12,M,S,brillantes,-8.272802,brillants,-10.167822,1
5039,P_NOUN_9_ADJ_b,F,P,les valises avec le coussin qui étaient là depuis hier ne sont pas très compliquées <eos>,14,compliquées,compliqués,12,M,S,compliquées,-6.8586273,compliqués,-7.553976,1
5040,P_NOUN_9_ADJ_b,F,P,les valises avec le jouet qui étaient là depuis hier ne sont pas très vertes <eos>,14,vertes,verts,12,M,S,vertes,-9.978692,verts,-10.341858,1
5041,P_NOUN_9_ADJ_b,F,P,les valises avec le jouet qui étaient là depuis hier ne sont pas très bleues <eos>,14,bleues,bleus,12,M,S,bleues,-11.253073,bleus,-11.504662,1
5042,P_NOUN_9_ADJ_b,F,P,les valises avec le jouet qui étaient là depuis hier ne sont pas très noires <eos>,14,noires,noirs,12,M,S,noires,-9.784578,noirs,-12.118297,1
5043,P_NOUN_9_ADJ_b,F,P,les valises avec le jouet qui étaient là depuis hier ne sont pas très délicates <eos>,14,délicates,délicats,12,M,S,délicates,-8.112946,délicats,-9.685535,1
5044,P_NOUN_9_ADJ_b,F,P,les valises avec le jouet qui étaient là depuis hier ne sont pas très pointues <eos>,14,pointues,pointus,12,M,S,pointues,-8.582014,pointus,-11.292177,1
5045,P_NOUN_9_ADJ_b,F,P,les valises avec le jouet qui étaient là depuis hier ne sont pas très rondes <eos>,14,rondes,ronds,12,M,S,rondes,-10.365223,ronds,-13.122674,1
5046,P_NOUN_9_ADJ_b,F,P,les valises avec le jouet qui étaient là depuis hier ne sont pas très froides <eos>,14,froides,froids,12,M,S,froides,-5.786827,froids,-10.862295,1
5047,P_NOUN_9_ADJ_b,F,P,les valises avec le jouet qui étaient là depuis hier ne sont pas très chaudes <eos>,14,chaudes,chauds,12,M,S,chaudes,-6.8456225,chauds,-8.50131,1
5048,P_NOUN_9_ADJ_b,F,P,les valises avec le jouet qui étaient là depuis hier ne sont pas très importantes <eos>,14,importantes,importants,12,M,S,importantes,-5.3748446,importants,-8.231579,1
5049,P_NOUN_9_ADJ_b,F,P,les valises avec le jouet qui étaient là depuis hier ne sont pas très courtes <eos>,14,courtes,courts,12,M,S,courtes,-6.587708,courts,-8.177134,1
5050,P_NOUN_9_ADJ_b,F,P,les valises avec le jouet qui étaient là depuis hier ne sont pas très dures <eos>,14,dures,durs,12,M,S,dures,-6.534321,durs,-7.376425,1
5051,P_NOUN_9_ADJ_b,F,P,les valises avec le jouet qui étaient là depuis hier ne sont pas très claires <eos>,14,claires,clairs,12,M,S,claires,-4.413002,clairs,-7.619687,1
5052,P_NOUN_9_ADJ_b,F,P,les valises avec le jouet qui étaient là depuis hier ne sont pas très intéressantes <eos>,14,intéressantes,intéressants,12,M,S,intéressantes,-6.538463,intéressants,-8.208296,1
5053,P_NOUN_9_ADJ_b,F,P,les valises avec le jouet qui étaient là depuis hier ne sont pas très brillantes <eos>,14,brillantes,brillants,12,M,S,brillantes,-8.094683,brillants,-9.865824,1
5054,P_NOUN_9_ADJ_b,F,P,les valises avec le jouet qui étaient là depuis hier ne sont pas très compliquées <eos>,14,compliquées,compliqués,12,M,S,compliquées,-7.1976833,compliqués,-7.8307915,1
5055,P_NOUN_9_ADJ_b,F,P,les valises avec le clou qui étaient là depuis hier ne sont pas très vertes <eos>,14,vertes,verts,12,M,S,vertes,-9.707326,verts,-10.835365,1
5056,P_NOUN_9_ADJ_b,F,P,les valises avec le clou qui étaient là depuis hier ne sont pas très bleues <eos>,14,bleues,bleus,12,M,S,bleues,-10.705211,bleus,-11.100256,1
5057,P_NOUN_9_ADJ_b,F,P,les valises avec le clou qui étaient là depuis hier ne sont pas très noires <eos>,14,noires,noirs,12,M,S,noires,-9.244474,noirs,-12.149664,1
5058,P_NOUN_9_ADJ_b,F,P,les valises avec le clou qui étaient là depuis hier ne sont pas très délicates <eos>,14,délicates,délicats,12,M,S,délicates,-7.7300644,délicats,-9.76983,1
5059,P_NOUN_9_ADJ_b,F,P,les valises avec le clou qui étaient là depuis hier ne sont pas très pointues <eos>,14,pointues,pointus,12,M,S,pointues,-8.685379,pointus,-11.006525,1
5060,P_NOUN_9_ADJ_b,F,P,les valises avec le clou qui étaient là depuis hier ne sont pas très rondes <eos>,14,rondes,ronds,12,M,S,rondes,-9.85664,ronds,-12.305511,1
5061,P_NOUN_9_ADJ_b,F,P,les valises avec le clou qui étaient là depuis hier ne sont pas très froides <eos>,14,froides,froids,12,M,S,froides,-6.0647283,froids,-11.279419,1
5062,P_NOUN_9_ADJ_b,F,P,les valises avec le clou qui étaient là depuis hier ne sont pas très chaudes <eos>,14,chaudes,chauds,12,M,S,chaudes,-7.016859,chauds,-8.84525,1
5063,P_NOUN_9_ADJ_b,F,P,les valises avec le clou qui étaient là depuis hier ne sont pas très importantes <eos>,14,importantes,importants,12,M,S,importantes,-5.101364,importants,-8.25903,1
5064,P_NOUN_9_ADJ_b,F,P,les valises avec le clou qui étaient là depuis hier ne sont pas très courtes <eos>,14,courtes,courts,12,M,S,courtes,-6.1759553,courts,-8.104498,1
5065,P_NOUN_9_ADJ_b,F,P,les valises avec le clou qui étaient là depuis hier ne sont pas très dures <eos>,14,dures,durs,12,M,S,dures,-6.4398575,durs,-7.5441904,1
5066,P_NOUN_9_ADJ_b,F,P,les valises avec le clou qui étaient là depuis hier ne sont pas très claires <eos>,14,claires,clairs,12,M,S,claires,-4.797192,clairs,-7.4686055,1
5067,P_NOUN_9_ADJ_b,F,P,les valises avec le clou qui étaient là depuis hier ne sont pas très intéressantes <eos>,14,intéressantes,intéressants,12,M,S,intéressantes,-6.6144533,intéressants,-8.744315,1
5068,P_NOUN_9_ADJ_b,F,P,les valises avec le clou qui étaient là depuis hier ne sont pas très brillantes <eos>,14,brillantes,brillants,12,M,S,brillantes,-7.714283,brillants,-9.704393,1
5069,P_NOUN_9_ADJ_b,F,P,les valises avec le clou qui étaient là depuis hier ne sont pas très compliquées <eos>,14,compliquées,compliqués,12,M,S,compliquées,-7.2569437,compliqués,-7.484022,1
5070,P_NOUN_9_ADJ_b,F,P,les valises avec le billet qui étaient là depuis hier ne sont pas très vertes <eos>,14,vertes,verts,12,M,S,vertes,-10.39592,verts,-11.215432,1
5071,P_NOUN_9_ADJ_b,F,P,les valises avec le billet qui étaient là depuis hier ne sont pas très bleues <eos>,14,bleues,bleus,12,M,S,bleues,-11.449322,bleus,-11.646172,1
5072,P_NOUN_9_ADJ_b,F,P,les valises avec le billet qui étaient là depuis hier ne sont pas très noires <eos>,14,noires,noirs,12,M,S,noires,-10.134925,noirs,-11.967165,1
5073,P_NOUN_9_ADJ_b,F,P,les valises avec le billet qui étaient là depuis hier ne sont pas très délicates <eos>,14,délicates,délicats,12,M,S,délicates,-8.232801,délicats,-10.272604,1
5074,P_NOUN_9_ADJ_b,F,P,les valises avec le billet qui étaient là depuis hier ne sont pas très pointues <eos>,14,pointues,pointus,12,M,S,pointues,-9.059313,pointus,-11.8152,1
5075,P_NOUN_9_ADJ_b,F,P,les valises avec le billet qui étaient là depuis hier ne sont pas très rondes <eos>,14,rondes,ronds,12,M,S,rondes,-10.844401,ronds,-13.192168,1
5076,P_NOUN_9_ADJ_b,F,P,les valises avec le billet qui étaient là depuis hier ne sont pas très froides <eos>,14,froides,froids,12,M,S,froides,-6.40459,froids,-11.555195,1
5077,P_NOUN_9_ADJ_b,F,P,les valises avec le billet qui étaient là depuis hier ne sont pas très chaudes <eos>,14,chaudes,chauds,12,M,S,chaudes,-7.801564,chauds,-9.279818,1
5078,P_NOUN_9_ADJ_b,F,P,les valises avec le billet qui étaient là depuis hier ne sont pas très importantes <eos>,14,importantes,importants,12,M,S,importantes,-4.7655478,importants,-7.695821,1
5079,P_NOUN_9_ADJ_b,F,P,les valises avec le billet qui étaient là depuis hier ne sont pas très courtes <eos>,14,courtes,courts,12,M,S,courtes,-6.2536755,courts,-8.012278,1
5080,P_NOUN_9_ADJ_b,F,P,les valises avec le billet qui étaient là depuis hier ne sont pas très dures <eos>,14,dures,durs,12,M,S,dures,-6.141715,durs,-7.555587,1
5081,P_NOUN_9_ADJ_b,F,P,les valises avec le billet qui étaient là depuis hier ne sont pas très claires <eos>,14,claires,clairs,12,M,S,claires,-5.4755898,clairs,-7.7790785,1
5082,P_NOUN_9_ADJ_b,F,P,les valises avec le billet qui étaient là depuis hier ne sont pas très intéressantes <eos>,14,intéressantes,intéressants,12,M,S,intéressantes,-6.176917,intéressants,-7.753598,1
5083,P_NOUN_9_ADJ_b,F,P,les valises avec le billet qui étaient là depuis hier ne sont pas très brillantes <eos>,14,brillantes,brillants,12,M,S,brillantes,-8.106358,brillants,-9.425711,1
5084,P_NOUN_9_ADJ_b,F,P,les valises avec le billet qui étaient là depuis hier ne sont pas très compliquées <eos>,14,compliquées,compliqués,12,M,S,compliquées,-7.2119875,compliqués,-8.074493,1
5085,P_NOUN_9_ADJ_b,F,P,les valises avec le légume qui étaient là depuis hier ne sont pas très vertes <eos>,14,vertes,verts,12,M,S,vertes,-10.073772,verts,-10.874276,1
5086,P_NOUN_9_ADJ_b,F,P,les valises avec le légume qui étaient là depuis hier ne sont pas très bleues <eos>,14,bleues,bleus,12,M,S,bleues,-11.818291,bleus,-11.869377,1
5087,P_NOUN_9_ADJ_b,F,P,les valises avec le légume qui étaient là depuis hier ne sont pas très noires <eos>,14,noires,noirs,12,M,S,noires,-9.606194,noirs,-11.865526,1
5088,P_NOUN_9_ADJ_b,F,P,les valises avec le légume qui étaient là depuis hier ne sont pas très délicates <eos>,14,délicates,délicats,12,M,S,délicates,-7.596627,délicats,-9.5384245,1
5089,P_NOUN_9_ADJ_b,F,P,les valises avec le légume qui étaient là depuis hier ne sont pas très pointues <eos>,14,pointues,pointus,12,M,S,pointues,-9.1898155,pointus,-12.42969,1
5090,P_NOUN_9_ADJ_b,F,P,les valises avec le légume qui étaient là depuis hier ne sont pas très rondes <eos>,14,rondes,ronds,12,M,S,rondes,-10.23782,ronds,-12.675539,1
5091,P_NOUN_9_ADJ_b,F,P,les valises avec le légume qui étaient là depuis hier ne sont pas très froides <eos>,14,froides,froids,12,M,S,froides,-5.0346317,froids,-9.729688,1
5092,P_NOUN_9_ADJ_b,F,P,les valises avec le légume qui étaient là depuis hier ne sont pas très chaudes <eos>,14,chaudes,chauds,12,M,S,chaudes,-5.387206,chauds,-8.169356,1
5093,P_NOUN_9_ADJ_b,F,P,les valises avec le légume qui étaient là depuis hier ne sont pas très importantes <eos>,14,importantes,importants,12,M,S,importantes,-4.581414,importants,-8.122783,1
5094,P_NOUN_9_ADJ_b,F,P,les valises avec le légume qui étaient là depuis hier ne sont pas très courtes <eos>,14,courtes,courts,12,M,S,courtes,-7.425603,courts,-9.1516075,1
5095,P_NOUN_9_ADJ_b,F,P,les valises avec le légume qui étaient là depuis hier ne sont pas très dures <eos>,14,dures,durs,12,M,S,dures,-5.8826222,durs,-7.9135604,1
5096,P_NOUN_9_ADJ_b,F,P,les valises avec le légume qui étaient là depuis hier ne sont pas très claires <eos>,14,claires,clairs,12,M,S,claires,-4.2320237,clairs,-8.451153,1
5097,P_NOUN_9_ADJ_b,F,P,les valises avec le légume qui étaient là depuis hier ne sont pas très intéressantes <eos>,14,intéressantes,intéressants,12,M,S,intéressantes,-6.5806217,intéressants,-9.1544285,1
5098,P_NOUN_9_ADJ_b,F,P,les valises avec le légume qui étaient là depuis hier ne sont pas très brillantes <eos>,14,brillantes,brillants,12,M,S,brillantes,-8.0787,brillants,-10.136995,1
5099,P_NOUN_9_ADJ_b,F,P,les valises avec le légume qui étaient là depuis hier ne sont pas très compliquées <eos>,14,compliquées,compliqués,12,M,S,compliquées,-8.462252,compliqués,-9.078569,1
5100,P_NOUN_9_ADJ_b,F,P,les pendules avec le bracelet qui étaient là depuis hier ne sont pas très vertes <eos>,14,vertes,verts,12,M,S,vertes,-9.898942,verts,-10.171793,1
5101,P_NOUN_9_ADJ_b,F,P,les pendules avec le bracelet qui étaient là depuis hier ne sont pas très bleues <eos>,14,bleues,bleus,12,M,S,bleues,-10.929996,bleus,-11.087554,1
5102,P_NOUN_9_ADJ_b,F,P,les pendules avec le bracelet qui étaient là depuis hier ne sont pas très noires <eos>,14,noires,noirs,12,M,S,noires,-9.479206,noirs,-12.22484,1
5103,P_NOUN_9_ADJ_b,F,P,les pendules avec le bracelet qui étaient là depuis hier ne sont pas très délicates <eos>,14,délicates,délicats,12,M,S,délicates,-8.224229,délicats,-9.862432,1
5104,P_NOUN_9_ADJ_b,F,P,les pendules avec le bracelet qui étaient là depuis hier ne sont pas très pointues <eos>,14,pointues,pointus,12,M,S,pointues,-9.067554,pointus,-11.306007,1
5105,P_NOUN_9_ADJ_b,F,P,les pendules avec le bracelet qui étaient là depuis hier ne sont pas très rondes <eos>,14,rondes,ronds,12,M,S,rondes,-10.945365,ronds,-13.1362915,1
5106,P_NOUN_9_ADJ_b,F,P,les pendules avec le bracelet qui étaient là depuis hier ne sont pas très froides <eos>,14,froides,froids,12,M,S,froides,-5.798998,froids,-11.370136,1
5107,P_NOUN_9_ADJ_b,F,P,les pendules avec le bracelet qui étaient là depuis hier ne sont pas très chaudes <eos>,14,chaudes,chauds,12,M,S,chaudes,-7.15448,chauds,-8.879211,1
5108,P_NOUN_9_ADJ_b,F,P,les pendules avec le bracelet qui étaient là depuis hier ne sont pas très importantes <eos>,14,importantes,importants,12,M,S,importantes,-5.446225,importants,-8.107136,1
5109,P_NOUN_9_ADJ_b,F,P,les pendules avec le bracelet qui étaient là depuis hier ne sont pas très courtes <eos>,14,courtes,courts,12,M,S,courtes,-6.9076447,courts,-8.659906,1
5110,P_NOUN_9_ADJ_b,F,P,les pendules avec le bracelet qui étaient là depuis hier ne sont pas très dures <eos>,14,dures,durs,12,M,S,dures,-5.938142,durs,-6.939993,1
5111,P_NOUN_9_ADJ_b,F,P,les pendules avec le bracelet qui étaient là depuis hier ne sont pas très claires <eos>,14,claires,clairs,12,M,S,claires,-4.796647,clairs,-7.108571,1
5112,P_NOUN_9_ADJ_b,F,P,les pendules avec le bracelet qui étaient là depuis hier ne sont pas très intéressantes <eos>,14,intéressantes,intéressants,12,M,S,intéressantes,-6.385383,intéressants,-7.9616504,1
5113,P_NOUN_9_ADJ_b,F,P,les pendules avec le bracelet qui étaient là depuis hier ne sont pas très brillantes <eos>,14,brillantes,brillants,12,M,S,brillantes,-7.409695,brillants,-8.570379,1
5114,P_NOUN_9_ADJ_b,F,P,les pendules avec le bracelet qui étaient là depuis hier ne sont pas très compliquées <eos>,14,compliquées,compliqués,12,M,S,compliquées,-6.83255,compliqués,-7.4539394,1
5115,P_NOUN_9_ADJ_b,F,P,les pendules avec le miroir qui étaient là depuis hier ne sont pas très vertes <eos>,14,vertes,verts,12,M,S,vertes,-9.520207,verts,-11.465318,1
5116,P_NOUN_9_ADJ_b,F,P,les pendules avec le miroir qui étaient là depuis hier ne sont pas très bleues <eos>,14,bleues,bleus,12,M,S,bleues,-10.641493,bleus,-11.582489,1
5117,P_NOUN_9_ADJ_b,F,P,les pendules avec le miroir qui étaient là depuis hier ne sont pas très noires <eos>,14,noires,noirs,12,M,S,noires,-9.26527,noirs,-12.573362,1
5118,P_NOUN_9_ADJ_b,F,P,les pendules avec le miroir qui étaient là depuis hier ne sont pas très délicates <eos>,14,délicates,délicats,12,M,S,délicates,-8.366226,délicats,-9.738772,1
5119,P_NOUN_9_ADJ_b,F,P,les pendules avec le miroir qui étaient là depuis hier ne sont pas très pointues <eos>,14,pointues,pointus,12,M,S,pointues,-8.794781,pointus,-11.24955,1
5120,P_NOUN_9_ADJ_b,F,P,les pendules avec le miroir qui étaient là depuis hier ne sont pas très rondes <eos>,14,rondes,ronds,12,M,S,rondes,-10.563647,ronds,-12.721281,1
5121,P_NOUN_9_ADJ_b,F,P,les pendules avec le miroir qui étaient là depuis hier ne sont pas très froides <eos>,14,froides,froids,12,M,S,froides,-6.201315,froids,-11.325329,1
5122,P_NOUN_9_ADJ_b,F,P,les pendules avec le miroir qui étaient là depuis hier ne sont pas très chaudes <eos>,14,chaudes,chauds,12,M,S,chaudes,-7.2350025,chauds,-9.423841,1
5123,P_NOUN_9_ADJ_b,F,P,les pendules avec le miroir qui étaient là depuis hier ne sont pas très importantes <eos>,14,importantes,importants,12,M,S,importantes,-5.70838,importants,-9.046576,1
5124,P_NOUN_9_ADJ_b,F,P,les pendules avec le miroir qui étaient là depuis hier ne sont pas très courtes <eos>,14,courtes,courts,12,M,S,courtes,-5.6702223,courts,-8.829376,1
5125,P_NOUN_9_ADJ_b,F,P,les pendules avec le miroir qui étaient là depuis hier ne sont pas très dures <eos>,14,dures,durs,12,M,S,dures,-6.3412247,durs,-7.437763,1
5126,P_NOUN_9_ADJ_b,F,P,les pendules avec le miroir qui étaient là depuis hier ne sont pas très claires <eos>,14,claires,clairs,12,M,S,claires,-4.724928,clairs,-7.736595,1
5127,P_NOUN_9_ADJ_b,F,P,les pendules avec le miroir qui étaient là depuis hier ne sont pas très intéressantes <eos>,14,intéressantes,intéressants,12,M,S,intéressantes,-6.717511,intéressants,-8.857879,1
5128,P_NOUN_9_ADJ_b,F,P,les pendules avec le miroir qui étaient là depuis hier ne sont pas très brillantes <eos>,14,brillantes,brillants,12,M,S,brillantes,-6.7590876,brillants,-9.385996,1
5129,P_NOUN_9_ADJ_b,F,P,les pendules avec le miroir qui étaient là depuis hier ne sont pas très compliquées <eos>,14,compliquées,compliqués,12,M,S,compliquées,-6.4859467,compliqués,-7.3941774,1
5130,P_NOUN_9_ADJ_b,F,P,les pendules avec le crayon qui étaient là depuis hier ne sont pas très vertes <eos>,14,vertes,verts,12,M,S,vertes,-9.130131,verts,-10.8850765,1
5131,P_NOUN_9_ADJ_b,F,P,les pendules avec le crayon qui étaient là depuis hier ne sont pas très bleues <eos>,14,bleues,bleus,12,M,S,bleues,-10.406797,bleus,-11.296262,1
5132,P_NOUN_9_ADJ_b,F,P,les pendules avec le crayon qui étaient là depuis hier ne sont pas très noires <eos>,14,noires,noirs,12,M,S,noires,-9.181673,noirs,-12.583459,1
5133,P_NOUN_9_ADJ_b,F,P,les pendules avec le crayon qui étaient là depuis hier ne sont pas très délicates <eos>,14,délicates,délicats,12,M,S,délicates,-8.112005,délicats,-9.317382,1
5134,P_NOUN_9_ADJ_b,F,P,les pendules avec le crayon qui étaient là depuis hier ne sont pas très pointues <eos>,14,pointues,pointus,12,M,S,pointues,-9.491892,pointus,-11.457608,1
5135,P_NOUN_9_ADJ_b,F,P,les pendules avec le crayon qui étaient là depuis hier ne sont pas très rondes <eos>,14,rondes,ronds,12,M,S,rondes,-10.940288,ronds,-12.476369,1
5136,P_NOUN_9_ADJ_b,F,P,les pendules avec le crayon qui étaient là depuis hier ne sont pas très froides <eos>,14,froides,froids,12,M,S,froides,-6.133151,froids,-11.207553,1
5137,P_NOUN_9_ADJ_b,F,P,les pendules avec le crayon qui étaient là depuis hier ne sont pas très chaudes <eos>,14,chaudes,chauds,12,M,S,chaudes,-7.060384,chauds,-9.326131,1
5138,P_NOUN_9_ADJ_b,F,P,les pendules avec le crayon qui étaient là depuis hier ne sont pas très importantes <eos>,14,importantes,importants,12,M,S,importantes,-5.70465,importants,-9.041024,1
5139,P_NOUN_9_ADJ_b,F,P,les pendules avec le crayon qui étaient là depuis hier ne sont pas très courtes <eos>,14,courtes,courts,12,M,S,courtes,-6.1706715,courts,-8.829245,1
5140,P_NOUN_9_ADJ_b,F,P,les pendules avec le crayon qui étaient là depuis hier ne sont pas très dures <eos>,14,dures,durs,12,M,S,dures,-6.1091805,durs,-7.297758,1
5141,P_NOUN_9_ADJ_b,F,P,les pendules avec le crayon qui étaient là depuis hier ne sont pas très claires <eos>,14,claires,clairs,12,M,S,claires,-4.407742,clairs,-7.1609206,1
5142,P_NOUN_9_ADJ_b,F,P,les pendules avec le crayon qui étaient là depuis hier ne sont pas très intéressantes <eos>,14,intéressantes,intéressants,12,M,S,intéressantes,-6.593996,intéressants,-8.787845,1
5143,P_NOUN_9_ADJ_b,F,P,les pendules avec le crayon qui étaient là depuis hier ne sont pas très brillantes <eos>,14,brillantes,brillants,12,M,S,brillantes,-6.9058137,brillants,-9.138748,1
5144,P_NOUN_9_ADJ_b,F,P,les pendules avec le crayon qui étaient là depuis hier ne sont pas très compliquées <eos>,14,compliquées,compliqués,12,M,S,compliquées,-7.0246086,compliqués,-7.36551,1
5145,P_NOUN_9_ADJ_b,F,P,les pendules avec le rideau qui étaient là depuis hier ne sont pas très vertes <eos>,14,vertes,verts,12,M,S,vertes,-9.786844,verts,-11.064159,1
5146,P_NOUN_9_ADJ_b,F,P,les pendules avec le rideau qui étaient là depuis hier ne sont pas très bleues <eos>,14,bleues,bleus,12,M,S,bleues,-10.17155,bleus,-11.102257,1
5147,P_NOUN_9_ADJ_b,F,P,les pendules avec le rideau qui étaient là depuis hier ne sont pas très noires <eos>,14,noires,noirs,12,M,S,noires,-8.913641,noirs,-12.352133,1
5148,P_NOUN_9_ADJ_b,F,P,les pendules avec le rideau qui étaient là depuis hier ne sont pas très délicates <eos>,14,délicates,délicats,12,M,S,délicates,-8.049896,délicats,-9.644853,1
5149,P_NOUN_9_ADJ_b,F,P,les pendules avec le rideau qui étaient là depuis hier ne sont pas très pointues <eos>,14,pointues,pointus,12,M,S,pointues,-8.847694,pointus,-11.659344,1
5150,P_NOUN_9_ADJ_b,F,P,les pendules avec le rideau qui étaient là depuis hier ne sont pas très rondes <eos>,14,rondes,ronds,12,M,S,rondes,-10.359581,ronds,-12.385929,1
5151,P_NOUN_9_ADJ_b,F,P,les pendules avec le rideau qui étaient là depuis hier ne sont pas très froides <eos>,14,froides,froids,12,M,S,froides,-6.1220036,froids,-11.186987,1
5152,P_NOUN_9_ADJ_b,F,P,les pendules avec le rideau qui étaient là depuis hier ne sont pas très chaudes <eos>,14,chaudes,chauds,12,M,S,chaudes,-7.341676,chauds,-9.530338,1
5153,P_NOUN_9_ADJ_b,F,P,les pendules avec le rideau qui étaient là depuis hier ne sont pas très importantes <eos>,14,importantes,importants,12,M,S,importantes,-5.537193,importants,-8.885384,1
5154,P_NOUN_9_ADJ_b,F,P,les pendules avec le rideau qui étaient là depuis hier ne sont pas très courtes <eos>,14,courtes,courts,12,M,S,courtes,-5.845566,courts,-8.796012,1
5155,P_NOUN_9_ADJ_b,F,P,les pendules avec le rideau qui étaient là depuis hier ne sont pas très dures <eos>,14,dures,durs,12,M,S,dures,-5.6761146,durs,-7.292441,1
5156,P_NOUN_9_ADJ_b,F,P,les pendules avec le rideau qui étaient là depuis hier ne sont pas très claires <eos>,14,claires,clairs,12,M,S,claires,-4.5560575,clairs,-7.539451,1
5157,P_NOUN_9_ADJ_b,F,P,les pendules avec le rideau qui étaient là depuis hier ne sont pas très intéressantes <eos>,14,intéressantes,intéressants,12,M,S,intéressantes,-6.6587358,intéressants,-8.833326,1
5158,P_NOUN_9_ADJ_b,F,P,les pendules avec le rideau qui étaient là depuis hier ne sont pas très brillantes <eos>,14,brillantes,brillants,12,M,S,brillantes,-6.8786206,brillants,-9.570721,1
5159,P_NOUN_9_ADJ_b,F,P,les pendules avec le rideau qui étaient là depuis hier ne sont pas très compliquées <eos>,14,compliquées,compliqués,12,M,S,compliquées,-6.6686296,compliqués,-7.8425684,1
5160,P_NOUN_9_ADJ_b,F,P,les pendules avec le cahier qui étaient là depuis hier ne sont pas très vertes <eos>,14,vertes,verts,12,M,S,vertes,-9.636299,verts,-10.635288,1
5161,P_NOUN_9_ADJ_b,F,P,les pendules avec le cahier qui étaient là depuis hier ne sont pas très bleues <eos>,14,bleues,bleus,12,M,S,bleues,-10.634645,bleus,-11.422307,1
5162,P_NOUN_9_ADJ_b,F,P,les pendules avec le cahier qui étaient là depuis hier ne sont pas très noires <eos>,14,noires,noirs,12,M,S,noires,-9.365665,noirs,-12.296238,1
5163,P_NOUN_9_ADJ_b,F,P,les pendules avec le cahier qui étaient là depuis hier ne sont pas très délicates <eos>,14,délicates,délicats,12,M,S,délicates,-8.337007,délicats,-9.524599,1
5164,P_NOUN_9_ADJ_b,F,P,les pendules avec le cahier qui étaient là depuis hier ne sont pas très pointues <eos>,14,pointues,pointus,12,M,S,pointues,-9.076138,pointus,-11.184532,1
5165,P_NOUN_9_ADJ_b,F,P,les pendules avec le cahier qui étaient là depuis hier ne sont pas très rondes <eos>,14,rondes,ronds,12,M,S,rondes,-10.541772,ronds,-12.2957,1
5166,P_NOUN_9_ADJ_b,F,P,les pendules avec le cahier qui étaient là depuis hier ne sont pas très froides <eos>,14,froides,froids,12,M,S,froides,-6.3067484,froids,-11.048773,1
5167,P_NOUN_9_ADJ_b,F,P,les pendules avec le cahier qui étaient là depuis hier ne sont pas très chaudes <eos>,14,chaudes,chauds,12,M,S,chaudes,-7.3465853,chauds,-9.021965,1
5168,P_NOUN_9_ADJ_b,F,P,les pendules avec le cahier qui étaient là depuis hier ne sont pas très importantes <eos>,14,importantes,importants,12,M,S,importantes,-6.0154657,importants,-8.355704,1
5169,P_NOUN_9_ADJ_b,F,P,les pendules avec le cahier qui étaient là depuis hier ne sont pas très courtes <eos>,14,courtes,courts,12,M,S,courtes,-5.8498597,courts,-8.372028,1
5170,P_NOUN_9_ADJ_b,F,P,les pendules avec le cahier qui étaient là depuis hier ne sont pas très dures <eos>,14,dures,durs,12,M,S,dures,-6.1081715,durs,-7.009038,1
5171,P_NOUN_9_ADJ_b,F,P,les pendules avec le cahier qui étaient là depuis hier ne sont pas très claires <eos>,14,claires,clairs,12,M,S,claires,-4.4764915,clairs,-6.9237065,1
5172,P_NOUN_9_ADJ_b,F,P,les pendules avec le cahier qui étaient là depuis hier ne sont pas très intéressantes <eos>,14,intéressantes,intéressants,12,M,S,intéressantes,-6.8269606,intéressants,-8.156261,1
5173,P_NOUN_9_ADJ_b,F,P,les pendules avec le cahier qui étaient là depuis hier ne sont pas très brillantes <eos>,14,brillantes,brillants,12,M,S,brillantes,-7.330033,brillants,-9.271248,1
5174,P_NOUN_9_ADJ_b,F,P,les pendules avec le cahier qui étaient là depuis hier ne sont pas très compliquées <eos>,14,compliquées,compliqués,12,M,S,compliquées,-6.8623486,compliqués,-7.336323,1
5175,P_NOUN_9_ADJ_b,F,P,les pendules avec le micro qui étaient là depuis hier ne sont pas très vertes <eos>,14,vertes,verts,12,M,S,vertes,-9.751365,verts,-11.277328,1
5176,P_NOUN_9_ADJ_b,F,P,les pendules avec le micro qui étaient là depuis hier ne sont pas très bleues <eos>,14,bleues,bleus,12,M,S,bleues,-10.431913,bleus,-11.443415,1
5177,P_NOUN_9_ADJ_b,F,P,les pendules avec le micro qui étaient là depuis hier ne sont pas très noires <eos>,14,noires,noirs,12,M,S,noires,-9.109872,noirs,-12.683289,1
5178,P_NOUN_9_ADJ_b,F,P,les pendules avec le micro qui étaient là depuis hier ne sont pas très délicates <eos>,14,délicates,délicats,12,M,S,délicates,-8.523973,délicats,-9.900862,1
5179,P_NOUN_9_ADJ_b,F,P,les pendules avec le micro qui étaient là depuis hier ne sont pas très pointues <eos>,14,pointues,pointus,12,M,S,pointues,-8.983572,pointus,-11.881533,1
5180,P_NOUN_9_ADJ_b,F,P,les pendules avec le micro qui étaient là depuis hier ne sont pas très rondes <eos>,14,rondes,ronds,12,M,S,rondes,-10.577999,ronds,-12.720531,1
5181,P_NOUN_9_ADJ_b,F,P,les pendules avec le micro qui étaient là depuis hier ne sont pas très froides <eos>,14,froides,froids,12,M,S,froides,-6.2096596,froids,-11.505818,1
5182,P_NOUN_9_ADJ_b,F,P,les pendules avec le micro qui étaient là depuis hier ne sont pas très chaudes <eos>,14,chaudes,chauds,12,M,S,chaudes,-7.266311,chauds,-9.57634,1
5183,P_NOUN_9_ADJ_b,F,P,les pendules avec le micro qui étaient là depuis hier ne sont pas très importantes <eos>,14,importantes,importants,12,M,S,importantes,-5.635541,importants,-8.989896,1
5184,P_NOUN_9_ADJ_b,F,P,les pendules avec le micro qui étaient là depuis hier ne sont pas très courtes <eos>,14,courtes,courts,12,M,S,courtes,-5.701871,courts,-8.865993,1
5185,P_NOUN_9_ADJ_b,F,P,les pendules avec le micro qui étaient là depuis hier ne sont pas très dures <eos>,14,dures,durs,12,M,S,dures,-6.3983984,durs,-7.403346,1
5186,P_NOUN_9_ADJ_b,F,P,les pendules avec le micro qui étaient là depuis hier ne sont pas très claires <eos>,14,claires,clairs,12,M,S,claires,-4.5223265,clairs,-8.001633,1
5187,P_NOUN_9_ADJ_b,F,P,les pendules avec le micro qui étaient là depuis hier ne sont pas très intéressantes <eos>,14,intéressantes,intéressants,12,M,S,intéressantes,-6.5775714,intéressants,-8.795328,1
5188,P_NOUN_9_ADJ_b,F,P,les pendules avec le micro qui étaient là depuis hier ne sont pas très brillantes <eos>,14,brillantes,brillants,12,M,S,brillantes,-7.377222,brillants,-10.017448,1
5189,P_NOUN_9_ADJ_b,F,P,les pendules avec le micro qui étaient là depuis hier ne sont pas très compliquées <eos>,14,compliquées,compliqués,12,M,S,compliquées,-6.878063,compliqués,-7.9407005,1
5190,P_NOUN_9_ADJ_b,F,P,les pendules avec le sac qui étaient là depuis hier ne sont pas très vertes <eos>,14,vertes,verts,12,M,S,vertes,-9.778528,verts,-10.844181,1
5191,P_NOUN_9_ADJ_b,F,P,les pendules avec le sac qui étaient là depuis hier ne sont pas très bleues <eos>,14,bleues,bleus,12,M,S,bleues,-10.638279,bleus,-11.300542,1
5192,P_NOUN_9_ADJ_b,F,P,les pendules avec le sac qui étaient là depuis hier ne sont pas très noires <eos>,14,noires,noirs,12,M,S,noires,-9.287344,noirs,-12.331203,1
5193,P_NOUN_9_ADJ_b,F,P,les pendules avec le sac qui étaient là depuis hier ne sont pas très délicates <eos>,14,délicates,délicats,12,M,S,délicates,-8.628501,délicats,-9.55492,1
5194,P_NOUN_9_ADJ_b,F,P,les pendules avec le sac qui étaient là depuis hier ne sont pas très pointues <eos>,14,pointues,pointus,12,M,S,pointues,-8.97866,pointus,-11.453413,1
5195,P_NOUN_9_ADJ_b,F,P,les pendules avec le sac qui étaient là depuis hier ne sont pas très rondes <eos>,14,rondes,ronds,12,M,S,rondes,-10.565128,ronds,-12.632303,1
5196,P_NOUN_9_ADJ_b,F,P,les pendules avec le sac qui étaient là depuis hier ne sont pas très froides <eos>,14,froides,froids,12,M,S,froides,-6.0099735,froids,-11.037733,1
5197,P_NOUN_9_ADJ_b,F,P,les pendules avec le sac qui étaient là depuis hier ne sont pas très chaudes <eos>,14,chaudes,chauds,12,M,S,chaudes,-7.333109,chauds,-9.055807,1
5198,P_NOUN_9_ADJ_b,F,P,les pendules avec le sac qui étaient là depuis hier ne sont pas très importantes <eos>,14,importantes,importants,12,M,S,importantes,-5.6799374,importants,-8.648187,1
5199,P_NOUN_9_ADJ_b,F,P,les pendules avec le sac qui étaient là depuis hier ne sont pas très courtes <eos>,14,courtes,courts,12,M,S,courtes,-6.023885,courts,-8.474738,1
5200,P_NOUN_9_ADJ_b,F,P,les pendules avec le sac qui étaient là depuis hier ne sont pas très dures <eos>,14,dures,durs,12,M,S,dures,-5.841488,durs,-6.8996124,1
5201,P_NOUN_9_ADJ_b,F,P,les pendules avec le sac qui étaient là depuis hier ne sont pas très claires <eos>,14,claires,clairs,12,M,S,claires,-4.78922,clairs,-7.566081,1
5202,P_NOUN_9_ADJ_b,F,P,les pendules avec le sac qui étaient là depuis hier ne sont pas très intéressantes <eos>,14,intéressantes,intéressants,12,M,S,intéressantes,-6.6226373,intéressants,-8.564909,1
5203,P_NOUN_9_ADJ_b,F,P,les pendules avec le sac qui étaient là depuis hier ne sont pas très brillantes <eos>,14,brillantes,brillants,12,M,S,brillantes,-7.3448734,brillants,-9.428099,1
5204,P_NOUN_9_ADJ_b,F,P,les pendules avec le sac qui étaient là depuis hier ne sont pas très compliquées <eos>,14,compliquées,compliqués,12,M,S,compliquées,-6.8471885,compliqués,-7.8096433,1
5205,P_NOUN_9_ADJ_b,F,P,les pendules avec le clavier qui étaient là depuis hier ne sont pas très vertes <eos>,14,vertes,verts,12,M,S,vertes,-10.324957,verts,-11.838424,1
5206,P_NOUN_9_ADJ_b,F,P,les pendules avec le clavier qui étaient là depuis hier ne sont pas très bleues <eos>,14,bleues,bleus,12,M,S,bleues,-11.156912,bleus,-12.225172,1
5207,P_NOUN_9_ADJ_b,F,P,les pendules avec le clavier qui étaient là depuis hier ne sont pas très noires <eos>,14,noires,noirs,12,M,S,noires,-9.765861,noirs,-13.131981,1
5208,P_NOUN_9_ADJ_b,F,P,les pendules avec le clavier qui étaient là depuis hier ne sont pas très délicates <eos>,14,délicates,délicats,12,M,S,délicates,-8.563507,délicats,-9.982124,1
5209,P_NOUN_9_ADJ_b,F,P,les pendules avec le clavier qui étaient là depuis hier ne sont pas très pointues <eos>,14,pointues,pointus,12,M,S,pointues,-8.969313,pointus,-12.403764,1
5210,P_NOUN_9_ADJ_b,F,P,les pendules avec le clavier qui étaient là depuis hier ne sont pas très rondes <eos>,14,rondes,ronds,12,M,S,rondes,-10.66411,ronds,-13.072732,1
5211,P_NOUN_9_ADJ_b,F,P,les pendules avec le clavier qui étaient là depuis hier ne sont pas très froides <eos>,14,froides,froids,12,M,S,froides,-6.6636496,froids,-11.929282,1
5212,P_NOUN_9_ADJ_b,F,P,les pendules avec le clavier qui étaient là depuis hier ne sont pas très chaudes <eos>,14,chaudes,chauds,12,M,S,chaudes,-7.8458996,chauds,-10.220481,1
5213,P_NOUN_9_ADJ_b,F,P,les pendules avec le clavier qui étaient là depuis hier ne sont pas très importantes <eos>,14,importantes,importants,12,M,S,importantes,-5.809734,importants,-9.11418,1
5214,P_NOUN_9_ADJ_b,F,P,les pendules avec le clavier qui étaient là depuis hier ne sont pas très courtes <eos>,14,courtes,courts,12,M,S,courtes,-5.766222,courts,-9.041802,1
5215,P_NOUN_9_ADJ_b,F,P,les pendules avec le clavier qui étaient là depuis hier ne sont pas très dures <eos>,14,dures,durs,12,M,S,dures,-6.1901684,durs,-6.8286266,1
5216,P_NOUN_9_ADJ_b,F,P,les pendules avec le clavier qui étaient là depuis hier ne sont pas très claires <eos>,14,claires,clairs,12,M,S,claires,-4.4541225,clairs,-7.8064585,1
5217,P_NOUN_9_ADJ_b,F,P,les pendules avec le clavier qui étaient là depuis hier ne sont pas très intéressantes <eos>,14,intéressantes,intéressants,12,M,S,intéressantes,-6.492152,intéressants,-8.55002,1
5218,P_NOUN_9_ADJ_b,F,P,les pendules avec le clavier qui étaient là depuis hier ne sont pas très brillantes <eos>,14,brillantes,brillants,12,M,S,brillantes,-7.113819,brillants,-10.204212,1
5219,P_NOUN_9_ADJ_b,F,P,les pendules avec le clavier qui étaient là depuis hier ne sont pas très compliquées <eos>,14,compliquées,compliqués,12,M,S,compliquées,-6.102087,compliqués,-7.399289,1
5220,P_NOUN_9_ADJ_b,F,P,les pendules avec le raisin qui étaient là depuis hier ne sont pas très vertes <eos>,14,vertes,verts,12,M,S,vertes,-9.357785,verts,-11.343444,1
5221,P_NOUN_9_ADJ_b,F,P,les pendules avec le raisin qui étaient là depuis hier ne sont pas très bleues <eos>,14,bleues,bleus,12,M,S,bleues,-11.02853,bleus,-11.809822,1
5222,P_NOUN_9_ADJ_b,F,P,les pendules avec le raisin qui étaient là depuis hier ne sont pas très noires <eos>,14,noires,noirs,12,M,S,noires,-9.14527,noirs,-12.915833,1
5223,P_NOUN_9_ADJ_b,F,P,les pendules avec le raisin qui étaient là depuis hier ne sont pas très délicates <eos>,14,délicates,délicats,12,M,S,délicates,-8.607832,délicats,-9.146011,1
5224,P_NOUN_9_ADJ_b,F,P,les pendules avec le raisin qui étaient là depuis hier ne sont pas très pointues <eos>,14,pointues,pointus,12,M,S,pointues,-9.272204,pointus,-12.317932,1
5225,P_NOUN_9_ADJ_b,F,P,les pendules avec le raisin qui étaient là depuis hier ne sont pas très rondes <eos>,14,rondes,ronds,12,M,S,rondes,-10.698543,ronds,-12.839079,1
5226,P_NOUN_9_ADJ_b,F,P,les pendules avec le raisin qui étaient là depuis hier ne sont pas très froides <eos>,14,froides,froids,12,M,S,froides,-6.04593,froids,-10.975614,1
5227,P_NOUN_9_ADJ_b,F,P,les pendules avec le raisin qui étaient là depuis hier ne sont pas très chaudes <eos>,14,chaudes,chauds,12,M,S,chaudes,-6.5552387,chauds,-9.133654,1
5228,P_NOUN_9_ADJ_b,F,P,les pendules avec le raisin qui étaient là depuis hier ne sont pas très importantes <eos>,14,importantes,importants,12,M,S,importantes,-5.2532835,importants,-8.930704,1
5229,P_NOUN_9_ADJ_b,F,P,les pendules avec le raisin qui étaient là depuis hier ne sont pas très courtes <eos>,14,courtes,courts,12,M,S,courtes,-6.6034718,courts,-9.188632,1
5230,P_NOUN_9_ADJ_b,F,P,les pendules avec le raisin qui étaient là depuis hier ne sont pas très dures <eos>,14,dures,durs,12,M,S,dures,-5.688609,durs,-7.2728195,1
5231,P_NOUN_9_ADJ_b,F,P,les pendules avec le raisin qui étaient là depuis hier ne sont pas très claires <eos>,14,claires,clairs,12,M,S,claires,-4.5120897,clairs,-8.302179,1
5232,P_NOUN_9_ADJ_b,F,P,les pendules avec le raisin qui étaient là depuis hier ne sont pas très intéressantes <eos>,14,intéressantes,intéressants,12,M,S,intéressantes,-6.478347,intéressants,-9.408578,1
5233,P_NOUN_9_ADJ_b,F,P,les pendules avec le raisin qui étaient là depuis hier ne sont pas très brillantes <eos>,14,brillantes,brillants,12,M,S,brillantes,-7.536685,brillants,-9.712337,1
5234,P_NOUN_9_ADJ_b,F,P,les pendules avec le raisin qui étaient là depuis hier ne sont pas très compliquées <eos>,14,compliquées,compliqués,12,M,S,compliquées,-8.101281,compliqués,-8.719832,1
5235,P_NOUN_9_ADJ_b,F,P,les pendules avec le chargeur qui étaient là depuis hier ne sont pas très vertes <eos>,14,vertes,verts,12,M,S,vertes,-10.370436,verts,-12.020007,1
5236,P_NOUN_9_ADJ_b,F,P,les pendules avec le chargeur qui étaient là depuis hier ne sont pas très bleues <eos>,14,bleues,bleus,12,M,S,bleues,-11.164741,bleus,-11.942021,1
5237,P_NOUN_9_ADJ_b,F,P,les pendules avec le chargeur qui étaient là depuis hier ne sont pas très noires <eos>,14,noires,noirs,12,M,S,noires,-9.390097,noirs,-12.525865,1
5238,P_NOUN_9_ADJ_b,F,P,les pendules avec le chargeur qui étaient là depuis hier ne sont pas très délicates <eos>,14,délicates,délicats,12,M,S,délicates,-9.173517,délicats,-10.501064,1
5239,P_NOUN_9_ADJ_b,F,P,les pendules avec le chargeur qui étaient là depuis hier ne sont pas très pointues <eos>,14,pointues,pointus,12,M,S,pointues,-8.974569,pointus,-12.046168,1
5240,P_NOUN_9_ADJ_b,F,P,les pendules avec le chargeur qui étaient là depuis hier ne sont pas très rondes <eos>,14,rondes,ronds,12,M,S,rondes,-10.962569,ronds,-13.212302,1
5241,P_NOUN_9_ADJ_b,F,P,les pendules avec le chargeur qui étaient là depuis hier ne sont pas très froides <eos>,14,froides,froids,12,M,S,froides,-6.1673207,froids,-11.741428,1
5242,P_NOUN_9_ADJ_b,F,P,les pendules avec le chargeur qui étaient là depuis hier ne sont pas très chaudes <eos>,14,chaudes,chauds,12,M,S,chaudes,-7.809022,chauds,-9.273894,1
5243,P_NOUN_9_ADJ_b,F,P,les pendules avec le chargeur qui étaient là depuis hier ne sont pas très importantes <eos>,14,importantes,importants,12,M,S,importantes,-5.5798903,importants,-9.034498,1
5244,P_NOUN_9_ADJ_b,F,P,les pendules avec le chargeur qui étaient là depuis hier ne sont pas très courtes <eos>,14,courtes,courts,12,M,S,courtes,-5.809123,courts,-9.129207,1
5245,P_NOUN_9_ADJ_b,F,P,les pendules avec le chargeur qui étaient là depuis hier ne sont pas très dures <eos>,14,dures,durs,12,M,S,dures,-6.175542,durs,-7.2869787,1
5246,P_NOUN_9_ADJ_b,F,P,les pendules avec le chargeur qui étaient là depuis hier ne sont pas très claires <eos>,14,claires,clairs,12,M,S,claires,-5.405361,clairs,-8.263862,1
5247,P_NOUN_9_ADJ_b,F,P,les pendules avec le chargeur qui étaient là depuis hier ne sont pas très intéressantes <eos>,14,intéressantes,intéressants,12,M,S,intéressantes,-6.7202635,intéressants,-8.88735,1
5248,P_NOUN_9_ADJ_b,F,P,les pendules avec le chargeur qui étaient là depuis hier ne sont pas très brillantes <eos>,14,brillantes,brillants,12,M,S,brillantes,-7.6409187,brillants,-9.911927,1
5249,P_NOUN_9_ADJ_b,F,P,les pendules avec le chargeur qui étaient là depuis hier ne sont pas très compliquées <eos>,14,compliquées,compliqués,12,M,S,compliquées,-6.6353807,compliqués,-7.8078537,1
5250,P_NOUN_9_ADJ_b,F,P,les pendules avec le vase qui étaient là depuis hier ne sont pas très vertes <eos>,14,vertes,verts,12,M,S,vertes,-9.775861,verts,-11.1873455,1
5251,P_NOUN_9_ADJ_b,F,P,les pendules avec le vase qui étaient là depuis hier ne sont pas très bleues <eos>,14,bleues,bleus,12,M,S,bleues,-10.9392805,bleus,-11.682722,1
5252,P_NOUN_9_ADJ_b,F,P,les pendules avec le vase qui étaient là depuis hier ne sont pas très noires <eos>,14,noires,noirs,12,M,S,noires,-9.306464,noirs,-12.916723,1
5253,P_NOUN_9_ADJ_b,F,P,les pendules avec le vase qui étaient là depuis hier ne sont pas très délicates <eos>,14,délicates,délicats,12,M,S,délicates,-8.069023,délicats,-9.371476,1
5254,P_NOUN_9_ADJ_b,F,P,les pendules avec le vase qui étaient là depuis hier ne sont pas très pointues <eos>,14,pointues,pointus,12,M,S,pointues,-9.103388,pointus,-11.555476,1
5255,P_NOUN_9_ADJ_b,F,P,les pendules avec le vase qui étaient là depuis hier ne sont pas très rondes <eos>,14,rondes,ronds,12,M,S,rondes,-11.049261,ronds,-12.996597,1
5256,P_NOUN_9_ADJ_b,F,P,les pendules avec le vase qui étaient là depuis hier ne sont pas très froides <eos>,14,froides,froids,12,M,S,froides,-5.9018703,froids,-11.021791,1
5257,P_NOUN_9_ADJ_b,F,P,les pendules avec le vase qui étaient là depuis hier ne sont pas très chaudes <eos>,14,chaudes,chauds,12,M,S,chaudes,-6.677174,chauds,-9.106642,1
5258,P_NOUN_9_ADJ_b,F,P,les pendules avec le vase qui étaient là depuis hier ne sont pas très importantes <eos>,14,importantes,importants,12,M,S,importantes,-4.981169,importants,-8.289753,1
5259,P_NOUN_9_ADJ_b,F,P,les pendules avec le vase qui étaient là depuis hier ne sont pas très courtes <eos>,14,courtes,courts,12,M,S,courtes,-6.486996,courts,-9.172617,1
5260,P_NOUN_9_ADJ_b,F,P,les pendules avec le vase qui étaient là depuis hier ne sont pas très dures <eos>,14,dures,durs,12,M,S,dures,-5.887089,durs,-7.306858,1
5261,P_NOUN_9_ADJ_b,F,P,les pendules avec le vase qui étaient là depuis hier ne sont pas très claires <eos>,14,claires,clairs,12,M,S,claires,-4.5737753,clairs,-7.601164,1
5262,P_NOUN_9_ADJ_b,F,P,les pendules avec le vase qui étaient là depuis hier ne sont pas très intéressantes <eos>,14,intéressantes,intéressants,12,M,S,intéressantes,-6.344883,intéressants,-8.595096,1
5263,P_NOUN_9_ADJ_b,F,P,les pendules avec le vase qui étaient là depuis hier ne sont pas très brillantes <eos>,14,brillantes,brillants,12,M,S,brillantes,-7.1466737,brillants,-9.561096,1
5264,P_NOUN_9_ADJ_b,F,P,les pendules avec le vase qui étaient là depuis hier ne sont pas très compliquées <eos>,14,compliquées,compliqués,12,M,S,compliquées,-6.975809,compliqués,-7.7065535,1
5265,P_NOUN_9_ADJ_b,F,P,les pendules avec le panier qui étaient là depuis hier ne sont pas très vertes <eos>,14,vertes,verts,12,M,S,vertes,-9.943813,verts,-11.217852,1
5266,P_NOUN_9_ADJ_b,F,P,les pendules avec le panier qui étaient là depuis hier ne sont pas très bleues <eos>,14,bleues,bleus,12,M,S,bleues,-10.893062,bleus,-11.564006,1
5267,P_NOUN_9_ADJ_b,F,P,les pendules avec le panier qui étaient là depuis hier ne sont pas très noires <eos>,14,noires,noirs,12,M,S,noires,-9.314389,noirs,-12.549935,1
5268,P_NOUN_9_ADJ_b,F,P,les pendules avec le panier qui étaient là depuis hier ne sont pas très délicates <eos>,14,délicates,délicats,12,M,S,délicates,-8.522833,délicats,-9.686561,1
5269,P_NOUN_9_ADJ_b,F,P,les pendules avec le panier qui étaient là depuis hier ne sont pas très pointues <eos>,14,pointues,pointus,12,M,S,pointues,-8.968352,pointus,-11.457799,1
5270,P_NOUN_9_ADJ_b,F,P,les pendules avec le panier qui étaient là depuis hier ne sont pas très rondes <eos>,14,rondes,ronds,12,M,S,rondes,-10.638858,ronds,-12.487593,1
5271,P_NOUN_9_ADJ_b,F,P,les pendules avec le panier qui étaient là depuis hier ne sont pas très froides <eos>,14,froides,froids,12,M,S,froides,-6.0218434,froids,-11.413805,1
5272,P_NOUN_9_ADJ_b,F,P,les pendules avec le panier qui étaient là depuis hier ne sont pas très chaudes <eos>,14,chaudes,chauds,12,M,S,chaudes,-7.262147,chauds,-9.2227125,1
5273,P_NOUN_9_ADJ_b,F,P,les pendules avec le panier qui étaient là depuis hier ne sont pas très importantes <eos>,14,importantes,importants,12,M,S,importantes,-5.5135007,importants,-8.455717,1
5274,P_NOUN_9_ADJ_b,F,P,les pendules avec le panier qui étaient là depuis hier ne sont pas très courtes <eos>,14,courtes,courts,12,M,S,courtes,-6.013487,courts,-8.623722,1
5275,P_NOUN_9_ADJ_b,F,P,les pendules avec le panier qui étaient là depuis hier ne sont pas très dures <eos>,14,dures,durs,12,M,S,dures,-5.900108,durs,-7.037768,1
5276,P_NOUN_9_ADJ_b,F,P,les pendules avec le panier qui étaient là depuis hier ne sont pas très claires <eos>,14,claires,clairs,12,M,S,claires,-4.79022,clairs,-7.706102,1
5277,P_NOUN_9_ADJ_b,F,P,les pendules avec le panier qui étaient là depuis hier ne sont pas très intéressantes <eos>,14,intéressantes,intéressants,12,M,S,intéressantes,-6.6649055,intéressants,-8.672177,1
5278,P_NOUN_9_ADJ_b,F,P,les pendules avec le panier qui étaient là depuis hier ne sont pas très brillantes <eos>,14,brillantes,brillants,12,M,S,brillantes,-7.5870357,brillants,-9.461992,1
5279,P_NOUN_9_ADJ_b,F,P,les pendules avec le panier qui étaient là depuis hier ne sont pas très compliquées <eos>,14,compliquées,compliqués,12,M,S,compliquées,-7.087472,compliqués,-7.656044,1
5280,P_NOUN_9_ADJ_b,F,P,les pendules avec le collier qui étaient là depuis hier ne sont pas très vertes <eos>,14,vertes,verts,12,M,S,vertes,-9.809366,verts,-10.427277,1
5281,P_NOUN_9_ADJ_b,F,P,les pendules avec le collier qui étaient là depuis hier ne sont pas très bleues <eos>,14,bleues,bleus,12,M,S,bleues,-10.40098,bleus,-11.028292,1
5282,P_NOUN_9_ADJ_b,F,P,les pendules avec le collier qui étaient là depuis hier ne sont pas très noires <eos>,14,noires,noirs,12,M,S,noires,-9.128987,noirs,-11.877351,1
5283,P_NOUN_9_ADJ_b,F,P,les pendules avec le collier qui étaient là depuis hier ne sont pas très délicates <eos>,14,délicates,délicats,12,M,S,délicates,-8.271286,délicats,-9.687181,1
5284,P_NOUN_9_ADJ_b,F,P,les pendules avec le collier qui étaient là depuis hier ne sont pas très pointues <eos>,14,pointues,pointus,12,M,S,pointues,-8.817476,pointus,-11.117723,1
5285,P_NOUN_9_ADJ_b,F,P,les pendules avec le collier qui étaient là depuis hier ne sont pas très rondes <eos>,14,rondes,ronds,12,M,S,rondes,-10.508168,ronds,-12.3765745,1
5286,P_NOUN_9_ADJ_b,F,P,les pendules avec le collier qui étaient là depuis hier ne sont pas très froides <eos>,14,froides,froids,12,M,S,froides,-6.011403,froids,-11.283416,1
5287,P_NOUN_9_ADJ_b,F,P,les pendules avec le collier qui étaient là depuis hier ne sont pas très chaudes <eos>,14,chaudes,chauds,12,M,S,chaudes,-7.4215884,chauds,-9.170631,1
5288,P_NOUN_9_ADJ_b,F,P,les pendules avec le collier qui étaient là depuis hier ne sont pas très importantes <eos>,14,importantes,importants,12,M,S,importantes,-5.7114577,importants,-8.317354,1
5289,P_NOUN_9_ADJ_b,F,P,les pendules avec le collier qui étaient là depuis hier ne sont pas très courtes <eos>,14,courtes,courts,12,M,S,courtes,-6.381464,courts,-8.485311,1
5290,P_NOUN_9_ADJ_b,F,P,les pendules avec le collier qui étaient là depuis hier ne sont pas très dures <eos>,14,dures,durs,12,M,S,dures,-5.8169923,durs,-7.000135,1
5291,P_NOUN_9_ADJ_b,F,P,les pendules avec le collier qui étaient là depuis hier ne sont pas très claires <eos>,14,claires,clairs,12,M,S,claires,-4.6403995,clairs,-6.8859954,1
5292,P_NOUN_9_ADJ_b,F,P,les pendules avec le collier qui étaient là depuis hier ne sont pas très intéressantes <eos>,14,intéressantes,intéressants,12,M,S,intéressantes,-6.5478535,intéressants,-8.111153,1
5293,P_NOUN_9_ADJ_b,F,P,les pendules avec le collier qui étaient là depuis hier ne sont pas très brillantes <eos>,14,brillantes,brillants,12,M,S,brillantes,-6.904544,brillants,-8.726794,1
5294,P_NOUN_9_ADJ_b,F,P,les pendules avec le collier qui étaient là depuis hier ne sont pas très compliquées <eos>,14,compliquées,compliqués,12,M,S,compliquées,-6.5965624,compliqués,-7.3904095,1
5295,P_NOUN_9_ADJ_b,F,P,les pendules avec le chapeau qui étaient là depuis hier ne sont pas très vertes <eos>,14,vertes,verts,12,M,S,vertes,-9.534173,verts,-11.090014,1
5296,P_NOUN_9_ADJ_b,F,P,les pendules avec le chapeau qui étaient là depuis hier ne sont pas très bleues <eos>,14,bleues,bleus,12,M,S,bleues,-9.931946,bleus,-11.008867,1
5297,P_NOUN_9_ADJ_b,F,P,les pendules avec le chapeau qui étaient là depuis hier ne sont pas très noires <eos>,14,noires,noirs,12,M,S,noires,-8.625706,noirs,-12.071764,1
5298,P_NOUN_9_ADJ_b,F,P,les pendules avec le chapeau qui étaient là depuis hier ne sont pas très délicates <eos>,14,délicates,délicats,12,M,S,délicates,-8.113007,délicats,-9.761041,1
5299,P_NOUN_9_ADJ_b,F,P,les pendules avec le chapeau qui étaient là depuis hier ne sont pas très pointues <eos>,14,pointues,pointus,12,M,S,pointues,-8.689703,pointus,-11.56716,1
5300,P_NOUN_9_ADJ_b,F,P,les pendules avec le chapeau qui étaient là depuis hier ne sont pas très rondes <eos>,14,rondes,ronds,12,M,S,rondes,-10.439394,ronds,-12.518003,1
5301,P_NOUN_9_ADJ_b,F,P,les pendules avec le chapeau qui étaient là depuis hier ne sont pas très froides <eos>,14,froides,froids,12,M,S,froides,-6.0244904,froids,-11.464361,1
5302,P_NOUN_9_ADJ_b,F,P,les pendules avec le chapeau qui étaient là depuis hier ne sont pas très chaudes <eos>,14,chaudes,chauds,12,M,S,chaudes,-7.189619,chauds,-9.522382,1
5303,P_NOUN_9_ADJ_b,F,P,les pendules avec le chapeau qui étaient là depuis hier ne sont pas très importantes <eos>,14,importantes,importants,12,M,S,importantes,-5.629479,importants,-9.056568,1
5304,P_NOUN_9_ADJ_b,F,P,les pendules avec le chapeau qui étaient là depuis hier ne sont pas très courtes <eos>,14,courtes,courts,12,M,S,courtes,-5.8043194,courts,-8.891528,1
5305,P_NOUN_9_ADJ_b,F,P,les pendules avec le chapeau qui étaient là depuis hier ne sont pas très dures <eos>,14,dures,durs,12,M,S,dures,-5.7677355,durs,-7.404516,1
5306,P_NOUN_9_ADJ_b,F,P,les pendules avec le chapeau qui étaient là depuis hier ne sont pas très claires <eos>,14,claires,clairs,12,M,S,claires,-4.302963,clairs,-7.3284545,1
5307,P_NOUN_9_ADJ_b,F,P,les pendules avec le chapeau qui étaient là depuis hier ne sont pas très intéressantes <eos>,14,intéressantes,intéressants,12,M,S,intéressantes,-6.550358,intéressants,-8.903088,1
5308,P_NOUN_9_ADJ_b,F,P,les pendules avec le chapeau qui étaient là depuis hier ne sont pas très brillantes <eos>,14,brillantes,brillants,12,M,S,brillantes,-6.763129,brillants,-9.365498,1
5309,P_NOUN_9_ADJ_b,F,P,les pendules avec le chapeau qui étaient là depuis hier ne sont pas très compliquées <eos>,14,compliquées,compliqués,12,M,S,compliquées,-6.892594,compliqués,-8.089733,1
5310,P_NOUN_9_ADJ_b,F,P,les pendules avec le pot qui étaient là depuis hier ne sont pas très vertes <eos>,14,vertes,verts,12,M,S,vertes,-9.626607,verts,-10.85165,1
5311,P_NOUN_9_ADJ_b,F,P,les pendules avec le pot qui étaient là depuis hier ne sont pas très bleues <eos>,14,bleues,bleus,12,M,S,bleues,-10.55658,bleus,-11.206352,1
5312,P_NOUN_9_ADJ_b,F,P,les pendules avec le pot qui étaient là depuis hier ne sont pas très noires <eos>,14,noires,noirs,12,M,S,noires,-9.14388,noirs,-12.376378,1
5313,P_NOUN_9_ADJ_b,F,P,les pendules avec le pot qui étaient là depuis hier ne sont pas très délicates <eos>,14,délicates,délicats,12,M,S,délicates,-8.174731,délicats,-9.508279,1
5314,P_NOUN_9_ADJ_b,F,P,les pendules avec le pot qui étaient là depuis hier ne sont pas très pointues <eos>,14,pointues,pointus,12,M,S,pointues,-9.23731,pointus,-11.698719,1
5315,P_NOUN_9_ADJ_b,F,P,les pendules avec le pot qui étaient là depuis hier ne sont pas très rondes <eos>,14,rondes,ronds,12,M,S,rondes,-10.883648,ronds,-12.692379,1
5316,P_NOUN_9_ADJ_b,F,P,les pendules avec le pot qui étaient là depuis hier ne sont pas très froides <eos>,14,froides,froids,12,M,S,froides,-5.7074146,froids,-10.898019,1
5317,P_NOUN_9_ADJ_b,F,P,les pendules avec le pot qui étaient là depuis hier ne sont pas très chaudes <eos>,14,chaudes,chauds,12,M,S,chaudes,-6.6838264,chauds,-8.942968,1
5318,P_NOUN_9_ADJ_b,F,P,les pendules avec le pot qui étaient là depuis hier ne sont pas très importantes <eos>,14,importantes,importants,12,M,S,importantes,-5.157922,importants,-8.4585705,1
5319,P_NOUN_9_ADJ_b,F,P,les pendules avec le pot qui étaient là depuis hier ne sont pas très courtes <eos>,14,courtes,courts,12,M,S,courtes,-6.4757175,courts,-8.8804455,1
5320,P_NOUN_9_ADJ_b,F,P,les pendules avec le pot qui étaient là depuis hier ne sont pas très dures <eos>,14,dures,durs,12,M,S,dures,-5.807025,durs,-7.18392,1
5321,P_NOUN_9_ADJ_b,F,P,les pendules avec le pot qui étaient là depuis hier ne sont pas très claires <eos>,14,claires,clairs,12,M,S,claires,-4.5151906,clairs,-7.626905,1
5322,P_NOUN_9_ADJ_b,F,P,les pendules avec le pot qui étaient là depuis hier ne sont pas très intéressantes <eos>,14,intéressantes,intéressants,12,M,S,intéressantes,-6.3278427,intéressants,-8.686915,1
5323,P_NOUN_9_ADJ_b,F,P,les pendules avec le pot qui étaient là depuis hier ne sont pas très brillantes <eos>,14,brillantes,brillants,12,M,S,brillantes,-7.028799,brillants,-9.08499,1
5324,P_NOUN_9_ADJ_b,F,P,les pendules avec le pot qui étaient là depuis hier ne sont pas très compliquées <eos>,14,compliquées,compliqués,12,M,S,compliquées,-7.1768403,compliqués,-7.8501143,1
5325,P_NOUN_9_ADJ_b,F,P,les pendules avec le coussin qui étaient là depuis hier ne sont pas très vertes <eos>,14,vertes,verts,12,M,S,vertes,-9.965959,verts,-11.628556,1
5326,P_NOUN_9_ADJ_b,F,P,les pendules avec le coussin qui étaient là depuis hier ne sont pas très bleues <eos>,14,bleues,bleus,12,M,S,bleues,-10.711248,bleus,-11.498714,1
5327,P_NOUN_9_ADJ_b,F,P,les pendules avec le coussin qui étaient là depuis hier ne sont pas très noires <eos>,14,noires,noirs,12,M,S,noires,-9.275718,noirs,-12.467167,1
5328,P_NOUN_9_ADJ_b,F,P,les pendules avec le coussin qui étaient là depuis hier ne sont pas très délicates <eos>,14,délicates,délicats,12,M,S,délicates,-8.825544,délicats,-9.951668,1
5329,P_NOUN_9_ADJ_b,F,P,les pendules avec le coussin qui étaient là depuis hier ne sont pas très pointues <eos>,14,pointues,pointus,12,M,S,pointues,-8.669477,pointus,-11.436866,1
5330,P_NOUN_9_ADJ_b,F,P,les pendules avec le coussin qui étaient là depuis hier ne sont pas très rondes <eos>,14,rondes,ronds,12,M,S,rondes,-10.354145,ronds,-12.677317,1
5331,P_NOUN_9_ADJ_b,F,P,les pendules avec le coussin qui étaient là depuis hier ne sont pas très froides <eos>,14,froides,froids,12,M,S,froides,-6.071616,froids,-11.499183,1
5332,P_NOUN_9_ADJ_b,F,P,les pendules avec le coussin qui étaient là depuis hier ne sont pas très chaudes <eos>,14,chaudes,chauds,12,M,S,chaudes,-7.589916,chauds,-9.469488,1
5333,P_NOUN_9_ADJ_b,F,P,les pendules avec le coussin qui étaient là depuis hier ne sont pas très importantes <eos>,14,importantes,importants,12,M,S,importantes,-5.7125564,importants,-8.849184,1
5334,P_NOUN_9_ADJ_b,F,P,les pendules avec le coussin qui étaient là depuis hier ne sont pas très courtes <eos>,14,courtes,courts,12,M,S,courtes,-5.5711474,courts,-8.41634,1
5335,P_NOUN_9_ADJ_b,F,P,les pendules avec le coussin qui étaient là depuis hier ne sont pas très dures <eos>,14,dures,durs,12,M,S,dures,-5.8525534,durs,-7.267709,1
5336,P_NOUN_9_ADJ_b,F,P,les pendules avec le coussin qui étaient là depuis hier ne sont pas très claires <eos>,14,claires,clairs,12,M,S,claires,-4.9560947,clairs,-8.032037,1
5337,P_NOUN_9_ADJ_b,F,P,les pendules avec le coussin qui étaient là depuis hier ne sont pas très intéressantes <eos>,14,intéressantes,intéressants,12,M,S,intéressantes,-6.9029384,intéressants,-9.000372,1
5338,P_NOUN_9_ADJ_b,F,P,les pendules avec le coussin qui étaient là depuis hier ne sont pas très brillantes <eos>,14,brillantes,brillants,12,M,S,brillantes,-7.5672703,brillants,-9.796735,1
5339,P_NOUN_9_ADJ_b,F,P,les pendules avec le coussin qui étaient là depuis hier ne sont pas très compliquées <eos>,14,compliquées,compliqués,12,M,S,compliquées,-6.5936356,compliqués,-7.804085,1
5340,P_NOUN_9_ADJ_b,F,P,les pendules avec le jouet qui étaient là depuis hier ne sont pas très vertes <eos>,14,vertes,verts,12,M,S,vertes,-9.726729,verts,-10.9513235,1
5341,P_NOUN_9_ADJ_b,F,P,les pendules avec le jouet qui étaient là depuis hier ne sont pas très bleues <eos>,14,bleues,bleus,12,M,S,bleues,-10.478828,bleus,-11.3102455,1
5342,P_NOUN_9_ADJ_b,F,P,les pendules avec le jouet qui étaient là depuis hier ne sont pas très noires <eos>,14,noires,noirs,12,M,S,noires,-9.290289,noirs,-12.457952,1
5343,P_NOUN_9_ADJ_b,F,P,les pendules avec le jouet qui étaient là depuis hier ne sont pas très délicates <eos>,14,délicates,délicats,12,M,S,délicates,-8.560318,délicats,-9.862362,1
5344,P_NOUN_9_ADJ_b,F,P,les pendules avec le jouet qui étaient là depuis hier ne sont pas très pointues <eos>,14,pointues,pointus,12,M,S,pointues,-8.776931,pointus,-11.50111,1
5345,P_NOUN_9_ADJ_b,F,P,les pendules avec le jouet qui étaient là depuis hier ne sont pas très rondes <eos>,14,rondes,ronds,12,M,S,rondes,-10.557313,ronds,-12.7462225,1
5346,P_NOUN_9_ADJ_b,F,P,les pendules avec le jouet qui étaient là depuis hier ne sont pas très froides <eos>,14,froides,froids,12,M,S,froides,-6.0778103,froids,-11.509876,1
5347,P_NOUN_9_ADJ_b,F,P,les pendules avec le jouet qui étaient là depuis hier ne sont pas très chaudes <eos>,14,chaudes,chauds,12,M,S,chaudes,-7.4391985,chauds,-9.426636,1
5348,P_NOUN_9_ADJ_b,F,P,les pendules avec le jouet qui étaient là depuis hier ne sont pas très importantes <eos>,14,importantes,importants,12,M,S,importantes,-5.914665,importants,-9.034999,1
5349,P_NOUN_9_ADJ_b,F,P,les pendules avec le jouet qui étaient là depuis hier ne sont pas très courtes <eos>,14,courtes,courts,12,M,S,courtes,-6.018412,courts,-8.729937,1
5350,P_NOUN_9_ADJ_b,F,P,les pendules avec le jouet qui étaient là depuis hier ne sont pas très dures <eos>,14,dures,durs,12,M,S,dures,-6.3041854,durs,-7.3946986,1
5351,P_NOUN_9_ADJ_b,F,P,les pendules avec le jouet qui étaient là depuis hier ne sont pas très claires <eos>,14,claires,clairs,12,M,S,claires,-4.559551,clairs,-7.70161,1
5352,P_NOUN_9_ADJ_b,F,P,les pendules avec le jouet qui étaient là depuis hier ne sont pas très intéressantes <eos>,14,intéressantes,intéressants,12,M,S,intéressantes,-6.778121,intéressants,-8.84675,1
5353,P_NOUN_9_ADJ_b,F,P,les pendules avec le jouet qui étaient là depuis hier ne sont pas très brillantes <eos>,14,brillantes,brillants,12,M,S,brillantes,-7.38231,brillants,-9.747195,1
5354,P_NOUN_9_ADJ_b,F,P,les pendules avec le jouet qui étaient là depuis hier ne sont pas très compliquées <eos>,14,compliquées,compliqués,12,M,S,compliquées,-6.8266983,compliqués,-7.824813,1
5355,P_NOUN_9_ADJ_b,F,P,les pendules avec le clou qui étaient là depuis hier ne sont pas très vertes <eos>,14,vertes,verts,12,M,S,vertes,-9.548138,verts,-11.271156,1
5356,P_NOUN_9_ADJ_b,F,P,les pendules avec le clou qui étaient là depuis hier ne sont pas très bleues <eos>,14,bleues,bleus,12,M,S,bleues,-10.105858,bleus,-11.134119,1
5357,P_NOUN_9_ADJ_b,F,P,les pendules avec le clou qui étaient là depuis hier ne sont pas très noires <eos>,14,noires,noirs,12,M,S,noires,-8.842199,noirs,-12.38329,1
5358,P_NOUN_9_ADJ_b,F,P,les pendules avec le clou qui étaient là depuis hier ne sont pas très délicates <eos>,14,délicates,délicats,12,M,S,délicates,-8.179857,délicats,-9.751556,1
5359,P_NOUN_9_ADJ_b,F,P,les pendules avec le clou qui étaient là depuis hier ne sont pas très pointues <eos>,14,pointues,pointus,12,M,S,pointues,-8.830157,pointus,-11.319472,1
5360,P_NOUN_9_ADJ_b,F,P,les pendules avec le clou qui étaient là depuis hier ne sont pas très rondes <eos>,14,rondes,ronds,12,M,S,rondes,-10.374767,ronds,-12.306351,1
5361,P_NOUN_9_ADJ_b,F,P,les pendules avec le clou qui étaient là depuis hier ne sont pas très froides <eos>,14,froides,froids,12,M,S,froides,-6.3629103,froids,-11.79355,1
5362,P_NOUN_9_ADJ_b,F,P,les pendules avec le clou qui étaient là depuis hier ne sont pas très chaudes <eos>,14,chaudes,chauds,12,M,S,chaudes,-7.540244,chauds,-9.7239275,1
5363,P_NOUN_9_ADJ_b,F,P,les pendules avec le clou qui étaient là depuis hier ne sont pas très importantes <eos>,14,importantes,importants,12,M,S,importantes,-5.69766,importants,-9.043261,1
5364,P_NOUN_9_ADJ_b,F,P,les pendules avec le clou qui étaient là depuis hier ne sont pas très courtes <eos>,14,courtes,courts,12,M,S,courtes,-5.6780086,courts,-8.885937,1
5365,P_NOUN_9_ADJ_b,F,P,les pendules avec le clou qui étaient là depuis hier ne sont pas très dures <eos>,14,dures,durs,12,M,S,dures,-6.028455,durs,-7.633813,1
5366,P_NOUN_9_ADJ_b,F,P,les pendules avec le clou qui étaient là depuis hier ne sont pas très claires <eos>,14,claires,clairs,12,M,S,claires,-4.7718325,clairs,-7.5262985,1
5367,P_NOUN_9_ADJ_b,F,P,les pendules avec le clou qui étaient là depuis hier ne sont pas très intéressantes <eos>,14,intéressantes,intéressants,12,M,S,intéressantes,-6.7610893,intéressants,-9.057403,1
5368,P_NOUN_9_ADJ_b,F,P,les pendules avec le clou qui étaient là depuis hier ne sont pas très brillantes <eos>,14,brillantes,brillants,12,M,S,brillantes,-7.1443443,brillants,-9.647784,1
5369,P_NOUN_9_ADJ_b,F,P,les pendules avec le clou qui étaient là depuis hier ne sont pas très compliquées <eos>,14,compliquées,compliqués,12,M,S,compliquées,-6.7722836,compliqués,-7.744831,1
5370,P_NOUN_9_ADJ_b,F,P,les pendules avec le billet qui étaient là depuis hier ne sont pas très vertes <eos>,14,vertes,verts,12,M,S,vertes,-10.341429,verts,-11.479317,1
5371,P_NOUN_9_ADJ_b,F,P,les pendules avec le billet qui étaient là depuis hier ne sont pas très bleues <eos>,14,bleues,bleus,12,M,S,bleues,-10.973719,bleus,-11.786036,1
5372,P_NOUN_9_ADJ_b,F,P,les pendules avec le billet qui étaient là depuis hier ne sont pas très noires <eos>,14,noires,noirs,12,M,S,noires,-9.910336,noirs,-12.656774,1
5373,P_NOUN_9_ADJ_b,F,P,les pendules avec le billet qui étaient là depuis hier ne sont pas très délicates <eos>,14,délicates,délicats,12,M,S,délicates,-8.542106,délicats,-10.1276455,1
5374,P_NOUN_9_ADJ_b,F,P,les pendules avec le billet qui étaient là depuis hier ne sont pas très pointues <eos>,14,pointues,pointus,12,M,S,pointues,-9.208384,pointus,-11.954836,1
5375,P_NOUN_9_ADJ_b,F,P,les pendules avec le billet qui étaient là depuis hier ne sont pas très rondes <eos>,14,rondes,ronds,12,M,S,rondes,-11.187482,ronds,-12.955687,1
5376,P_NOUN_9_ADJ_b,F,P,les pendules avec le billet qui étaient là depuis hier ne sont pas très froides <eos>,14,froides,froids,12,M,S,froides,-6.5057445,froids,-12.148792,1
5377,P_NOUN_9_ADJ_b,F,P,les pendules avec le billet qui étaient là depuis hier ne sont pas très chaudes <eos>,14,chaudes,chauds,12,M,S,chaudes,-8.066509,chauds,-9.815325,1
5378,P_NOUN_9_ADJ_b,F,P,les pendules avec le billet qui étaient là depuis hier ne sont pas très importantes <eos>,14,importantes,importants,12,M,S,importantes,-5.245221,importants,-8.3931465,1
5379,P_NOUN_9_ADJ_b,F,P,les pendules avec le billet qui étaient là depuis hier ne sont pas très courtes <eos>,14,courtes,courts,12,M,S,courtes,-6.014599,courts,-8.7160635,1
5380,P_NOUN_9_ADJ_b,F,P,les pendules avec le billet qui étaient là depuis hier ne sont pas très dures <eos>,14,dures,durs,12,M,S,dures,-5.936702,durs,-7.5546646,1
5381,P_NOUN_9_ADJ_b,F,P,les pendules avec le billet qui étaient là depuis hier ne sont pas très claires <eos>,14,claires,clairs,12,M,S,claires,-5.399767,clairs,-7.7599306,1
5382,P_NOUN_9_ADJ_b,F,P,les pendules avec le billet qui étaient là depuis hier ne sont pas très intéressantes <eos>,14,intéressantes,intéressants,12,M,S,intéressantes,-6.3612375,intéressants,-8.296995,1
5383,P_NOUN_9_ADJ_b,F,P,les pendules avec le billet qui étaient là depuis hier ne sont pas très brillantes <eos>,14,brillantes,brillants,12,M,S,brillantes,-7.5603156,brillants,-9.40258,1
5384,P_NOUN_9_ADJ_b,F,P,les pendules avec le billet qui étaient là depuis hier ne sont pas très compliquées <eos>,14,compliquées,compliqués,12,M,S,compliquées,-6.896479,compliqués,-7.8738294,1
5385,P_NOUN_9_ADJ_b,F,P,les pendules avec le légume qui étaient là depuis hier ne sont pas très vertes <eos>,14,vertes,verts,12,M,S,vertes,-9.655634,verts,-11.016481,1
5386,P_NOUN_9_ADJ_b,F,P,les pendules avec le légume qui étaient là depuis hier ne sont pas très bleues <eos>,14,bleues,bleus,12,M,S,bleues,-10.899954,bleus,-11.386568,1
5387,P_NOUN_9_ADJ_b,F,P,les pendules avec le légume qui étaient là depuis hier ne sont pas très noires <eos>,14,noires,noirs,12,M,S,noires,-9.0697975,noirs,-12.106705,1
5388,P_NOUN_9_ADJ_b,F,P,les pendules avec le légume qui étaient là depuis hier ne sont pas très délicates <eos>,14,délicates,délicats,12,M,S,délicates,-7.8242817,délicats,-9.44127,1
5389,P_NOUN_9_ADJ_b,F,P,les pendules avec le légume qui étaient là depuis hier ne sont pas très pointues <eos>,14,pointues,pointus,12,M,S,pointues,-9.243206,pointus,-12.288145,1
5390,P_NOUN_9_ADJ_b,F,P,les pendules avec le légume qui étaient là depuis hier ne sont pas très rondes <eos>,14,rondes,ronds,12,M,S,rondes,-10.529093,ronds,-12.304758,1
5391,P_NOUN_9_ADJ_b,F,P,les pendules avec le légume qui étaient là depuis hier ne sont pas très froides <eos>,14,froides,froids,12,M,S,froides,-5.311867,froids,-10.48192,1
5392,P_NOUN_9_ADJ_b,F,P,les pendules avec le légume qui étaient là depuis hier ne sont pas très chaudes <eos>,14,chaudes,chauds,12,M,S,chaudes,-5.903639,chauds,-8.987519,1
5393,P_NOUN_9_ADJ_b,F,P,les pendules avec le légume qui étaient là depuis hier ne sont pas très importantes <eos>,14,importantes,importants,12,M,S,importantes,-5.007621,importants,-8.71332,1
5394,P_NOUN_9_ADJ_b,F,P,les pendules avec le légume qui étaient là depuis hier ne sont pas très courtes <eos>,14,courtes,courts,12,M,S,courtes,-7.0229464,courts,-9.601407,1
5395,P_NOUN_9_ADJ_b,F,P,les pendules avec le légume qui étaient là depuis hier ne sont pas très dures <eos>,14,dures,durs,12,M,S,dures,-5.4503736,durs,-7.9816837,1
5396,P_NOUN_9_ADJ_b,F,P,les pendules avec le légume qui étaient là depuis hier ne sont pas très claires <eos>,14,claires,clairs,12,M,S,claires,-4.145776,clairs,-8.283446,1
5397,P_NOUN_9_ADJ_b,F,P,les pendules avec le légume qui étaient là depuis hier ne sont pas très intéressantes <eos>,14,intéressantes,intéressants,12,M,S,intéressantes,-6.603606,intéressants,-9.526129,1
5398,P_NOUN_9_ADJ_b,F,P,les pendules avec le légume qui étaient là depuis hier ne sont pas très brillantes <eos>,14,brillantes,brillants,12,M,S,brillantes,-7.4845004,brillants,-9.959555,1
5399,P_NOUN_9_ADJ_b,F,P,les pendules avec le légume qui étaient là depuis hier ne sont pas très compliquées <eos>,14,compliquées,compliqués,12,M,S,compliquées,-8.043801,compliqués,-9.115189,1
5400,P_NOUN_9_ADJ_b,F,P,les cloches avec le bracelet qui étaient là depuis hier ne sont pas très vertes <eos>,14,vertes,verts,12,M,S,vertes,-10.579837,verts,-10.176958,0
5401,P_NOUN_9_ADJ_b,F,P,les cloches avec le bracelet qui étaient là depuis hier ne sont pas très bleues <eos>,14,bleues,bleus,12,M,S,bleues,-11.472913,bleus,-11.599998,1
5402,P_NOUN_9_ADJ_b,F,P,les cloches avec le bracelet qui étaient là depuis hier ne sont pas très noires <eos>,14,noires,noirs,12,M,S,noires,-10.311594,noirs,-12.785435,1
5403,P_NOUN_9_ADJ_b,F,P,les cloches avec le bracelet qui étaient là depuis hier ne sont pas très délicates <eos>,14,délicates,délicats,12,M,S,délicates,-7.074568,délicats,-9.3606205,1
5404,P_NOUN_9_ADJ_b,F,P,les cloches avec le bracelet qui étaient là depuis hier ne sont pas très pointues <eos>,14,pointues,pointus,12,M,S,pointues,-9.026487,pointus,-11.9152565,1
5405,P_NOUN_9_ADJ_b,F,P,les cloches avec le bracelet qui étaient là depuis hier ne sont pas très rondes <eos>,14,rondes,ronds,12,M,S,rondes,-10.652113,ronds,-12.044433,1
5406,P_NOUN_9_ADJ_b,F,P,les cloches avec le bracelet qui étaient là depuis hier ne sont pas très froides <eos>,14,froides,froids,12,M,S,froides,-6.2731676,froids,-11.1306,1
5407,P_NOUN_9_ADJ_b,F,P,les cloches avec le bracelet qui étaient là depuis hier ne sont pas très chaudes <eos>,14,chaudes,chauds,12,M,S,chaudes,-6.492575,chauds,-8.671471,1
5408,P_NOUN_9_ADJ_b,F,P,les cloches avec le bracelet qui étaient là depuis hier ne sont pas très importantes <eos>,14,importantes,importants,12,M,S,importantes,-5.0055304,importants,-7.813573,1
5409,P_NOUN_9_ADJ_b,F,P,les cloches avec le bracelet qui étaient là depuis hier ne sont pas très courtes <eos>,14,courtes,courts,12,M,S,courtes,-7.7453117,courts,-9.232306,1
5410,P_NOUN_9_ADJ_b,F,P,les cloches avec le bracelet qui étaient là depuis hier ne sont pas très dures <eos>,14,dures,durs,12,M,S,dures,-5.5320926,durs,-7.2780395,1
5411,P_NOUN_9_ADJ_b,F,P,les cloches avec le bracelet qui étaient là depuis hier ne sont pas très claires <eos>,14,claires,clairs,12,M,S,claires,-4.6983232,clairs,-6.6924734,1
5412,P_NOUN_9_ADJ_b,F,P,les cloches avec le bracelet qui étaient là depuis hier ne sont pas très intéressantes <eos>,14,intéressantes,intéressants,12,M,S,intéressantes,-5.958436,intéressants,-7.8171883,1
5413,P_NOUN_9_ADJ_b,F,P,les cloches avec le bracelet qui étaient là depuis hier ne sont pas très brillantes <eos>,14,brillantes,brillants,12,M,S,brillantes,-6.975319,brillants,-7.910387,1
5414,P_NOUN_9_ADJ_b,F,P,les cloches avec le bracelet qui étaient là depuis hier ne sont pas très compliquées <eos>,14,compliquées,compliqués,12,M,S,compliquées,-7.541628,compliqués,-7.9150276,1
5415,P_NOUN_9_ADJ_b,F,P,les cloches avec le miroir qui étaient là depuis hier ne sont pas très vertes <eos>,14,vertes,verts,12,M,S,vertes,-10.475731,verts,-11.311226,1
5416,P_NOUN_9_ADJ_b,F,P,les cloches avec le miroir qui étaient là depuis hier ne sont pas très bleues <eos>,14,bleues,bleus,12,M,S,bleues,-11.395193,bleus,-12.100924,1
5417,P_NOUN_9_ADJ_b,F,P,les cloches avec le miroir qui étaient là depuis hier ne sont pas très noires <eos>,14,noires,noirs,12,M,S,noires,-10.156934,noirs,-12.973772,1
5418,P_NOUN_9_ADJ_b,F,P,les cloches avec le miroir qui étaient là depuis hier ne sont pas très délicates <eos>,14,délicates,délicats,12,M,S,délicates,-7.1371307,délicats,-9.007098,1
5419,P_NOUN_9_ADJ_b,F,P,les cloches avec le miroir qui étaient là depuis hier ne sont pas très pointues <eos>,14,pointues,pointus,12,M,S,pointues,-8.661987,pointus,-11.709494,1
5420,P_NOUN_9_ADJ_b,F,P,les cloches avec le miroir qui étaient là depuis hier ne sont pas très rondes <eos>,14,rondes,ronds,12,M,S,rondes,-9.988867,ronds,-11.499645,1
5421,P_NOUN_9_ADJ_b,F,P,les cloches avec le miroir qui étaient là depuis hier ne sont pas très froides <eos>,14,froides,froids,12,M,S,froides,-6.745312,froids,-11.104702,1
5422,P_NOUN_9_ADJ_b,F,P,les cloches avec le miroir qui étaient là depuis hier ne sont pas très chaudes <eos>,14,chaudes,chauds,12,M,S,chaudes,-6.630011,chauds,-9.552956,1
5423,P_NOUN_9_ADJ_b,F,P,les cloches avec le miroir qui étaient là depuis hier ne sont pas très importantes <eos>,14,importantes,importants,12,M,S,importantes,-5.229661,importants,-8.48105,1
5424,P_NOUN_9_ADJ_b,F,P,les cloches avec le miroir qui étaient là depuis hier ne sont pas très courtes <eos>,14,courtes,courts,12,M,S,courtes,-6.6771975,courts,-9.0974045,1
5425,P_NOUN_9_ADJ_b,F,P,les cloches avec le miroir qui étaient là depuis hier ne sont pas très dures <eos>,14,dures,durs,12,M,S,dures,-5.412323,durs,-7.7288494,1
5426,P_NOUN_9_ADJ_b,F,P,les cloches avec le miroir qui étaient là depuis hier ne sont pas très claires <eos>,14,claires,clairs,12,M,S,claires,-4.661867,clairs,-7.194604,1
5427,P_NOUN_9_ADJ_b,F,P,les cloches avec le miroir qui étaient là depuis hier ne sont pas très intéressantes <eos>,14,intéressantes,intéressants,12,M,S,intéressantes,-6.2061524,intéressants,-8.524738,1
5428,P_NOUN_9_ADJ_b,F,P,les cloches avec le miroir qui étaient là depuis hier ne sont pas très brillantes <eos>,14,brillantes,brillants,12,M,S,brillantes,-6.481357,brillants,-8.809834,1
5429,P_NOUN_9_ADJ_b,F,P,les cloches avec le miroir qui étaient là depuis hier ne sont pas très compliquées <eos>,14,compliquées,compliqués,12,M,S,compliquées,-6.979366,compliqués,-8.108608,1
5430,P_NOUN_9_ADJ_b,F,P,les cloches avec le crayon qui étaient là depuis hier ne sont pas très vertes <eos>,14,vertes,verts,12,M,S,vertes,-9.872608,verts,-10.894604,1
5431,P_NOUN_9_ADJ_b,F,P,les cloches avec le crayon qui étaient là depuis hier ne sont pas très bleues <eos>,14,bleues,bleus,12,M,S,bleues,-10.859974,bleus,-11.723932,1
5432,P_NOUN_9_ADJ_b,F,P,les cloches avec le crayon qui étaient là depuis hier ne sont pas très noires <eos>,14,noires,noirs,12,M,S,noires,-9.904287,noirs,-12.684595,1
5433,P_NOUN_9_ADJ_b,F,P,les cloches avec le crayon qui étaient là depuis hier ne sont pas très délicates <eos>,14,délicates,délicats,12,M,S,délicates,-7.160307,délicats,-8.868356,1
5434,P_NOUN_9_ADJ_b,F,P,les cloches avec le crayon qui étaient là depuis hier ne sont pas très pointues <eos>,14,pointues,pointus,12,M,S,pointues,-9.267938,pointus,-12.083251,1
5435,P_NOUN_9_ADJ_b,F,P,les cloches avec le crayon qui étaient là depuis hier ne sont pas très rondes <eos>,14,rondes,ronds,12,M,S,rondes,-10.466497,ronds,-11.536999,1
5436,P_NOUN_9_ADJ_b,F,P,les cloches avec le crayon qui étaient là depuis hier ne sont pas très froides <eos>,14,froides,froids,12,M,S,froides,-6.5492716,froids,-10.985162,1
5437,P_NOUN_9_ADJ_b,F,P,les cloches avec le crayon qui étaient là depuis hier ne sont pas très chaudes <eos>,14,chaudes,chauds,12,M,S,chaudes,-6.3771286,chauds,-9.312249,1
5438,P_NOUN_9_ADJ_b,F,P,les cloches avec le crayon qui étaient là depuis hier ne sont pas très importantes <eos>,14,importantes,importants,12,M,S,importantes,-5.517432,importants,-8.679082,1
5439,P_NOUN_9_ADJ_b,F,P,les cloches avec le crayon qui étaient là depuis hier ne sont pas très courtes <eos>,14,courtes,courts,12,M,S,courtes,-7.012979,courts,-9.24781,1
5440,P_NOUN_9_ADJ_b,F,P,les cloches avec le crayon qui étaient là depuis hier ne sont pas très dures <eos>,14,dures,durs,12,M,S,dures,-5.396563,durs,-7.599114,1
5441,P_NOUN_9_ADJ_b,F,P,les cloches avec le crayon qui étaient là depuis hier ne sont pas très claires <eos>,14,claires,clairs,12,M,S,claires,-4.272359,clairs,-6.5886793,1
5442,P_NOUN_9_ADJ_b,F,P,les cloches avec le crayon qui étaient là depuis hier ne sont pas très intéressantes <eos>,14,intéressantes,intéressants,12,M,S,intéressantes,-6.258109,intéressants,-8.437501,1
5443,P_NOUN_9_ADJ_b,F,P,les cloches avec le crayon qui étaient là depuis hier ne sont pas très brillantes <eos>,14,brillantes,brillants,12,M,S,brillantes,-6.222805,brillants,-8.444606,1
5444,P_NOUN_9_ADJ_b,F,P,les cloches avec le crayon qui étaient là depuis hier ne sont pas très compliquées <eos>,14,compliquées,compliqués,12,M,S,compliquées,-7.4185867,compliqués,-8.025763,1
5445,P_NOUN_9_ADJ_b,F,P,les cloches avec le rideau qui étaient là depuis hier ne sont pas très vertes <eos>,14,vertes,verts,12,M,S,vertes,-10.4013,verts,-11.018442,1
5446,P_NOUN_9_ADJ_b,F,P,les cloches avec le rideau qui étaient là depuis hier ne sont pas très bleues <eos>,14,bleues,bleus,12,M,S,bleues,-10.867329,bleus,-11.517902,1
5447,P_NOUN_9_ADJ_b,F,P,les cloches avec le rideau qui étaient là depuis hier ne sont pas très noires <eos>,14,noires,noirs,12,M,S,noires,-9.863256,noirs,-12.813291,1
5448,P_NOUN_9_ADJ_b,F,P,les cloches avec le rideau qui étaient là depuis hier ne sont pas très délicates <eos>,14,délicates,délicats,12,M,S,délicates,-6.898782,délicats,-9.264495,1
5449,P_NOUN_9_ADJ_b,F,P,les cloches avec le rideau qui étaient là depuis hier ne sont pas très pointues <eos>,14,pointues,pointus,12,M,S,pointues,-8.848733,pointus,-12.168049,1
5450,P_NOUN_9_ADJ_b,F,P,les cloches avec le rideau qui étaient là depuis hier ne sont pas très rondes <eos>,14,rondes,ronds,12,M,S,rondes,-9.831778,ronds,-11.548502,1
5451,P_NOUN_9_ADJ_b,F,P,les cloches avec le rideau qui étaient là depuis hier ne sont pas très froides <eos>,14,froides,froids,12,M,S,froides,-6.6349416,froids,-10.829531,1
5452,P_NOUN_9_ADJ_b,F,P,les cloches avec le rideau qui étaient là depuis hier ne sont pas très chaudes <eos>,14,chaudes,chauds,12,M,S,chaudes,-6.682613,chauds,-9.439459,1
5453,P_NOUN_9_ADJ_b,F,P,les cloches avec le rideau qui étaient là depuis hier ne sont pas très importantes <eos>,14,importantes,importants,12,M,S,importantes,-5.0476346,importants,-8.321487,1
5454,P_NOUN_9_ADJ_b,F,P,les cloches avec le rideau qui étaient là depuis hier ne sont pas très courtes <eos>,14,courtes,courts,12,M,S,courtes,-6.827138,courts,-9.112228,1
5455,P_NOUN_9_ADJ_b,F,P,les cloches avec le rideau qui étaient là depuis hier ne sont pas très dures <eos>,14,dures,durs,12,M,S,dures,-5.264015,durs,-7.569804,1
5456,P_NOUN_9_ADJ_b,F,P,les cloches avec le rideau qui étaient là depuis hier ne sont pas très claires <eos>,14,claires,clairs,12,M,S,claires,-4.4443364,clairs,-7.0545154,1
5457,P_NOUN_9_ADJ_b,F,P,les cloches avec le rideau qui étaient là depuis hier ne sont pas très intéressantes <eos>,14,intéressantes,intéressants,12,M,S,intéressantes,-6.392449,intéressants,-8.474726,1
5458,P_NOUN_9_ADJ_b,F,P,les cloches avec le rideau qui étaient là depuis hier ne sont pas très brillantes <eos>,14,brillantes,brillants,12,M,S,brillantes,-6.5255256,brillants,-8.857138,1
5459,P_NOUN_9_ADJ_b,F,P,les cloches avec le rideau qui étaient là depuis hier ne sont pas très compliquées <eos>,14,compliquées,compliqués,12,M,S,compliquées,-7.415719,compliqués,-8.387338,1
5460,P_NOUN_9_ADJ_b,F,P,les cloches avec le cahier qui étaient là depuis hier ne sont pas très vertes <eos>,14,vertes,verts,12,M,S,vertes,-10.334775,verts,-10.909071,1
5461,P_NOUN_9_ADJ_b,F,P,les cloches avec le cahier qui étaient là depuis hier ne sont pas très bleues <eos>,14,bleues,bleus,12,M,S,bleues,-11.563067,bleus,-11.85462,1
5462,P_NOUN_9_ADJ_b,F,P,les cloches avec le cahier qui étaient là depuis hier ne sont pas très noires <eos>,14,noires,noirs,12,M,S,noires,-10.602778,noirs,-12.799345,1
5463,P_NOUN_9_ADJ_b,F,P,les cloches avec le cahier qui étaient là depuis hier ne sont pas très délicates <eos>,14,délicates,délicats,12,M,S,délicates,-7.1142206,délicats,-8.824498,1
5464,P_NOUN_9_ADJ_b,F,P,les cloches avec le cahier qui étaient là depuis hier ne sont pas très pointues <eos>,14,pointues,pointus,12,M,S,pointues,-9.058728,pointus,-11.590281,1
5465,P_NOUN_9_ADJ_b,F,P,les cloches avec le cahier qui étaient là depuis hier ne sont pas très rondes <eos>,14,rondes,ronds,12,M,S,rondes,-10.134846,ronds,-11.563083,1
5466,P_NOUN_9_ADJ_b,F,P,les cloches avec le cahier qui étaient là depuis hier ne sont pas très froides <eos>,14,froides,froids,12,M,S,froides,-6.6268053,froids,-10.515613,1
5467,P_NOUN_9_ADJ_b,F,P,les cloches avec le cahier qui étaient là depuis hier ne sont pas très chaudes <eos>,14,chaudes,chauds,12,M,S,chaudes,-6.471879,chauds,-8.721973,1
5468,P_NOUN_9_ADJ_b,F,P,les cloches avec le cahier qui étaient là depuis hier ne sont pas très importantes <eos>,14,importantes,importants,12,M,S,importantes,-5.3810325,importants,-7.6193376,1
5469,P_NOUN_9_ADJ_b,F,P,les cloches avec le cahier qui étaient là depuis hier ne sont pas très courtes <eos>,14,courtes,courts,12,M,S,courtes,-6.906762,courts,-8.787518,1
5470,P_NOUN_9_ADJ_b,F,P,les cloches avec le cahier qui étaient là depuis hier ne sont pas très dures <eos>,14,dures,durs,12,M,S,dures,-5.4793262,durs,-7.1986084,1
5471,P_NOUN_9_ADJ_b,F,P,les cloches avec le cahier qui étaient là depuis hier ne sont pas très claires <eos>,14,claires,clairs,12,M,S,claires,-4.4065576,clairs,-6.469527,1
5472,P_NOUN_9_ADJ_b,F,P,les cloches avec le cahier qui étaient là depuis hier ne sont pas très intéressantes <eos>,14,intéressantes,intéressants,12,M,S,intéressantes,-6.187766,intéressants,-7.6442356,1
5473,P_NOUN_9_ADJ_b,F,P,les cloches avec le cahier qui étaient là depuis hier ne sont pas très brillantes <eos>,14,brillantes,brillants,12,M,S,brillantes,-6.752676,brillants,-8.335014,1
5474,P_NOUN_9_ADJ_b,F,P,les cloches avec le cahier qui étaient là depuis hier ne sont pas très compliquées <eos>,14,compliquées,compliqués,12,M,S,compliquées,-7.3746133,compliqués,-7.880095,1
5475,P_NOUN_9_ADJ_b,F,P,les cloches avec le micro qui étaient là depuis hier ne sont pas très vertes <eos>,14,vertes,verts,12,M,S,vertes,-10.503042,verts,-11.357372,1
5476,P_NOUN_9_ADJ_b,F,P,les cloches avec le micro qui étaient là depuis hier ne sont pas très bleues <eos>,14,bleues,bleus,12,M,S,bleues,-11.148688,bleus,-11.806002,1
5477,P_NOUN_9_ADJ_b,F,P,les cloches avec le micro qui étaient là depuis hier ne sont pas très noires <eos>,14,noires,noirs,12,M,S,noires,-10.288278,noirs,-13.066182,1
5478,P_NOUN_9_ADJ_b,F,P,les cloches avec le micro qui étaient là depuis hier ne sont pas très délicates <eos>,14,délicates,délicats,12,M,S,délicates,-7.211712,délicats,-9.119273,1
5479,P_NOUN_9_ADJ_b,F,P,les cloches avec le micro qui étaient là depuis hier ne sont pas très pointues <eos>,14,pointues,pointus,12,M,S,pointues,-8.7902355,pointus,-12.153166,1
5480,P_NOUN_9_ADJ_b,F,P,les cloches avec le micro qui étaient là depuis hier ne sont pas très rondes <eos>,14,rondes,ronds,12,M,S,rondes,-9.916692,ronds,-11.608563,1
5481,P_NOUN_9_ADJ_b,F,P,les cloches avec le micro qui étaient là depuis hier ne sont pas très froides <eos>,14,froides,froids,12,M,S,froides,-6.6229362,froids,-11.054419,1
5482,P_NOUN_9_ADJ_b,F,P,les cloches avec le micro qui étaient là depuis hier ne sont pas très chaudes <eos>,14,chaudes,chauds,12,M,S,chaudes,-6.5377665,chauds,-9.590849,1
5483,P_NOUN_9_ADJ_b,F,P,les cloches avec le micro qui étaient là depuis hier ne sont pas très importantes <eos>,14,importantes,importants,12,M,S,importantes,-5.1196184,importants,-8.32036,1
5484,P_NOUN_9_ADJ_b,F,P,les cloches avec le micro qui étaient là depuis hier ne sont pas très courtes <eos>,14,courtes,courts,12,M,S,courtes,-6.736998,courts,-8.905291,1
5485,P_NOUN_9_ADJ_b,F,P,les cloches avec le micro qui étaient là depuis hier ne sont pas très dures <eos>,14,dures,durs,12,M,S,dures,-5.5342593,durs,-7.368364,1
5486,P_NOUN_9_ADJ_b,F,P,les cloches avec le micro qui étaient là depuis hier ne sont pas très claires <eos>,14,claires,clairs,12,M,S,claires,-4.3686466,clairs,-7.3783903,1
5487,P_NOUN_9_ADJ_b,F,P,les cloches avec le micro qui étaient là depuis hier ne sont pas très intéressantes <eos>,14,intéressantes,intéressants,12,M,S,intéressantes,-5.965891,intéressants,-8.205803,1
5488,P_NOUN_9_ADJ_b,F,P,les cloches avec le micro qui étaient là depuis hier ne sont pas très brillantes <eos>,14,brillantes,brillants,12,M,S,brillantes,-6.8003387,brillants,-9.1241045,1
5489,P_NOUN_9_ADJ_b,F,P,les cloches avec le micro qui étaient là depuis hier ne sont pas très compliquées <eos>,14,compliquées,compliqués,12,M,S,compliquées,-7.156825,compliqués,-8.3470745,1
5490,P_NOUN_9_ADJ_b,F,P,les cloches avec le sac qui étaient là depuis hier ne sont pas très vertes <eos>,14,vertes,verts,12,M,S,vertes,-10.509782,verts,-11.082574,1
5491,P_NOUN_9_ADJ_b,F,P,les cloches avec le sac qui étaient là depuis hier ne sont pas très bleues <eos>,14,bleues,bleus,12,M,S,bleues,-11.310572,bleus,-11.75578,1
5492,P_NOUN_9_ADJ_b,F,P,les cloches avec le sac qui étaient là depuis hier ne sont pas très noires <eos>,14,noires,noirs,12,M,S,noires,-10.203049,noirs,-12.7708645,1
5493,P_NOUN_9_ADJ_b,F,P,les cloches avec le sac qui étaient là depuis hier ne sont pas très délicates <eos>,14,délicates,délicats,12,M,S,délicates,-7.398626,délicats,-8.851387,1
5494,P_NOUN_9_ADJ_b,F,P,les cloches avec le sac qui étaient là depuis hier ne sont pas très pointues <eos>,14,pointues,pointus,12,M,S,pointues,-8.852805,pointus,-11.857704,1
5495,P_NOUN_9_ADJ_b,F,P,les cloches avec le sac qui étaient là depuis hier ne sont pas très rondes <eos>,14,rondes,ronds,12,M,S,rondes,-9.997942,ronds,-11.494833,1
5496,P_NOUN_9_ADJ_b,F,P,les cloches avec le sac qui étaient là depuis hier ne sont pas très froides <eos>,14,froides,froids,12,M,S,froides,-6.4399195,froids,-10.846585,1
5497,P_NOUN_9_ADJ_b,F,P,les cloches avec le sac qui étaient là depuis hier ne sont pas très chaudes <eos>,14,chaudes,chauds,12,M,S,chaudes,-6.6790395,chauds,-9.025869,1
5498,P_NOUN_9_ADJ_b,F,P,les cloches avec le sac qui étaient là depuis hier ne sont pas très importantes <eos>,14,importantes,importants,12,M,S,importantes,-5.2696157,importants,-8.188837,1
5499,P_NOUN_9_ADJ_b,F,P,les cloches avec le sac qui étaient là depuis hier ne sont pas très courtes <eos>,14,courtes,courts,12,M,S,courtes,-7.0288754,courts,-8.86672,1
5500,P_NOUN_9_ADJ_b,F,P,les cloches avec le sac qui étaient là depuis hier ne sont pas très dures <eos>,14,dures,durs,12,M,S,dures,-5.082014,durs,-6.927286,1
5501,P_NOUN_9_ADJ_b,F,P,les cloches avec le sac qui étaient là depuis hier ne sont pas très claires <eos>,14,claires,clairs,12,M,S,claires,-4.553552,clairs,-7.0173173,1
5502,P_NOUN_9_ADJ_b,F,P,les cloches avec le sac qui étaient là depuis hier ne sont pas très intéressantes <eos>,14,intéressantes,intéressants,12,M,S,intéressantes,-6.105269,intéressants,-8.249187,1
5503,P_NOUN_9_ADJ_b,F,P,les cloches avec le sac qui étaient là depuis hier ne sont pas très brillantes <eos>,14,brillantes,brillants,12,M,S,brillantes,-6.747716,brillants,-8.633893,1
5504,P_NOUN_9_ADJ_b,F,P,les cloches avec le sac qui étaient là depuis hier ne sont pas très compliquées <eos>,14,compliquées,compliqués,12,M,S,compliquées,-7.3449726,compliqués,-8.22134,1
5505,P_NOUN_9_ADJ_b,F,P,les cloches avec le clavier qui étaient là depuis hier ne sont pas très vertes <eos>,14,vertes,verts,12,M,S,vertes,-11.036923,verts,-11.683402,1
5506,P_NOUN_9_ADJ_b,F,P,les cloches avec le clavier qui étaient là depuis hier ne sont pas très bleues <eos>,14,bleues,bleus,12,M,S,bleues,-11.7537155,bleus,-12.614928,1
5507,P_NOUN_9_ADJ_b,F,P,les cloches avec le clavier qui étaient là depuis hier ne sont pas très noires <eos>,14,noires,noirs,12,M,S,noires,-10.705188,noirs,-13.272524,1
5508,P_NOUN_9_ADJ_b,F,P,les cloches avec le clavier qui étaient là depuis hier ne sont pas très délicates <eos>,14,délicates,délicats,12,M,S,délicates,-7.8279095,délicats,-9.392798,1
5509,P_NOUN_9_ADJ_b,F,P,les cloches avec le clavier qui étaient là depuis hier ne sont pas très pointues <eos>,14,pointues,pointus,12,M,S,pointues,-9.007059,pointus,-12.679689,1
5510,P_NOUN_9_ADJ_b,F,P,les cloches avec le clavier qui étaient là depuis hier ne sont pas très rondes <eos>,14,rondes,ronds,12,M,S,rondes,-10.311459,ronds,-12.060881,1
5511,P_NOUN_9_ADJ_b,F,P,les cloches avec le clavier qui étaient là depuis hier ne sont pas très froides <eos>,14,froides,froids,12,M,S,froides,-7.019633,froids,-11.822924,1
5512,P_NOUN_9_ADJ_b,F,P,les cloches avec le clavier qui étaient là depuis hier ne sont pas très chaudes <eos>,14,chaudes,chauds,12,M,S,chaudes,-7.147078,chauds,-10.198811,1
5513,P_NOUN_9_ADJ_b,F,P,les cloches avec le clavier qui étaient là depuis hier ne sont pas très importantes <eos>,14,importantes,importants,12,M,S,importantes,-5.384038,importants,-8.572086,1
5514,P_NOUN_9_ADJ_b,F,P,les cloches avec le clavier qui étaient là depuis hier ne sont pas très courtes <eos>,14,courtes,courts,12,M,S,courtes,-6.721446,courts,-9.225393,1
5515,P_NOUN_9_ADJ_b,F,P,les cloches avec le clavier qui étaient là depuis hier ne sont pas très dures <eos>,14,dures,durs,12,M,S,dures,-5.6551275,durs,-6.912573,1
5516,P_NOUN_9_ADJ_b,F,P,les cloches avec le clavier qui étaient là depuis hier ne sont pas très claires <eos>,14,claires,clairs,12,M,S,claires,-4.2388973,clairs,-6.996914,1
5517,P_NOUN_9_ADJ_b,F,P,les cloches avec le clavier qui étaient là depuis hier ne sont pas très intéressantes <eos>,14,intéressantes,intéressants,12,M,S,intéressantes,-6.2178946,intéressants,-8.288895,1
5518,P_NOUN_9_ADJ_b,F,P,les cloches avec le clavier qui étaient là depuis hier ne sont pas très brillantes <eos>,14,brillantes,brillants,12,M,S,brillantes,-6.5490437,brillants,-9.431734,1
5519,P_NOUN_9_ADJ_b,F,P,les cloches avec le clavier qui étaient là depuis hier ne sont pas très compliquées <eos>,14,compliquées,compliqués,12,M,S,compliquées,-6.57349,compliqués,-7.8034105,1
5520,P_NOUN_9_ADJ_b,F,P,les cloches avec le raisin qui étaient là depuis hier ne sont pas très vertes <eos>,14,vertes,verts,12,M,S,vertes,-10.386433,verts,-11.306036,1
5521,P_NOUN_9_ADJ_b,F,P,les cloches avec le raisin qui étaient là depuis hier ne sont pas très bleues <eos>,14,bleues,bleus,12,M,S,bleues,-11.524954,bleus,-12.2493515,1
5522,P_NOUN_9_ADJ_b,F,P,les cloches avec le raisin qui étaient là depuis hier ne sont pas très noires <eos>,14,noires,noirs,12,M,S,noires,-9.927143,noirs,-13.20513,1
5523,P_NOUN_9_ADJ_b,F,P,les cloches avec le raisin qui étaient là depuis hier ne sont pas très délicates <eos>,14,délicates,délicats,12,M,S,délicates,-7.3342085,délicats,-8.511943,1
5524,P_NOUN_9_ADJ_b,F,P,les cloches avec le raisin qui étaient là depuis hier ne sont pas très pointues <eos>,14,pointues,pointus,12,M,S,pointues,-9.330389,pointus,-13.040368,1
5525,P_NOUN_9_ADJ_b,F,P,les cloches avec le raisin qui étaient là depuis hier ne sont pas très rondes <eos>,14,rondes,ronds,12,M,S,rondes,-10.455027,ronds,-12.118648,1
5526,P_NOUN_9_ADJ_b,F,P,les cloches avec le raisin qui étaient là depuis hier ne sont pas très froides <eos>,14,froides,froids,12,M,S,froides,-6.2099786,froids,-10.84358,1
5527,P_NOUN_9_ADJ_b,F,P,les cloches avec le raisin qui étaient là depuis hier ne sont pas très chaudes <eos>,14,chaudes,chauds,12,M,S,chaudes,-5.930975,chauds,-9.00205,1
5528,P_NOUN_9_ADJ_b,F,P,les cloches avec le raisin qui étaient là depuis hier ne sont pas très importantes <eos>,14,importantes,importants,12,M,S,importantes,-4.915952,importants,-8.615927,1
5529,P_NOUN_9_ADJ_b,F,P,les cloches avec le raisin qui étaient là depuis hier ne sont pas très courtes <eos>,14,courtes,courts,12,M,S,courtes,-7.6080093,courts,-9.703799,1
5530,P_NOUN_9_ADJ_b,F,P,les cloches avec le raisin qui étaient là depuis hier ne sont pas très dures <eos>,14,dures,durs,12,M,S,dures,-4.993231,durs,-7.3551683,1
5531,P_NOUN_9_ADJ_b,F,P,les cloches avec le raisin qui étaient là depuis hier ne sont pas très claires <eos>,14,claires,clairs,12,M,S,claires,-4.20299,clairs,-7.5146575,1
5532,P_NOUN_9_ADJ_b,F,P,les cloches avec le raisin qui étaient là depuis hier ne sont pas très intéressantes <eos>,14,intéressantes,intéressants,12,M,S,intéressantes,-6.109535,intéressants,-8.995289,1
5533,P_NOUN_9_ADJ_b,F,P,les cloches avec le raisin qui étaient là depuis hier ne sont pas très brillantes <eos>,14,brillantes,brillants,12,M,S,brillantes,-6.7185106,brillants,-8.974884,1
5534,P_NOUN_9_ADJ_b,F,P,les cloches avec le raisin qui étaient là depuis hier ne sont pas très compliquées <eos>,14,compliquées,compliqués,12,M,S,compliquées,-8.254646,compliqués,-8.914879,1
5535,P_NOUN_9_ADJ_b,F,P,les cloches avec le chargeur qui étaient là depuis hier ne sont pas très vertes <eos>,14,vertes,verts,12,M,S,vertes,-10.843933,verts,-11.792511,1
5536,P_NOUN_9_ADJ_b,F,P,les cloches avec le chargeur qui étaient là depuis hier ne sont pas très bleues <eos>,14,bleues,bleus,12,M,S,bleues,-11.876575,bleus,-12.249008,1
5537,P_NOUN_9_ADJ_b,F,P,les cloches avec le chargeur qui étaient là depuis hier ne sont pas très noires <eos>,14,noires,noirs,12,M,S,noires,-10.114546,noirs,-12.880173,1
5538,P_NOUN_9_ADJ_b,F,P,les cloches avec le chargeur qui étaient là depuis hier ne sont pas très délicates <eos>,14,délicates,délicats,12,M,S,délicates,-8.060509,délicats,-9.915087,1
5539,P_NOUN_9_ADJ_b,F,P,les cloches avec le chargeur qui étaient là depuis hier ne sont pas très pointues <eos>,14,pointues,pointus,12,M,S,pointues,-8.91889,pointus,-12.157757,1
5540,P_NOUN_9_ADJ_b,F,P,les cloches avec le chargeur qui étaient là depuis hier ne sont pas très rondes <eos>,14,rondes,ronds,12,M,S,rondes,-10.469441,ronds,-12.175872,1
5541,P_NOUN_9_ADJ_b,F,P,les cloches avec le chargeur qui étaient là depuis hier ne sont pas très froides <eos>,14,froides,froids,12,M,S,froides,-6.502258,froids,-11.554411,1
5542,P_NOUN_9_ADJ_b,F,P,les cloches avec le chargeur qui étaient là depuis hier ne sont pas très chaudes <eos>,14,chaudes,chauds,12,M,S,chaudes,-7.3570824,chauds,-9.181991,1
5543,P_NOUN_9_ADJ_b,F,P,les cloches avec le chargeur qui étaient là depuis hier ne sont pas très importantes <eos>,14,importantes,importants,12,M,S,importantes,-5.2236032,importants,-8.638714,1
5544,P_NOUN_9_ADJ_b,F,P,les cloches avec le chargeur qui étaient là depuis hier ne sont pas très courtes <eos>,14,courtes,courts,12,M,S,courtes,-6.626751,courts,-9.241853,1
5545,P_NOUN_9_ADJ_b,F,P,les cloches avec le chargeur qui étaient là depuis hier ne sont pas très dures <eos>,14,dures,durs,12,M,S,dures,-5.2357073,durs,-7.1217012,1
5546,P_NOUN_9_ADJ_b,F,P,les cloches avec le chargeur qui étaient là depuis hier ne sont pas très claires <eos>,14,claires,clairs,12,M,S,claires,-5.3882694,clairs,-7.828849,1
5547,P_NOUN_9_ADJ_b,F,P,les cloches avec le chargeur qui étaient là depuis hier ne sont pas très intéressantes <eos>,14,intéressantes,intéressants,12,M,S,intéressantes,-6.4954615,intéressants,-8.855861,1
5548,P_NOUN_9_ADJ_b,F,P,les cloches avec le chargeur qui étaient là depuis hier ne sont pas très brillantes <eos>,14,brillantes,brillants,12,M,S,brillantes,-7.2838774,brillants,-8.98833,1
5549,P_NOUN_9_ADJ_b,F,P,les cloches avec le chargeur qui étaient là depuis hier ne sont pas très compliquées <eos>,14,compliquées,compliqués,12,M,S,compliquées,-7.2231236,compliqués,-8.170039,1
5550,P_NOUN_9_ADJ_b,F,P,les cloches avec le vase qui étaient là depuis hier ne sont pas très vertes <eos>,14,vertes,verts,12,M,S,vertes,-10.696378,verts,-11.2006235,1
5551,P_NOUN_9_ADJ_b,F,P,les cloches avec le vase qui étaient là depuis hier ne sont pas très bleues <eos>,14,bleues,bleus,12,M,S,bleues,-11.606271,bleus,-12.208647,1
5552,P_NOUN_9_ADJ_b,F,P,les cloches avec le vase qui étaient là depuis hier ne sont pas très noires <eos>,14,noires,noirs,12,M,S,noires,-10.30958,noirs,-13.309726,1
5553,P_NOUN_9_ADJ_b,F,P,les cloches avec le vase qui étaient là depuis hier ne sont pas très délicates <eos>,14,délicates,délicats,12,M,S,délicates,-6.902451,délicats,-8.8682575,1
5554,P_NOUN_9_ADJ_b,F,P,les cloches avec le vase qui étaient là depuis hier ne sont pas très pointues <eos>,14,pointues,pointus,12,M,S,pointues,-9.126444,pointus,-12.024452,1
5555,P_NOUN_9_ADJ_b,F,P,les cloches avec le vase qui étaient là depuis hier ne sont pas très rondes <eos>,14,rondes,ronds,12,M,S,rondes,-10.610339,ronds,-11.917962,1
5556,P_NOUN_9_ADJ_b,F,P,les cloches avec le vase qui étaient là depuis hier ne sont pas très froides <eos>,14,froides,froids,12,M,S,froides,-6.6294127,froids,-11.012411,1
5557,P_NOUN_9_ADJ_b,F,P,les cloches avec le vase qui étaient là depuis hier ne sont pas très chaudes <eos>,14,chaudes,chauds,12,M,S,chaudes,-6.3708053,chauds,-9.451021,1
5558,P_NOUN_9_ADJ_b,F,P,les cloches avec le vase qui étaient là depuis hier ne sont pas très importantes <eos>,14,importantes,importants,12,M,S,importantes,-4.6995955,importants,-7.9102287,1
5559,P_NOUN_9_ADJ_b,F,P,les cloches avec le vase qui étaient là depuis hier ne sont pas très courtes <eos>,14,courtes,courts,12,M,S,courtes,-7.6256914,courts,-9.623764,1
5560,P_NOUN_9_ADJ_b,F,P,les cloches avec le vase qui étaient là depuis hier ne sont pas très dures <eos>,14,dures,durs,12,M,S,dures,-5.1565247,durs,-7.6922665,1
5561,P_NOUN_9_ADJ_b,F,P,les cloches avec le vase qui étaient là depuis hier ne sont pas très claires <eos>,14,claires,clairs,12,M,S,claires,-4.606701,clairs,-7.0965786,1
5562,P_NOUN_9_ADJ_b,F,P,les cloches avec le vase qui étaient là depuis hier ne sont pas très intéressantes <eos>,14,intéressantes,intéressants,12,M,S,intéressantes,-5.812457,intéressants,-8.147087,1
5563,P_NOUN_9_ADJ_b,F,P,les cloches avec le vase qui étaient là depuis hier ne sont pas très brillantes <eos>,14,brillantes,brillants,12,M,S,brillantes,-6.7072735,brillants,-8.837087,1
5564,P_NOUN_9_ADJ_b,F,P,les cloches avec le vase qui étaient là depuis hier ne sont pas très compliquées <eos>,14,compliquées,compliqués,12,M,S,compliquées,-7.5209556,compliqués,-8.395674,1
5565,P_NOUN_9_ADJ_b,F,P,les cloches avec le panier qui étaient là depuis hier ne sont pas très vertes <eos>,14,vertes,verts,12,M,S,vertes,-10.661707,verts,-11.283793,1
5566,P_NOUN_9_ADJ_b,F,P,les cloches avec le panier qui étaient là depuis hier ne sont pas très bleues <eos>,14,bleues,bleus,12,M,S,bleues,-11.67115,bleus,-11.960236,1
5567,P_NOUN_9_ADJ_b,F,P,les cloches avec le panier qui étaient là depuis hier ne sont pas très noires <eos>,14,noires,noirs,12,M,S,noires,-10.361087,noirs,-12.989284,1
5568,P_NOUN_9_ADJ_b,F,P,les cloches avec le panier qui étaient là depuis hier ne sont pas très délicates <eos>,14,délicates,délicats,12,M,S,délicates,-7.3276267,délicats,-9.071606,1
5569,P_NOUN_9_ADJ_b,F,P,les cloches avec le panier qui étaient là depuis hier ne sont pas très pointues <eos>,14,pointues,pointus,12,M,S,pointues,-8.799068,pointus,-11.966091,1
5570,P_NOUN_9_ADJ_b,F,P,les cloches avec le panier qui étaient là depuis hier ne sont pas très rondes <eos>,14,rondes,ronds,12,M,S,rondes,-9.962732,ronds,-11.347973,1
5571,P_NOUN_9_ADJ_b,F,P,les cloches avec le panier qui étaient là depuis hier ne sont pas très froides <eos>,14,froides,froids,12,M,S,froides,-6.4988546,froids,-11.147752,1
5572,P_NOUN_9_ADJ_b,F,P,les cloches avec le panier qui étaient là depuis hier ne sont pas très chaudes <eos>,14,chaudes,chauds,12,M,S,chaudes,-6.6210737,chauds,-9.123304,1
5573,P_NOUN_9_ADJ_b,F,P,les cloches avec le panier qui étaient là depuis hier ne sont pas très importantes <eos>,14,importantes,importants,12,M,S,importantes,-5.144946,importants,-7.998001,1
5574,P_NOUN_9_ADJ_b,F,P,les cloches avec le panier qui étaient là depuis hier ne sont pas très courtes <eos>,14,courtes,courts,12,M,S,courtes,-7.061259,courts,-8.96661,1
5575,P_NOUN_9_ADJ_b,F,P,les cloches avec le panier qui étaient là depuis hier ne sont pas très dures <eos>,14,dures,durs,12,M,S,dures,-5.3537054,durs,-7.365095,1
5576,P_NOUN_9_ADJ_b,F,P,les cloches avec le panier qui étaient là depuis hier ne sont pas très claires <eos>,14,claires,clairs,12,M,S,claires,-4.705885,clairs,-7.2809877,1
5577,P_NOUN_9_ADJ_b,F,P,les cloches avec le panier qui étaient là depuis hier ne sont pas très intéressantes <eos>,14,intéressantes,intéressants,12,M,S,intéressantes,-6.183174,intéressants,-8.260045,1
5578,P_NOUN_9_ADJ_b,F,P,les cloches avec le panier qui étaient là depuis hier ne sont pas très brillantes <eos>,14,brillantes,brillants,12,M,S,brillantes,-7.1662817,brillants,-8.573117,1
5579,P_NOUN_9_ADJ_b,F,P,les cloches avec le panier qui étaient là depuis hier ne sont pas très compliquées <eos>,14,compliquées,compliqués,12,M,S,compliquées,-7.6858387,compliqués,-8.239104,1
5580,P_NOUN_9_ADJ_b,F,P,les cloches avec le collier qui étaient là depuis hier ne sont pas très vertes <eos>,14,vertes,verts,12,M,S,vertes,-10.648525,verts,-10.5900955,0
5581,P_NOUN_9_ADJ_b,F,P,les cloches avec le collier qui étaient là depuis hier ne sont pas très bleues <eos>,14,bleues,bleus,12,M,S,bleues,-11.169771,bleus,-11.624773,1
5582,P_NOUN_9_ADJ_b,F,P,les cloches avec le collier qui étaient là depuis hier ne sont pas très noires <eos>,14,noires,noirs,12,M,S,noires,-10.259541,noirs,-12.522131,1
5583,P_NOUN_9_ADJ_b,F,P,les cloches avec le collier qui étaient là depuis hier ne sont pas très délicates <eos>,14,délicates,délicats,12,M,S,délicates,-7.192067,délicats,-9.326479,1
5584,P_NOUN_9_ADJ_b,F,P,les cloches avec le collier qui étaient là depuis hier ne sont pas très pointues <eos>,14,pointues,pointus,12,M,S,pointues,-8.818221,pointus,-11.6885195,1
5585,P_NOUN_9_ADJ_b,F,P,les cloches avec le collier qui étaient là depuis hier ne sont pas très rondes <eos>,14,rondes,ronds,12,M,S,rondes,-10.230696,ronds,-11.489816,1
5586,P_NOUN_9_ADJ_b,F,P,les cloches avec le collier qui étaient là depuis hier ne sont pas très froides <eos>,14,froides,froids,12,M,S,froides,-6.5185604,froids,-11.197212,1
5587,P_NOUN_9_ADJ_b,F,P,les cloches avec le collier qui étaient là depuis hier ne sont pas très chaudes <eos>,14,chaudes,chauds,12,M,S,chaudes,-6.77112,chauds,-9.1224375,1
5588,P_NOUN_9_ADJ_b,F,P,les cloches avec le collier qui étaient là depuis hier ne sont pas très importantes <eos>,14,importantes,importants,12,M,S,importantes,-5.196433,importants,-7.748951,1
5589,P_NOUN_9_ADJ_b,F,P,les cloches avec le collier qui étaient là depuis hier ne sont pas très courtes <eos>,14,courtes,courts,12,M,S,courtes,-7.3722305,courts,-9.099781,1
5590,P_NOUN_9_ADJ_b,F,P,les cloches avec le collier qui étaient là depuis hier ne sont pas très dures <eos>,14,dures,durs,12,M,S,dures,-5.433588,durs,-7.4946365,1
5591,P_NOUN_9_ADJ_b,F,P,les cloches avec le collier qui étaient là depuis hier ne sont pas très claires <eos>,14,claires,clairs,12,M,S,claires,-4.577593,clairs,-6.5883102,1
5592,P_NOUN_9_ADJ_b,F,P,les cloches avec le collier qui étaient là depuis hier ne sont pas très intéressantes <eos>,14,intéressantes,intéressants,12,M,S,intéressantes,-6.1896033,intéressants,-7.8635173,1
5593,P_NOUN_9_ADJ_b,F,P,les cloches avec le collier qui étaient là depuis hier ne sont pas très brillantes <eos>,14,brillantes,brillants,12,M,S,brillantes,-6.4658537,brillants,-8.124564,1
5594,P_NOUN_9_ADJ_b,F,P,les cloches avec le collier qui étaient là depuis hier ne sont pas très compliquées <eos>,14,compliquées,compliqués,12,M,S,compliquées,-7.2867794,compliqués,-7.9879475,1
5595,P_NOUN_9_ADJ_b,F,P,les cloches avec le chapeau qui étaient là depuis hier ne sont pas très vertes <eos>,14,vertes,verts,12,M,S,vertes,-10.424788,verts,-11.162636,1
5596,P_NOUN_9_ADJ_b,F,P,les cloches avec le chapeau qui étaient là depuis hier ne sont pas très bleues <eos>,14,bleues,bleus,12,M,S,bleues,-10.962761,bleus,-11.661425,1
5597,P_NOUN_9_ADJ_b,F,P,les cloches avec le chapeau qui étaient là depuis hier ne sont pas très noires <eos>,14,noires,noirs,12,M,S,noires,-9.800808,noirs,-12.719487,1
5598,P_NOUN_9_ADJ_b,F,P,les cloches avec le chapeau qui étaient là depuis hier ne sont pas très délicates <eos>,14,délicates,délicats,12,M,S,délicates,-7.0611725,délicats,-9.250985,1
5599,P_NOUN_9_ADJ_b,F,P,les cloches avec le chapeau qui étaient là depuis hier ne sont pas très pointues <eos>,14,pointues,pointus,12,M,S,pointues,-8.548931,pointus,-12.057455,1
5600,P_NOUN_9_ADJ_b,F,P,les cloches avec le chapeau qui étaient là depuis hier ne sont pas très rondes <eos>,14,rondes,ronds,12,M,S,rondes,-9.940928,ronds,-11.534345,1
5601,P_NOUN_9_ADJ_b,F,P,les cloches avec le chapeau qui étaient là depuis hier ne sont pas très froides <eos>,14,froides,froids,12,M,S,froides,-6.592407,froids,-11.276976,1
5602,P_NOUN_9_ADJ_b,F,P,les cloches avec le chapeau qui étaient là depuis hier ne sont pas très chaudes <eos>,14,chaudes,chauds,12,M,S,chaudes,-6.5308156,chauds,-9.40885,1
5603,P_NOUN_9_ADJ_b,F,P,les cloches avec le chapeau qui étaient là depuis hier ne sont pas très importantes <eos>,14,importantes,importants,12,M,S,importantes,-5.20921,importants,-8.567322,1
5604,P_NOUN_9_ADJ_b,F,P,les cloches avec le chapeau qui étaient là depuis hier ne sont pas très courtes <eos>,14,courtes,courts,12,M,S,courtes,-6.888137,courts,-9.362547,1
5605,P_NOUN_9_ADJ_b,F,P,les cloches avec le chapeau qui étaient là depuis hier ne sont pas très dures <eos>,14,dures,durs,12,M,S,dures,-5.290566,durs,-7.7662854,1
5606,P_NOUN_9_ADJ_b,F,P,les cloches avec le chapeau qui étaient là depuis hier ne sont pas très claires <eos>,14,claires,clairs,12,M,S,claires,-4.3377256,clairs,-7.029172,1
5607,P_NOUN_9_ADJ_b,F,P,les cloches avec le chapeau qui étaient là depuis hier ne sont pas très intéressantes <eos>,14,intéressantes,intéressants,12,M,S,intéressantes,-6.200153,intéressants,-8.635981,1
5608,P_NOUN_9_ADJ_b,F,P,les cloches avec le chapeau qui étaient là depuis hier ne sont pas très brillantes <eos>,14,brillantes,brillants,12,M,S,brillantes,-6.5432677,brillants,-8.785025,1
5609,P_NOUN_9_ADJ_b,F,P,les cloches avec le chapeau qui étaient là depuis hier ne sont pas très compliquées <eos>,14,compliquées,compliqués,12,M,S,compliquées,-7.5366917,compliqués,-8.676605,1
5610,P_NOUN_9_ADJ_b,F,P,les cloches avec le pot qui étaient là depuis hier ne sont pas très vertes <eos>,14,vertes,verts,12,M,S,vertes,-10.376149,verts,-10.829626,1
5611,P_NOUN_9_ADJ_b,F,P,les cloches avec le pot qui étaient là depuis hier ne sont pas très bleues <eos>,14,bleues,bleus,12,M,S,bleues,-11.381447,bleus,-11.646868,1
5612,P_NOUN_9_ADJ_b,F,P,les cloches avec le pot qui étaient là depuis hier ne sont pas très noires <eos>,14,noires,noirs,12,M,S,noires,-10.190987,noirs,-12.735143,1
5613,P_NOUN_9_ADJ_b,F,P,les cloches avec le pot qui étaient là depuis hier ne sont pas très délicates <eos>,14,délicates,délicats,12,M,S,délicates,-7.1633234,délicats,-9.005114,1
5614,P_NOUN_9_ADJ_b,F,P,les cloches avec le pot qui étaient là depuis hier ne sont pas très pointues <eos>,14,pointues,pointus,12,M,S,pointues,-9.285256,pointus,-12.247847,1
5615,P_NOUN_9_ADJ_b,F,P,les cloches avec le pot qui étaient là depuis hier ne sont pas très rondes <eos>,14,rondes,ronds,12,M,S,rondes,-10.391734,ronds,-11.68689,1
5616,P_NOUN_9_ADJ_b,F,P,les cloches avec le pot qui étaient là depuis hier ne sont pas très froides <eos>,14,froides,froids,12,M,S,froides,-6.3462844,froids,-10.679312,1
5617,P_NOUN_9_ADJ_b,F,P,les cloches avec le pot qui étaient là depuis hier ne sont pas très chaudes <eos>,14,chaudes,chauds,12,M,S,chaudes,-6.26485,chauds,-8.938612,1
5618,P_NOUN_9_ADJ_b,F,P,les cloches avec le pot qui étaient là depuis hier ne sont pas très importantes <eos>,14,importantes,importants,12,M,S,importantes,-4.8342047,importants,-7.98825,1
5619,P_NOUN_9_ADJ_b,F,P,les cloches avec le pot qui étaient là depuis hier ne sont pas très courtes <eos>,14,courtes,courts,12,M,S,courtes,-7.7181787,courts,-9.236202,1
5620,P_NOUN_9_ADJ_b,F,P,les cloches avec le pot qui étaient là depuis hier ne sont pas très dures <eos>,14,dures,durs,12,M,S,dures,-5.3234963,durs,-7.4280143,1
5621,P_NOUN_9_ADJ_b,F,P,les cloches avec le pot qui étaient là depuis hier ne sont pas très claires <eos>,14,claires,clairs,12,M,S,claires,-4.5228796,clairs,-7.1677313,1
5622,P_NOUN_9_ADJ_b,F,P,les cloches avec le pot qui étaient là depuis hier ne sont pas très intéressantes <eos>,14,intéressantes,intéressants,12,M,S,intéressantes,-5.8542285,intéressants,-8.189877,1
5623,P_NOUN_9_ADJ_b,F,P,les cloches avec le pot qui étaient là depuis hier ne sont pas très brillantes <eos>,14,brillantes,brillants,12,M,S,brillantes,-6.8170147,brillants,-8.436737,1
5624,P_NOUN_9_ADJ_b,F,P,les cloches avec le pot qui étaient là depuis hier ne sont pas très compliquées <eos>,14,compliquées,compliqués,12,M,S,compliquées,-7.9012384,compliqués,-8.4718895,1
5625,P_NOUN_9_ADJ_b,F,P,les cloches avec le coussin qui étaient là depuis hier ne sont pas très vertes <eos>,14,vertes,verts,12,M,S,vertes,-10.742798,verts,-11.653229,1
5626,P_NOUN_9_ADJ_b,F,P,les cloches avec le coussin qui étaient là depuis hier ne sont pas très bleues <eos>,14,bleues,bleus,12,M,S,bleues,-11.562908,bleus,-12.098787,1
5627,P_NOUN_9_ADJ_b,F,P,les cloches avec le coussin qui étaient là depuis hier ne sont pas très noires <eos>,14,noires,noirs,12,M,S,noires,-10.281231,noirs,-12.924206,1
5628,P_NOUN_9_ADJ_b,F,P,les cloches avec le coussin qui étaient là depuis hier ne sont pas très délicates <eos>,14,délicates,délicats,12,M,S,délicates,-7.7915354,délicats,-9.323374,1
5629,P_NOUN_9_ADJ_b,F,P,les cloches avec le coussin qui étaient là depuis hier ne sont pas très pointues <eos>,14,pointues,pointus,12,M,S,pointues,-8.583892,pointus,-12.017319,1
5630,P_NOUN_9_ADJ_b,F,P,les cloches avec le coussin qui étaient là depuis hier ne sont pas très rondes <eos>,14,rondes,ronds,12,M,S,rondes,-9.979717,ronds,-11.516624,1
5631,P_NOUN_9_ADJ_b,F,P,les cloches avec le coussin qui étaient là depuis hier ne sont pas très froides <eos>,14,froides,froids,12,M,S,froides,-6.886117,froids,-11.491359,1
5632,P_NOUN_9_ADJ_b,F,P,les cloches avec le coussin qui étaient là depuis hier ne sont pas très chaudes <eos>,14,chaudes,chauds,12,M,S,chaudes,-7.082452,chauds,-9.599641,1
5633,P_NOUN_9_ADJ_b,F,P,les cloches avec le coussin qui étaient là depuis hier ne sont pas très importantes <eos>,14,importantes,importants,12,M,S,importantes,-5.2629776,importants,-8.326524,1
5634,P_NOUN_9_ADJ_b,F,P,les cloches avec le coussin qui étaient là depuis hier ne sont pas très courtes <eos>,14,courtes,courts,12,M,S,courtes,-6.630195,courts,-8.675703,1
5635,P_NOUN_9_ADJ_b,F,P,les cloches avec le coussin qui étaient là depuis hier ne sont pas très dures <eos>,14,dures,durs,12,M,S,dures,-5.3088694,durs,-7.374812,1
5636,P_NOUN_9_ADJ_b,F,P,les cloches avec le coussin qui étaient là depuis hier ne sont pas très claires <eos>,14,claires,clairs,12,M,S,claires,-4.833605,clairs,-7.355979,1
5637,P_NOUN_9_ADJ_b,F,P,les cloches avec le coussin qui étaient là depuis hier ne sont pas très intéressantes <eos>,14,intéressantes,intéressants,12,M,S,intéressantes,-6.481912,intéressants,-8.70459,1
5638,P_NOUN_9_ADJ_b,F,P,les cloches avec le coussin qui étaient là depuis hier ne sont pas très brillantes <eos>,14,brillantes,brillants,12,M,S,brillantes,-7.229059,brillants,-9.042557,1
5639,P_NOUN_9_ADJ_b,F,P,les cloches avec le coussin qui étaient là depuis hier ne sont pas très compliquées <eos>,14,compliquées,compliqués,12,M,S,compliquées,-7.1853704,compliqués,-8.3098345,1
5640,P_NOUN_9_ADJ_b,F,P,les cloches avec le jouet qui étaient là depuis hier ne sont pas très vertes <eos>,14,vertes,verts,12,M,S,vertes,-10.491772,verts,-10.848019,1
5641,P_NOUN_9_ADJ_b,F,P,les cloches avec le jouet qui étaient là depuis hier ne sont pas très bleues <eos>,14,bleues,bleus,12,M,S,bleues,-11.186304,bleus,-11.804024,1
5642,P_NOUN_9_ADJ_b,F,P,les cloches avec le jouet qui étaient là depuis hier ne sont pas très noires <eos>,14,noires,noirs,12,M,S,noires,-10.0867405,noirs,-12.741676,1
5643,P_NOUN_9_ADJ_b,F,P,les cloches avec le jouet qui étaient là depuis hier ne sont pas très délicates <eos>,14,délicates,délicats,12,M,S,délicates,-7.328905,délicats,-9.064033,1
5644,P_NOUN_9_ADJ_b,F,P,les cloches avec le jouet qui étaient là depuis hier ne sont pas très pointues <eos>,14,pointues,pointus,12,M,S,pointues,-8.487318,pointus,-11.935005,1
5645,P_NOUN_9_ADJ_b,F,P,les cloches avec le jouet qui étaient là depuis hier ne sont pas très rondes <eos>,14,rondes,ronds,12,M,S,rondes,-10.003318,ronds,-11.469968,1
5646,P_NOUN_9_ADJ_b,F,P,les cloches avec le jouet qui étaient là depuis hier ne sont pas très froides <eos>,14,froides,froids,12,M,S,froides,-6.390547,froids,-11.043119,1
5647,P_NOUN_9_ADJ_b,F,P,les cloches avec le jouet qui étaient là depuis hier ne sont pas très chaudes <eos>,14,chaudes,chauds,12,M,S,chaudes,-6.5615234,chauds,-9.161714,1
5648,P_NOUN_9_ADJ_b,F,P,les cloches avec le jouet qui étaient là depuis hier ne sont pas très importantes <eos>,14,importantes,importants,12,M,S,importantes,-5.4578004,importants,-8.510399,1
5649,P_NOUN_9_ADJ_b,F,P,les cloches avec le jouet qui étaient là depuis hier ne sont pas très courtes <eos>,14,courtes,courts,12,M,S,courtes,-6.8973103,courts,-9.083242,1
5650,P_NOUN_9_ADJ_b,F,P,les cloches avec le jouet qui étaient là depuis hier ne sont pas très dures <eos>,14,dures,durs,12,M,S,dures,-5.48003,durs,-7.318083,1
5651,P_NOUN_9_ADJ_b,F,P,les cloches avec le jouet qui étaient là depuis hier ne sont pas très claires <eos>,14,claires,clairs,12,M,S,claires,-4.381754,clairs,-7.081853,1
5652,P_NOUN_9_ADJ_b,F,P,les cloches avec le jouet qui étaient là depuis hier ne sont pas très intéressantes <eos>,14,intéressantes,intéressants,12,M,S,intéressantes,-6.2519026,intéressants,-8.517542,1
5653,P_NOUN_9_ADJ_b,F,P,les cloches avec le jouet qui étaient là depuis hier ne sont pas très brillantes <eos>,14,brillantes,brillants,12,M,S,brillantes,-6.718987,brillants,-8.942163,1
5654,P_NOUN_9_ADJ_b,F,P,les cloches avec le jouet qui étaient là depuis hier ne sont pas très compliquées <eos>,14,compliquées,compliqués,12,M,S,compliquées,-7.2515826,compliqués,-8.0998535,1
5655,P_NOUN_9_ADJ_b,F,P,les cloches avec le clou qui étaient là depuis hier ne sont pas très vertes <eos>,14,vertes,verts,12,M,S,vertes,-10.430172,verts,-11.356714,1
5656,P_NOUN_9_ADJ_b,F,P,les cloches avec le clou qui étaient là depuis hier ne sont pas très bleues <eos>,14,bleues,bleus,12,M,S,bleues,-10.932865,bleus,-11.682957,1
5657,P_NOUN_9_ADJ_b,F,P,les cloches avec le clou qui étaient là depuis hier ne sont pas très noires <eos>,14,noires,noirs,12,M,S,noires,-9.998273,noirs,-12.909815,1
5658,P_NOUN_9_ADJ_b,F,P,les cloches avec le clou qui étaient là depuis hier ne sont pas très délicates <eos>,14,délicates,délicats,12,M,S,délicates,-7.1392984,délicats,-9.294361,1
5659,P_NOUN_9_ADJ_b,F,P,les cloches avec le clou qui étaient là depuis hier ne sont pas très pointues <eos>,14,pointues,pointus,12,M,S,pointues,-8.731447,pointus,-11.895681,1
5660,P_NOUN_9_ADJ_b,F,P,les cloches avec le clou qui étaient là depuis hier ne sont pas très rondes <eos>,14,rondes,ronds,12,M,S,rondes,-10.022715,ronds,-11.391896,1
5661,P_NOUN_9_ADJ_b,F,P,les cloches avec le clou qui étaient là depuis hier ne sont pas très froides <eos>,14,froides,froids,12,M,S,froides,-6.722553,froids,-11.787611,1
5662,P_NOUN_9_ADJ_b,F,P,les cloches avec le clou qui étaient là depuis hier ne sont pas très chaudes <eos>,14,chaudes,chauds,12,M,S,chaudes,-6.8334746,chauds,-9.743849,1
5663,P_NOUN_9_ADJ_b,F,P,les cloches avec le clou qui étaient là depuis hier ne sont pas très importantes <eos>,14,importantes,importants,12,M,S,importantes,-5.2073812,importants,-8.581498,1
5664,P_NOUN_9_ADJ_b,F,P,les cloches avec le clou qui étaient là depuis hier ne sont pas très courtes <eos>,14,courtes,courts,12,M,S,courtes,-6.680092,courts,-9.497307,1
5665,P_NOUN_9_ADJ_b,F,P,les cloches avec le clou qui étaient là depuis hier ne sont pas très dures <eos>,14,dures,durs,12,M,S,dures,-5.611498,durs,-8.071344,1
5666,P_NOUN_9_ADJ_b,F,P,les cloches avec le clou qui étaient là depuis hier ne sont pas très claires <eos>,14,claires,clairs,12,M,S,claires,-4.7472906,clairs,-7.158718,1
5667,P_NOUN_9_ADJ_b,F,P,les cloches avec le clou qui étaient là depuis hier ne sont pas très intéressantes <eos>,14,intéressantes,intéressants,12,M,S,intéressantes,-6.259221,intéressants,-8.738636,1
5668,P_NOUN_9_ADJ_b,F,P,les cloches avec le clou qui étaient là depuis hier ne sont pas très brillantes <eos>,14,brillantes,brillants,12,M,S,brillantes,-6.56077,brillants,-9.141417,1
5669,P_NOUN_9_ADJ_b,F,P,les cloches avec le clou qui étaient là depuis hier ne sont pas très compliquées <eos>,14,compliquées,compliqués,12,M,S,compliquées,-7.249755,compliqués,-8.414418,1
5670,P_NOUN_9_ADJ_b,F,P,les cloches avec le billet qui étaient là depuis hier ne sont pas très vertes <eos>,14,vertes,verts,12,M,S,vertes,-10.869883,verts,-11.295025,1
5671,P_NOUN_9_ADJ_b,F,P,les cloches avec le billet qui étaient là depuis hier ne sont pas très bleues <eos>,14,bleues,bleus,12,M,S,bleues,-11.627003,bleus,-11.917723,1
5672,P_NOUN_9_ADJ_b,F,P,les cloches avec le billet qui étaient là depuis hier ne sont pas très noires <eos>,14,noires,noirs,12,M,S,noires,-10.818093,noirs,-12.985949,1
5673,P_NOUN_9_ADJ_b,F,P,les cloches avec le billet qui étaient là depuis hier ne sont pas très délicates <eos>,14,délicates,délicats,12,M,S,délicates,-7.1999598,délicats,-9.690971,1
5674,P_NOUN_9_ADJ_b,F,P,les cloches avec le billet qui étaient là depuis hier ne sont pas très pointues <eos>,14,pointues,pointus,12,M,S,pointues,-9.018995,pointus,-12.299313,1
5675,P_NOUN_9_ADJ_b,F,P,les cloches avec le billet qui étaient là depuis hier ne sont pas très rondes <eos>,14,rondes,ronds,12,M,S,rondes,-10.667341,ronds,-12.10405,1
5676,P_NOUN_9_ADJ_b,F,P,les cloches avec le billet qui étaient là depuis hier ne sont pas très froides <eos>,14,froides,froids,12,M,S,froides,-6.767382,froids,-11.629541,1
5677,P_NOUN_9_ADJ_b,F,P,les cloches avec le billet qui étaient là depuis hier ne sont pas très chaudes <eos>,14,chaudes,chauds,12,M,S,chaudes,-7.2243967,chauds,-9.381374,1
5678,P_NOUN_9_ADJ_b,F,P,les cloches avec le billet qui étaient là depuis hier ne sont pas très importantes <eos>,14,importantes,importants,12,M,S,importantes,-4.6921873,importants,-7.820076,1
5679,P_NOUN_9_ADJ_b,F,P,les cloches avec le billet qui étaient là depuis hier ne sont pas très courtes <eos>,14,courtes,courts,12,M,S,courtes,-6.9494066,courts,-9.155178,1
5680,P_NOUN_9_ADJ_b,F,P,les cloches avec le billet qui étaient là depuis hier ne sont pas très dures <eos>,14,dures,durs,12,M,S,dures,-5.3198233,durs,-7.76143,1
5681,P_NOUN_9_ADJ_b,F,P,les cloches avec le billet qui étaient là depuis hier ne sont pas très claires <eos>,14,claires,clairs,12,M,S,claires,-5.318891,clairs,-7.512922,1
5682,P_NOUN_9_ADJ_b,F,P,les cloches avec le billet qui étaient là depuis hier ne sont pas très intéressantes <eos>,14,intéressantes,intéressants,12,M,S,intéressantes,-5.8300443,intéressants,-7.987411,1
5683,P_NOUN_9_ADJ_b,F,P,les cloches avec le billet qui étaient là depuis hier ne sont pas très brillantes <eos>,14,brillantes,brillants,12,M,S,brillantes,-7.0165205,brillants,-8.301274,1
5684,P_NOUN_9_ADJ_b,F,P,les cloches avec le billet qui étaient là depuis hier ne sont pas très compliquées <eos>,14,compliquées,compliqués,12,M,S,compliquées,-7.459386,compliqués,-8.390735,1
5685,P_NOUN_9_ADJ_b,F,P,les cloches avec le légume qui étaient là depuis hier ne sont pas très vertes <eos>,14,vertes,verts,12,M,S,vertes,-10.528765,verts,-11.116348,1
5686,P_NOUN_9_ADJ_b,F,P,les cloches avec le légume qui étaient là depuis hier ne sont pas très bleues <eos>,14,bleues,bleus,12,M,S,bleues,-11.486333,bleus,-12.005477,1
5687,P_NOUN_9_ADJ_b,F,P,les cloches avec le légume qui étaient là depuis hier ne sont pas très noires <eos>,14,noires,noirs,12,M,S,noires,-10.143334,noirs,-12.5371065,1
5688,P_NOUN_9_ADJ_b,F,P,les cloches avec le légume qui étaient là depuis hier ne sont pas très délicates <eos>,14,délicates,délicats,12,M,S,délicates,-7.1558294,délicats,-9.1566,1
5689,P_NOUN_9_ADJ_b,F,P,les cloches avec le légume qui étaient là depuis hier ne sont pas très pointues <eos>,14,pointues,pointus,12,M,S,pointues,-9.555846,pointus,-13.207982,1
5690,P_NOUN_9_ADJ_b,F,P,les cloches avec le légume qui étaient là depuis hier ne sont pas très rondes <eos>,14,rondes,ronds,12,M,S,rondes,-10.422351,ronds,-11.934851,1
5691,P_NOUN_9_ADJ_b,F,P,les cloches avec le légume qui étaient là depuis hier ne sont pas très froides <eos>,14,froides,froids,12,M,S,froides,-5.858757,froids,-10.350571,1
5692,P_NOUN_9_ADJ_b,F,P,les cloches avec le légume qui étaient là depuis hier ne sont pas très chaudes <eos>,14,chaudes,chauds,12,M,S,chaudes,-5.788701,chauds,-9.059435,1
5693,P_NOUN_9_ADJ_b,F,P,les cloches avec le légume qui étaient là depuis hier ne sont pas très importantes <eos>,14,importantes,importants,12,M,S,importantes,-4.397661,importants,-8.026144,1
5694,P_NOUN_9_ADJ_b,F,P,les cloches avec le légume qui étaient là depuis hier ne sont pas très courtes <eos>,14,courtes,courts,12,M,S,courtes,-7.9400005,courts,-9.88837,1
5695,P_NOUN_9_ADJ_b,F,P,les cloches avec le légume qui étaient là depuis hier ne sont pas très dures <eos>,14,dures,durs,12,M,S,dures,-5.181276,durs,-7.975491,1
5696,P_NOUN_9_ADJ_b,F,P,les cloches avec le légume qui étaient là depuis hier ne sont pas très claires <eos>,14,claires,clairs,12,M,S,claires,-4.1140566,clairs,-7.6817875,1
5697,P_NOUN_9_ADJ_b,F,P,les cloches avec le légume qui étaient là depuis hier ne sont pas très intéressantes <eos>,14,intéressantes,intéressants,12,M,S,intéressantes,-6.0455523,intéressants,-8.867741,1
5698,P_NOUN_9_ADJ_b,F,P,les cloches avec le légume qui étaient là depuis hier ne sont pas très brillantes <eos>,14,brillantes,brillants,12,M,S,brillantes,-6.4050694,brillants,-9.156666,1
5699,P_NOUN_9_ADJ_b,F,P,les cloches avec le légume qui étaient là depuis hier ne sont pas très compliquées <eos>,14,compliquées,compliqués,12,M,S,compliquées,-8.329218,compliqués,-9.267509,1
5700,P_NOUN_9_ADJ_b,F,P,les cerises avec le bracelet qui étaient là depuis hier ne sont pas très vertes <eos>,14,vertes,verts,12,M,S,vertes,-10.055344,verts,-9.533419,0
5701,P_NOUN_9_ADJ_b,F,P,les cerises avec le bracelet qui étaient là depuis hier ne sont pas très bleues <eos>,14,bleues,bleus,12,M,S,bleues,-11.390661,bleus,-10.979151,0
5702,P_NOUN_9_ADJ_b,F,P,les cerises avec le bracelet qui étaient là depuis hier ne sont pas très noires <eos>,14,noires,noirs,12,M,S,noires,-9.69788,noirs,-11.307461,1
5703,P_NOUN_9_ADJ_b,F,P,les cerises avec le bracelet qui étaient là depuis hier ne sont pas très délicates <eos>,14,délicates,délicats,12,M,S,délicates,-8.151102,délicats,-8.990132,1
5704,P_NOUN_9_ADJ_b,F,P,les cerises avec le bracelet qui étaient là depuis hier ne sont pas très pointues <eos>,14,pointues,pointus,12,M,S,pointues,-8.977565,pointus,-10.934869,1
5705,P_NOUN_9_ADJ_b,F,P,les cerises avec le bracelet qui étaient là depuis hier ne sont pas très rondes <eos>,14,rondes,ronds,12,M,S,rondes,-10.400594,ronds,-11.530359,1
5706,P_NOUN_9_ADJ_b,F,P,les cerises avec le bracelet qui étaient là depuis hier ne sont pas très froides <eos>,14,froides,froids,12,M,S,froides,-5.6556215,froids,-10.600144,1
5707,P_NOUN_9_ADJ_b,F,P,les cerises avec le bracelet qui étaient là depuis hier ne sont pas très chaudes <eos>,14,chaudes,chauds,12,M,S,chaudes,-6.775872,chauds,-7.9343615,1
5708,P_NOUN_9_ADJ_b,F,P,les cerises avec le bracelet qui étaient là depuis hier ne sont pas très importantes <eos>,14,importantes,importants,12,M,S,importantes,-5.689374,importants,-7.2875834,1
5709,P_NOUN_9_ADJ_b,F,P,les cerises avec le bracelet qui étaient là depuis hier ne sont pas très courtes <eos>,14,courtes,courts,12,M,S,courtes,-7.7639866,courts,-8.005702,1
5710,P_NOUN_9_ADJ_b,F,P,les cerises avec le bracelet qui étaient là depuis hier ne sont pas très dures <eos>,14,dures,durs,12,M,S,dures,-5.174859,durs,-6.359087,1
5711,P_NOUN_9_ADJ_b,F,P,les cerises avec le bracelet qui étaient là depuis hier ne sont pas très claires <eos>,14,claires,clairs,12,M,S,claires,-4.7654567,clairs,-6.4379163,1
5712,P_NOUN_9_ADJ_b,F,P,les cerises avec le bracelet qui étaient là depuis hier ne sont pas très intéressantes <eos>,14,intéressantes,intéressants,12,M,S,intéressantes,-6.741456,intéressants,-7.805895,1
5713,P_NOUN_9_ADJ_b,F,P,les cerises avec le bracelet qui étaient là depuis hier ne sont pas très brillantes <eos>,14,brillantes,brillants,12,M,S,brillantes,-7.2415924,brillants,-7.841362,1
5714,P_NOUN_9_ADJ_b,F,P,les cerises avec le bracelet qui étaient là depuis hier ne sont pas très compliquées <eos>,14,compliquées,compliqués,12,M,S,compliquées,-7.917674,compliqués,-7.6330805,0
5715,P_NOUN_9_ADJ_b,F,P,les cerises avec le miroir qui étaient là depuis hier ne sont pas très vertes <eos>,14,vertes,verts,12,M,S,vertes,-9.642147,verts,-10.586618,1
5716,P_NOUN_9_ADJ_b,F,P,les cerises avec le miroir qui étaient là depuis hier ne sont pas très bleues <eos>,14,bleues,bleus,12,M,S,bleues,-11.070636,bleus,-11.386916,1
5717,P_NOUN_9_ADJ_b,F,P,les cerises avec le miroir qui étaient là depuis hier ne sont pas très noires <eos>,14,noires,noirs,12,M,S,noires,-9.368679,noirs,-11.515408,1
5718,P_NOUN_9_ADJ_b,F,P,les cerises avec le miroir qui étaient là depuis hier ne sont pas très délicates <eos>,14,délicates,délicats,12,M,S,délicates,-7.865213,délicats,-8.162489,1
5719,P_NOUN_9_ADJ_b,F,P,les cerises avec le miroir qui étaient là depuis hier ne sont pas très pointues <eos>,14,pointues,pointus,12,M,S,pointues,-8.786608,pointus,-10.930437,1
5720,P_NOUN_9_ADJ_b,F,P,les cerises avec le miroir qui étaient là depuis hier ne sont pas très rondes <eos>,14,rondes,ronds,12,M,S,rondes,-9.618917,ronds,-10.814985,1
5721,P_NOUN_9_ADJ_b,F,P,les cerises avec le miroir qui étaient là depuis hier ne sont pas très froides <eos>,14,froides,froids,12,M,S,froides,-5.721622,froids,-10.222683,1
5722,P_NOUN_9_ADJ_b,F,P,les cerises avec le miroir qui étaient là depuis hier ne sont pas très chaudes <eos>,14,chaudes,chauds,12,M,S,chaudes,-6.19823,chauds,-8.701308,1
5723,P_NOUN_9_ADJ_b,F,P,les cerises avec le miroir qui étaient là depuis hier ne sont pas très importantes <eos>,14,importantes,importants,12,M,S,importantes,-5.500094,importants,-7.943664,1
5724,P_NOUN_9_ADJ_b,F,P,les cerises avec le miroir qui étaient là depuis hier ne sont pas très courtes <eos>,14,courtes,courts,12,M,S,courtes,-6.711388,courts,-7.988271,1
5725,P_NOUN_9_ADJ_b,F,P,les cerises avec le miroir qui étaient là depuis hier ne sont pas très dures <eos>,14,dures,durs,12,M,S,dures,-5.10896,durs,-7.38737,1
5726,P_NOUN_9_ADJ_b,F,P,les cerises avec le miroir qui étaient là depuis hier ne sont pas très claires <eos>,14,claires,clairs,12,M,S,claires,-4.3955297,clairs,-6.8837166,1
5727,P_NOUN_9_ADJ_b,F,P,les cerises avec le miroir qui étaient là depuis hier ne sont pas très intéressantes <eos>,14,intéressantes,intéressants,12,M,S,intéressantes,-6.7054887,intéressants,-8.563454,1
5728,P_NOUN_9_ADJ_b,F,P,les cerises avec le miroir qui étaient là depuis hier ne sont pas très brillantes <eos>,14,brillantes,brillants,12,M,S,brillantes,-6.384785,brillants,-8.7632885,1
5729,P_NOUN_9_ADJ_b,F,P,les cerises avec le miroir qui étaient là depuis hier ne sont pas très compliquées <eos>,14,compliquées,compliqués,12,M,S,compliquées,-7.455369,compliqués,-7.9178886,1
5730,P_NOUN_9_ADJ_b,F,P,les cerises avec le crayon qui étaient là depuis hier ne sont pas très vertes <eos>,14,vertes,verts,12,M,S,vertes,-9.453616,verts,-10.390637,1
5731,P_NOUN_9_ADJ_b,F,P,les cerises avec le crayon qui étaient là depuis hier ne sont pas très bleues <eos>,14,bleues,bleus,12,M,S,bleues,-10.975715,bleus,-11.346913,1
5732,P_NOUN_9_ADJ_b,F,P,les cerises avec le crayon qui étaient là depuis hier ne sont pas très noires <eos>,14,noires,noirs,12,M,S,noires,-9.375751,noirs,-11.47274,1
5733,P_NOUN_9_ADJ_b,F,P,les cerises avec le crayon qui étaient là depuis hier ne sont pas très délicates <eos>,14,délicates,délicats,12,M,S,délicates,-7.8755894,délicats,-8.157619,1
5734,P_NOUN_9_ADJ_b,F,P,les cerises avec le crayon qui étaient là depuis hier ne sont pas très pointues <eos>,14,pointues,pointus,12,M,S,pointues,-9.505933,pointus,-11.264157,1
5735,P_NOUN_9_ADJ_b,F,P,les cerises avec le crayon qui étaient là depuis hier ne sont pas très rondes <eos>,14,rondes,ronds,12,M,S,rondes,-10.214973,ronds,-10.703379,1
5736,P_NOUN_9_ADJ_b,F,P,les cerises avec le crayon qui étaient là depuis hier ne sont pas très froides <eos>,14,froides,froids,12,M,S,froides,-5.8513174,froids,-10.496564,1
5737,P_NOUN_9_ADJ_b,F,P,les cerises avec le crayon qui étaient là depuis hier ne sont pas très chaudes <eos>,14,chaudes,chauds,12,M,S,chaudes,-6.565688,chauds,-8.772437,1
5738,P_NOUN_9_ADJ_b,F,P,les cerises avec le crayon qui étaient là depuis hier ne sont pas très importantes <eos>,14,importantes,importants,12,M,S,importantes,-5.7696757,importants,-8.092943,1
5739,P_NOUN_9_ADJ_b,F,P,les cerises avec le crayon qui étaient là depuis hier ne sont pas très courtes <eos>,14,courtes,courts,12,M,S,courtes,-7.1874175,courts,-8.3160305,1
5740,P_NOUN_9_ADJ_b,F,P,les cerises avec le crayon qui étaient là depuis hier ne sont pas très dures <eos>,14,dures,durs,12,M,S,dures,-5.097007,durs,-6.819371,1
5741,P_NOUN_9_ADJ_b,F,P,les cerises avec le crayon qui étaient là depuis hier ne sont pas très claires <eos>,14,claires,clairs,12,M,S,claires,-4.3797493,clairs,-6.4198437,1
5742,P_NOUN_9_ADJ_b,F,P,les cerises avec le crayon qui étaient là depuis hier ne sont pas très intéressantes <eos>,14,intéressantes,intéressants,12,M,S,intéressantes,-6.658279,intéressants,-8.474075,1
5743,P_NOUN_9_ADJ_b,F,P,les cerises avec le crayon qui étaient là depuis hier ne sont pas très brillantes <eos>,14,brillantes,brillants,12,M,S,brillantes,-6.44849,brillants,-8.687274,1
5744,P_NOUN_9_ADJ_b,F,P,les cerises avec le crayon qui étaient là depuis hier ne sont pas très compliquées <eos>,14,compliquées,compliqués,12,M,S,compliquées,-7.9172125,compliqués,-7.8316355,0
5745,P_NOUN_9_ADJ_b,F,P,les cerises avec le rideau qui étaient là depuis hier ne sont pas très vertes <eos>,14,vertes,verts,12,M,S,vertes,-10.091431,verts,-10.682316,1
5746,P_NOUN_9_ADJ_b,F,P,les cerises avec le rideau qui étaient là depuis hier ne sont pas très bleues <eos>,14,bleues,bleus,12,M,S,bleues,-10.744687,bleus,-11.041654,1
5747,P_NOUN_9_ADJ_b,F,P,les cerises avec le rideau qui étaient là depuis hier ne sont pas très noires <eos>,14,noires,noirs,12,M,S,noires,-9.089289,noirs,-11.463865,1
5748,P_NOUN_9_ADJ_b,F,P,les cerises avec le rideau qui étaient là depuis hier ne sont pas très délicates <eos>,14,délicates,délicats,12,M,S,délicates,-7.6682777,délicats,-8.4197,1
5749,P_NOUN_9_ADJ_b,F,P,les cerises avec le rideau qui étaient là depuis hier ne sont pas très pointues <eos>,14,pointues,pointus,12,M,S,pointues,-8.929962,pointus,-11.532877,1
5750,P_NOUN_9_ADJ_b,F,P,les cerises avec le rideau qui étaient là depuis hier ne sont pas très rondes <eos>,14,rondes,ronds,12,M,S,rondes,-9.733549,ronds,-10.786898,1
5751,P_NOUN_9_ADJ_b,F,P,les cerises avec le rideau qui étaient là depuis hier ne sont pas très froides <eos>,14,froides,froids,12,M,S,froides,-5.5750875,froids,-10.200324,1
5752,P_NOUN_9_ADJ_b,F,P,les cerises avec le rideau qui étaient là depuis hier ne sont pas très chaudes <eos>,14,chaudes,chauds,12,M,S,chaudes,-6.4178343,chauds,-8.713998,1
5753,P_NOUN_9_ADJ_b,F,P,les cerises avec le rideau qui étaient là depuis hier ne sont pas très importantes <eos>,14,importantes,importants,12,M,S,importantes,-5.28308,importants,-7.85065,1
5754,P_NOUN_9_ADJ_b,F,P,les cerises avec le rideau qui étaient là depuis hier ne sont pas très courtes <eos>,14,courtes,courts,12,M,S,courtes,-6.784959,courts,-8.271441,1
5755,P_NOUN_9_ADJ_b,F,P,les cerises avec le rideau qui étaient là depuis hier ne sont pas très dures <eos>,14,dures,durs,12,M,S,dures,-4.8662276,durs,-7.2404723,1
5756,P_NOUN_9_ADJ_b,F,P,les cerises avec le rideau qui étaient là depuis hier ne sont pas très claires <eos>,14,claires,clairs,12,M,S,claires,-4.2883787,clairs,-6.8631287,1
5757,P_NOUN_9_ADJ_b,F,P,les cerises avec le rideau qui étaient là depuis hier ne sont pas très intéressantes <eos>,14,intéressantes,intéressants,12,M,S,intéressantes,-6.674379,intéressants,-8.692247,1
5758,P_NOUN_9_ADJ_b,F,P,les cerises avec le rideau qui étaient là depuis hier ne sont pas très brillantes <eos>,14,brillantes,brillants,12,M,S,brillantes,-6.5625296,brillants,-9.252274,1
5759,P_NOUN_9_ADJ_b,F,P,les cerises avec le rideau qui étaient là depuis hier ne sont pas très compliquées <eos>,14,compliquées,compliqués,12,M,S,compliquées,-7.837692,compliqués,-8.425127,1
5760,P_NOUN_9_ADJ_b,F,P,les cerises avec le cahier qui étaient là depuis hier ne sont pas très vertes <eos>,14,vertes,verts,12,M,S,vertes,-10.099263,verts,-10.330524,1
5761,P_NOUN_9_ADJ_b,F,P,les cerises avec le cahier qui étaient là depuis hier ne sont pas très bleues <eos>,14,bleues,bleus,12,M,S,bleues,-11.700064,bleus,-11.499159,0
5762,P_NOUN_9_ADJ_b,F,P,les cerises avec le cahier qui étaient là depuis hier ne sont pas très noires <eos>,14,noires,noirs,12,M,S,noires,-10.002917,noirs,-11.353937,1
5763,P_NOUN_9_ADJ_b,F,P,les cerises avec le cahier qui étaient là depuis hier ne sont pas très délicates <eos>,14,délicates,délicats,12,M,S,délicates,-7.656968,délicats,-7.7913837,1
5764,P_NOUN_9_ADJ_b,F,P,les cerises avec le cahier qui étaient là depuis hier ne sont pas très pointues <eos>,14,pointues,pointus,12,M,S,pointues,-9.35993,pointus,-10.996015,1
5765,P_NOUN_9_ADJ_b,F,P,les cerises avec le cahier qui étaient là depuis hier ne sont pas très rondes <eos>,14,rondes,ronds,12,M,S,rondes,-10.020292,ronds,-10.879252,1
5766,P_NOUN_9_ADJ_b,F,P,les cerises avec le cahier qui étaient là depuis hier ne sont pas très froides <eos>,14,froides,froids,12,M,S,froides,-5.565508,froids,-9.631837,1
5767,P_NOUN_9_ADJ_b,F,P,les cerises avec le cahier qui étaient là depuis hier ne sont pas très chaudes <eos>,14,chaudes,chauds,12,M,S,chaudes,-6.283098,chauds,-8.08234,1
5768,P_NOUN_9_ADJ_b,F,P,les cerises avec le cahier qui étaient là depuis hier ne sont pas très importantes <eos>,14,importantes,importants,12,M,S,importantes,-5.5642843,importants,-6.821725,1
5769,P_NOUN_9_ADJ_b,F,P,les cerises avec le cahier qui étaient là depuis hier ne sont pas très courtes <eos>,14,courtes,courts,12,M,S,courtes,-7.186847,courts,-7.5538087,1
5770,P_NOUN_9_ADJ_b,F,P,les cerises avec le cahier qui étaient là depuis hier ne sont pas très dures <eos>,14,dures,durs,12,M,S,dures,-5.1058865,durs,-6.876828,1
5771,P_NOUN_9_ADJ_b,F,P,les cerises avec le cahier qui étaient là depuis hier ne sont pas très claires <eos>,14,claires,clairs,12,M,S,claires,-4.299762,clairs,-6.170538,1
5772,P_NOUN_9_ADJ_b,F,P,les cerises avec le cahier qui étaient là depuis hier ne sont pas très intéressantes <eos>,14,intéressantes,intéressants,12,M,S,intéressantes,-6.5379715,intéressants,-7.6501856,1
5773,P_NOUN_9_ADJ_b,F,P,les cerises avec le cahier qui étaient là depuis hier ne sont pas très brillantes <eos>,14,brillantes,brillants,12,M,S,brillantes,-7.333207,brillants,-8.633108,1
5774,P_NOUN_9_ADJ_b,F,P,les cerises avec le cahier qui étaient là depuis hier ne sont pas très compliquées <eos>,14,compliquées,compliqués,12,M,S,compliquées,-8.147898,compliqués,-7.9328756,0
5775,P_NOUN_9_ADJ_b,F,P,les cerises avec le micro qui étaient là depuis hier ne sont pas très vertes <eos>,14,vertes,verts,12,M,S,vertes,-9.778956,verts,-10.545013,1
5776,P_NOUN_9_ADJ_b,F,P,les cerises avec le micro qui étaient là depuis hier ne sont pas très bleues <eos>,14,bleues,bleus,12,M,S,bleues,-10.847818,bleus,-10.93482,1
5777,P_NOUN_9_ADJ_b,F,P,les cerises avec le micro qui étaient là depuis hier ne sont pas très noires <eos>,14,noires,noirs,12,M,S,noires,-9.228863,noirs,-11.548915,1
5778,P_NOUN_9_ADJ_b,F,P,les cerises avec le micro qui étaient là depuis hier ne sont pas très délicates <eos>,14,délicates,délicats,12,M,S,délicates,-7.87292,délicats,-8.36275,1
5779,P_NOUN_9_ADJ_b,F,P,les cerises avec le micro qui étaient là depuis hier ne sont pas très pointues <eos>,14,pointues,pointus,12,M,S,pointues,-9.111969,pointus,-11.587481,1
5780,P_NOUN_9_ADJ_b,F,P,les cerises avec le micro qui étaient là depuis hier ne sont pas très rondes <eos>,14,rondes,ronds,12,M,S,rondes,-9.8941765,ronds,-10.995853,1
5781,P_NOUN_9_ADJ_b,F,P,les cerises avec le micro qui étaient là depuis hier ne sont pas très froides <eos>,14,froides,froids,12,M,S,froides,-5.389905,froids,-10.104349,1
5782,P_NOUN_9_ADJ_b,F,P,les cerises avec le micro qui étaient là depuis hier ne sont pas très chaudes <eos>,14,chaudes,chauds,12,M,S,chaudes,-6.1972723,chauds,-8.641448,1
5783,P_NOUN_9_ADJ_b,F,P,les cerises avec le micro qui étaient là depuis hier ne sont pas très importantes <eos>,14,importantes,importants,12,M,S,importantes,-5.2463007,importants,-7.774782,1
5784,P_NOUN_9_ADJ_b,F,P,les cerises avec le micro qui étaient là depuis hier ne sont pas très courtes <eos>,14,courtes,courts,12,M,S,courtes,-6.554469,courts,-7.8770056,1
5785,P_NOUN_9_ADJ_b,F,P,les cerises avec le micro qui étaient là depuis hier ne sont pas très dures <eos>,14,dures,durs,12,M,S,dures,-5.179088,durs,-7.154096,1
5786,P_NOUN_9_ADJ_b,F,P,les cerises avec le micro qui étaient là depuis hier ne sont pas très claires <eos>,14,claires,clairs,12,M,S,claires,-4.0078816,clairs,-7.2609124,1
5787,P_NOUN_9_ADJ_b,F,P,les cerises avec le micro qui étaient là depuis hier ne sont pas très intéressantes <eos>,14,intéressantes,intéressants,12,M,S,intéressantes,-6.3848486,intéressants,-8.579949,1
5788,P_NOUN_9_ADJ_b,F,P,les cerises avec le micro qui étaient là depuis hier ne sont pas très brillantes <eos>,14,brillantes,brillants,12,M,S,brillantes,-7.1438627,brillants,-9.371009,1
5789,P_NOUN_9_ADJ_b,F,P,les cerises avec le micro qui étaient là depuis hier ne sont pas très compliquées <eos>,14,compliquées,compliqués,12,M,S,compliquées,-7.965682,compliqués,-8.595546,1
5790,P_NOUN_9_ADJ_b,F,P,les cerises avec le sac qui étaient là depuis hier ne sont pas très vertes <eos>,14,vertes,verts,12,M,S,vertes,-10.071319,verts,-10.338268,1
5791,P_NOUN_9_ADJ_b,F,P,les cerises avec le sac qui étaient là depuis hier ne sont pas très bleues <eos>,14,bleues,bleus,12,M,S,bleues,-11.354965,bleus,-11.162052,0
5792,P_NOUN_9_ADJ_b,F,P,les cerises avec le sac qui étaient là depuis hier ne sont pas très noires <eos>,14,noires,noirs,12,M,S,noires,-9.4198265,noirs,-11.283348,1
5793,P_NOUN_9_ADJ_b,F,P,les cerises avec le sac qui étaient là depuis hier ne sont pas très délicates <eos>,14,délicates,délicats,12,M,S,délicates,-8.383195,délicats,-8.144428,0
5794,P_NOUN_9_ADJ_b,F,P,les cerises avec le sac qui étaient là depuis hier ne sont pas très pointues <eos>,14,pointues,pointus,12,M,S,pointues,-8.960533,pointus,-11.038282,1
5795,P_NOUN_9_ADJ_b,F,P,les cerises avec le sac qui étaient là depuis hier ne sont pas très rondes <eos>,14,rondes,ronds,12,M,S,rondes,-9.75118,ronds,-10.783546,1
5796,P_NOUN_9_ADJ_b,F,P,les cerises avec le sac qui étaient là depuis hier ne sont pas très froides <eos>,14,froides,froids,12,M,S,froides,-5.5005093,froids,-9.936414,1
5797,P_NOUN_9_ADJ_b,F,P,les cerises avec le sac qui étaient là depuis hier ne sont pas très chaudes <eos>,14,chaudes,chauds,12,M,S,chaudes,-6.447424,chauds,-8.034277,1
5798,P_NOUN_9_ADJ_b,F,P,les cerises avec le sac qui étaient là depuis hier ne sont pas très importantes <eos>,14,importantes,importants,12,M,S,importantes,-5.6545787,importants,-7.475165,1
5799,P_NOUN_9_ADJ_b,F,P,les cerises avec le sac qui étaient là depuis hier ne sont pas très courtes <eos>,14,courtes,courts,12,M,S,courtes,-6.9647694,courts,-7.7609406,1
5800,P_NOUN_9_ADJ_b,F,P,les cerises avec le sac qui étaient là depuis hier ne sont pas très dures <eos>,14,dures,durs,12,M,S,dures,-4.7744045,durs,-6.4864616,1
5801,P_NOUN_9_ADJ_b,F,P,les cerises avec le sac qui étaient là depuis hier ne sont pas très claires <eos>,14,claires,clairs,12,M,S,claires,-4.54788,clairs,-6.738719,1
5802,P_NOUN_9_ADJ_b,F,P,les cerises avec le sac qui étaient là depuis hier ne sont pas très intéressantes <eos>,14,intéressantes,intéressants,12,M,S,intéressantes,-6.7313004,intéressants,-8.302076,1
5803,P_NOUN_9_ADJ_b,F,P,les cerises avec le sac qui étaient là depuis hier ne sont pas très brillantes <eos>,14,brillantes,brillants,12,M,S,brillantes,-7.077697,brillants,-8.763433,1
5804,P_NOUN_9_ADJ_b,F,P,les cerises avec le sac qui étaient là depuis hier ne sont pas très compliquées <eos>,14,compliquées,compliqués,12,M,S,compliquées,-8.0322895,compliqués,-8.148775,1
5805,P_NOUN_9_ADJ_b,F,P,les cerises avec le clavier qui étaient là depuis hier ne sont pas très vertes <eos>,14,vertes,verts,12,M,S,vertes,-10.419803,verts,-10.9452915,1
5806,P_NOUN_9_ADJ_b,F,P,les cerises avec le clavier qui étaient là depuis hier ne sont pas très bleues <eos>,14,bleues,bleus,12,M,S,bleues,-11.58613,bleus,-11.867096,1
5807,P_NOUN_9_ADJ_b,F,P,les cerises avec le clavier qui étaient là depuis hier ne sont pas très noires <eos>,14,noires,noirs,12,M,S,noires,-10.033352,noirs,-12.033491,1
5808,P_NOUN_9_ADJ_b,F,P,les cerises avec le clavier qui étaient là depuis hier ne sont pas très délicates <eos>,14,délicates,délicats,12,M,S,délicates,-8.310541,délicats,-8.827683,1
5809,P_NOUN_9_ADJ_b,F,P,les cerises avec le clavier qui étaient là depuis hier ne sont pas très pointues <eos>,14,pointues,pointus,12,M,S,pointues,-8.879418,pointus,-12.009445,1
5810,P_NOUN_9_ADJ_b,F,P,les cerises avec le clavier qui étaient là depuis hier ne sont pas très rondes <eos>,14,rondes,ronds,12,M,S,rondes,-9.968831,ronds,-11.463422,1
5811,P_NOUN_9_ADJ_b,F,P,les cerises avec le clavier qui étaient là depuis hier ne sont pas très froides <eos>,14,froides,froids,12,M,S,froides,-6.1254845,froids,-11.084307,1
5812,P_NOUN_9_ADJ_b,F,P,les cerises avec le clavier qui étaient là depuis hier ne sont pas très chaudes <eos>,14,chaudes,chauds,12,M,S,chaudes,-7.0879827,chauds,-9.425261,1
5813,P_NOUN_9_ADJ_b,F,P,les cerises avec le clavier qui étaient là depuis hier ne sont pas très importantes <eos>,14,importantes,importants,12,M,S,importantes,-5.7733135,importants,-8.125589,1
5814,P_NOUN_9_ADJ_b,F,P,les cerises avec le clavier qui étaient là depuis hier ne sont pas très courtes <eos>,14,courtes,courts,12,M,S,courtes,-6.703912,courts,-8.137853,1
5815,P_NOUN_9_ADJ_b,F,P,les cerises avec le clavier qui étaient là depuis hier ne sont pas très dures <eos>,14,dures,durs,12,M,S,dures,-5.233818,durs,-6.2519054,1
5816,P_NOUN_9_ADJ_b,F,P,les cerises avec le clavier qui étaient là depuis hier ne sont pas très claires <eos>,14,claires,clairs,12,M,S,claires,-4.155907,clairs,-6.964458,1
5817,P_NOUN_9_ADJ_b,F,P,les cerises avec le clavier qui étaient là depuis hier ne sont pas très intéressantes <eos>,14,intéressantes,intéressants,12,M,S,intéressantes,-6.486025,intéressants,-8.222708,1
5818,P_NOUN_9_ADJ_b,F,P,les cerises avec le clavier qui étaient là depuis hier ne sont pas très brillantes <eos>,14,brillantes,brillants,12,M,S,brillantes,-6.604851,brillants,-9.18276,1
5819,P_NOUN_9_ADJ_b,F,P,les cerises avec le clavier qui étaient là depuis hier ne sont pas très compliquées <eos>,14,compliquées,compliqués,12,M,S,compliquées,-6.8505907,compliqués,-7.546317,1
5820,P_NOUN_9_ADJ_b,F,P,les cerises avec le raisin qui étaient là depuis hier ne sont pas très vertes <eos>,14,vertes,verts,12,M,S,vertes,-9.692048,verts,-11.046352,1
5821,P_NOUN_9_ADJ_b,F,P,les cerises avec le raisin qui étaient là depuis hier ne sont pas très bleues <eos>,14,bleues,bleus,12,M,S,bleues,-11.687967,bleus,-12.020662,1
5822,P_NOUN_9_ADJ_b,F,P,les cerises avec le raisin qui étaient là depuis hier ne sont pas très noires <eos>,14,noires,noirs,12,M,S,noires,-9.77615,noirs,-12.526127,1
5823,P_NOUN_9_ADJ_b,F,P,les cerises avec le raisin qui étaient là depuis hier ne sont pas très délicates <eos>,14,délicates,délicats,12,M,S,délicates,-8.208642,délicats,-8.088632,0
5824,P_NOUN_9_ADJ_b,F,P,les cerises avec le raisin qui étaient là depuis hier ne sont pas très pointues <eos>,14,pointues,pointus,12,M,S,pointues,-9.74821,pointus,-12.450419,1
5825,P_NOUN_9_ADJ_b,F,P,les cerises avec le raisin qui étaient là depuis hier ne sont pas très rondes <eos>,14,rondes,ronds,12,M,S,rondes,-10.57645,ronds,-11.992717,1
5826,P_NOUN_9_ADJ_b,F,P,les cerises avec le raisin qui étaient là depuis hier ne sont pas très froides <eos>,14,froides,froids,12,M,S,froides,-5.5333114,froids,-9.703917,1
5827,P_NOUN_9_ADJ_b,F,P,les cerises avec le raisin qui étaient là depuis hier ne sont pas très chaudes <eos>,14,chaudes,chauds,12,M,S,chaudes,-5.742299,chauds,-8.380713,1
5828,P_NOUN_9_ADJ_b,F,P,les cerises avec le raisin qui étaient là depuis hier ne sont pas très importantes <eos>,14,importantes,importants,12,M,S,importantes,-4.975049,importants,-7.980646,1
5829,P_NOUN_9_ADJ_b,F,P,les cerises avec le raisin qui étaient là depuis hier ne sont pas très courtes <eos>,14,courtes,courts,12,M,S,courtes,-7.25848,courts,-8.781129,1
5830,P_NOUN_9_ADJ_b,F,P,les cerises avec le raisin qui étaient là depuis hier ne sont pas très dures <eos>,14,dures,durs,12,M,S,dures,-5.0185957,durs,-7.1369896,1
5831,P_NOUN_9_ADJ_b,F,P,les cerises avec le raisin qui étaient là depuis hier ne sont pas très claires <eos>,14,claires,clairs,12,M,S,claires,-4.2142797,clairs,-7.5473876,1
5832,P_NOUN_9_ADJ_b,F,P,les cerises avec le raisin qui étaient là depuis hier ne sont pas très intéressantes <eos>,14,intéressantes,intéressants,12,M,S,intéressantes,-6.3750052,intéressants,-9.238928,1
5833,P_NOUN_9_ADJ_b,F,P,les cerises avec le raisin qui étaient là depuis hier ne sont pas très brillantes <eos>,14,brillantes,brillants,12,M,S,brillantes,-7.248127,brillants,-9.42589,1
5834,P_NOUN_9_ADJ_b,F,P,les cerises avec le raisin qui étaient là depuis hier ne sont pas très compliquées <eos>,14,compliquées,compliqués,12,M,S,compliquées,-9.023535,compliqués,-9.310118,1
5835,P_NOUN_9_ADJ_b,F,P,les cerises avec le chargeur qui étaient là depuis hier ne sont pas très vertes <eos>,14,vertes,verts,12,M,S,vertes,-10.275023,verts,-11.199726,1
5836,P_NOUN_9_ADJ_b,F,P,les cerises avec le chargeur qui étaient là depuis hier ne sont pas très bleues <eos>,14,bleues,bleus,12,M,S,bleues,-11.457258,bleus,-11.470364,1
5837,P_NOUN_9_ADJ_b,F,P,les cerises avec le chargeur qui étaient là depuis hier ne sont pas très noires <eos>,14,noires,noirs,12,M,S,noires,-9.266798,noirs,-11.342771,1
5838,P_NOUN_9_ADJ_b,F,P,les cerises avec le chargeur qui étaient là depuis hier ne sont pas très délicates <eos>,14,délicates,délicats,12,M,S,délicates,-8.8792095,délicats,-9.212846,1
5839,P_NOUN_9_ADJ_b,F,P,les cerises avec le chargeur qui étaient là depuis hier ne sont pas très pointues <eos>,14,pointues,pointus,12,M,S,pointues,-8.866346,pointus,-11.361297,1
5840,P_NOUN_9_ADJ_b,F,P,les cerises avec le chargeur qui étaient là depuis hier ne sont pas très rondes <eos>,14,rondes,ronds,12,M,S,rondes,-9.992863,ronds,-11.405037,1
5841,P_NOUN_9_ADJ_b,F,P,les cerises avec le chargeur qui étaient là depuis hier ne sont pas très froides <eos>,14,froides,froids,12,M,S,froides,-5.4579306,froids,-10.929662,1
5842,P_NOUN_9_ADJ_b,F,P,les cerises avec le chargeur qui étaient là depuis hier ne sont pas très chaudes <eos>,14,chaudes,chauds,12,M,S,chaudes,-7.1430407,chauds,-8.524833,1
5843,P_NOUN_9_ADJ_b,F,P,les cerises avec le chargeur qui étaient là depuis hier ne sont pas très importantes <eos>,14,importantes,importants,12,M,S,importantes,-5.701767,importants,-8.3489065,1
5844,P_NOUN_9_ADJ_b,F,P,les cerises avec le chargeur qui étaient là depuis hier ne sont pas très courtes <eos>,14,courtes,courts,12,M,S,courtes,-6.4646378,courts,-8.298301,1
5845,P_NOUN_9_ADJ_b,F,P,les cerises avec le chargeur qui étaient là depuis hier ne sont pas très dures <eos>,14,dures,durs,12,M,S,dures,-5.2237916,durs,-6.87882,1
5846,P_NOUN_9_ADJ_b,F,P,les cerises avec le chargeur qui étaient là depuis hier ne sont pas très claires <eos>,14,claires,clairs,12,M,S,claires,-5.0610914,clairs,-7.534092,1
5847,P_NOUN_9_ADJ_b,F,P,les cerises avec le chargeur qui étaient là depuis hier ne sont pas très intéressantes <eos>,14,intéressantes,intéressants,12,M,S,intéressantes,-6.8048515,intéressants,-8.8865185,1
5848,P_NOUN_9_ADJ_b,F,P,les cerises avec le chargeur qui étaient là depuis hier ne sont pas très brillantes <eos>,14,brillantes,brillants,12,M,S,brillantes,-7.347022,brillants,-9.014341,1
5849,P_NOUN_9_ADJ_b,F,P,les cerises avec le chargeur qui étaient là depuis hier ne sont pas très compliquées <eos>,14,compliquées,compliqués,12,M,S,compliquées,-7.504377,compliqués,-7.923883,1
5850,P_NOUN_9_ADJ_b,F,P,les cerises avec le vase qui étaient là depuis hier ne sont pas très vertes <eos>,14,vertes,verts,12,M,S,vertes,-10.028239,verts,-10.643634,1
5851,P_NOUN_9_ADJ_b,F,P,les cerises avec le vase qui étaient là depuis hier ne sont pas très bleues <eos>,14,bleues,bleus,12,M,S,bleues,-11.583774,bleus,-11.822603,1
5852,P_NOUN_9_ADJ_b,F,P,les cerises avec le vase qui étaient là depuis hier ne sont pas très noires <eos>,14,noires,noirs,12,M,S,noires,-9.640161,noirs,-12.040942,1
5853,P_NOUN_9_ADJ_b,F,P,les cerises avec le vase qui étaient là depuis hier ne sont pas très délicates <eos>,14,délicates,délicats,12,M,S,délicates,-7.9338565,délicats,-8.270618,1
5854,P_NOUN_9_ADJ_b,F,P,les cerises avec le vase qui étaient là depuis hier ne sont pas très pointues <eos>,14,pointues,pointus,12,M,S,pointues,-9.201984,pointus,-11.284924,1
5855,P_NOUN_9_ADJ_b,F,P,les cerises avec le vase qui étaient là depuis hier ne sont pas très rondes <eos>,14,rondes,ronds,12,M,S,rondes,-10.388349,ronds,-11.153571,1
5856,P_NOUN_9_ADJ_b,F,P,les cerises avec le vase qui étaient là depuis hier ne sont pas très froides <eos>,14,froides,froids,12,M,S,froides,-5.6724157,froids,-10.155488,1
5857,P_NOUN_9_ADJ_b,F,P,les cerises avec le vase qui étaient là depuis hier ne sont pas très chaudes <eos>,14,chaudes,chauds,12,M,S,chaudes,-6.1657996,chauds,-8.424681,1
5858,P_NOUN_9_ADJ_b,F,P,les cerises avec le vase qui étaient là depuis hier ne sont pas très importantes <eos>,14,importantes,importants,12,M,S,importantes,-5.053331,importants,-7.3396773,1
5859,P_NOUN_9_ADJ_b,F,P,les cerises avec le vase qui étaient là depuis hier ne sont pas très courtes <eos>,14,courtes,courts,12,M,S,courtes,-7.572187,courts,-8.586002,1
5860,P_NOUN_9_ADJ_b,F,P,les cerises avec le vase qui étaient là depuis hier ne sont pas très dures <eos>,14,dures,durs,12,M,S,dures,-4.8662715,durs,-6.9883676,1
5861,P_NOUN_9_ADJ_b,F,P,les cerises avec le vase qui étaient là depuis hier ne sont pas très claires <eos>,14,claires,clairs,12,M,S,claires,-4.4996214,clairs,-6.8574276,1
5862,P_NOUN_9_ADJ_b,F,P,les cerises avec le vase qui étaient là depuis hier ne sont pas très intéressantes <eos>,14,intéressantes,intéressants,12,M,S,intéressantes,-6.495654,intéressants,-8.473477,1
5863,P_NOUN_9_ADJ_b,F,P,les cerises avec le vase qui étaient là depuis hier ne sont pas très brillantes <eos>,14,brillantes,brillants,12,M,S,brillantes,-6.85074,brillants,-9.079182,1
5864,P_NOUN_9_ADJ_b,F,P,les cerises avec le vase qui étaient là depuis hier ne sont pas très compliquées <eos>,14,compliquées,compliqués,12,M,S,compliquées,-8.144168,compliqués,-8.19201,1
5865,P_NOUN_9_ADJ_b,F,P,les cerises avec le panier qui étaient là depuis hier ne sont pas très vertes <eos>,14,vertes,verts,12,M,S,vertes,-10.273172,verts,-10.502566,1
5866,P_NOUN_9_ADJ_b,F,P,les cerises avec le panier qui étaient là depuis hier ne sont pas très bleues <eos>,14,bleues,bleus,12,M,S,bleues,-11.6785145,bleus,-11.341059,0
5867,P_NOUN_9_ADJ_b,F,P,les cerises avec le panier qui étaient là depuis hier ne sont pas très noires <eos>,14,noires,noirs,12,M,S,noires,-9.672124,noirs,-11.610621,1
5868,P_NOUN_9_ADJ_b,F,P,les cerises avec le panier qui étaient là depuis hier ne sont pas très délicates <eos>,14,délicates,délicats,12,M,S,délicates,-8.107973,délicats,-8.315931,1
5869,P_NOUN_9_ADJ_b,F,P,les cerises avec le panier qui étaient là depuis hier ne sont pas très pointues <eos>,14,pointues,pointus,12,M,S,pointues,-9.143172,pointus,-11.210292,1
5870,P_NOUN_9_ADJ_b,F,P,les cerises avec le panier qui étaient là depuis hier ne sont pas très rondes <eos>,14,rondes,ronds,12,M,S,rondes,-10.09161,ronds,-10.83765,1
5871,P_NOUN_9_ADJ_b,F,P,les cerises avec le panier qui étaient là depuis hier ne sont pas très froides <eos>,14,froides,froids,12,M,S,froides,-5.5737944,froids,-10.374913,1
5872,P_NOUN_9_ADJ_b,F,P,les cerises avec le panier qui étaient là depuis hier ne sont pas très chaudes <eos>,14,chaudes,chauds,12,M,S,chaudes,-6.5703754,chauds,-8.270204,1
5873,P_NOUN_9_ADJ_b,F,P,les cerises avec le panier qui étaient là depuis hier ne sont pas très importantes <eos>,14,importantes,importants,12,M,S,importantes,-5.296663,importants,-7.078834,1
5874,P_NOUN_9_ADJ_b,F,P,les cerises avec le panier qui étaient là depuis hier ne sont pas très courtes <eos>,14,courtes,courts,12,M,S,courtes,-7.283466,courts,-7.8206325,1
5875,P_NOUN_9_ADJ_b,F,P,les cerises avec le panier qui étaient là depuis hier ne sont pas très dures <eos>,14,dures,durs,12,M,S,dures,-5.0847054,durs,-6.772398,1
5876,P_NOUN_9_ADJ_b,F,P,les cerises avec le panier qui étaient là depuis hier ne sont pas très claires <eos>,14,claires,clairs,12,M,S,claires,-4.6622143,clairs,-6.8745947,1
5877,P_NOUN_9_ADJ_b,F,P,les cerises avec le panier qui étaient là depuis hier ne sont pas très intéressantes <eos>,14,intéressantes,intéressants,12,M,S,intéressantes,-6.6342516,intéressants,-8.221747,1
5878,P_NOUN_9_ADJ_b,F,P,les cerises avec le panier qui étaient là depuis hier ne sont pas très brillantes <eos>,14,brillantes,brillants,12,M,S,brillantes,-7.549863,brillants,-8.736168,1
5879,P_NOUN_9_ADJ_b,F,P,les cerises avec le panier qui étaient là depuis hier ne sont pas très compliquées <eos>,14,compliquées,compliqués,12,M,S,compliquées,-8.313034,compliqués,-8.062613,0
5880,P_NOUN_9_ADJ_b,F,P,les cerises avec le collier qui étaient là depuis hier ne sont pas très vertes <eos>,14,vertes,verts,12,M,S,vertes,-10.257191,verts,-9.913668,0
5881,P_NOUN_9_ADJ_b,F,P,les cerises avec le collier qui étaient là depuis hier ne sont pas très bleues <eos>,14,bleues,bleus,12,M,S,bleues,-11.16164,bleus,-10.909145,0
5882,P_NOUN_9_ADJ_b,F,P,les cerises avec le collier qui étaient là depuis hier ne sont pas très noires <eos>,14,noires,noirs,12,M,S,noires,-9.5154085,noirs,-10.884791,1
5883,P_NOUN_9_ADJ_b,F,P,les cerises avec le collier qui étaient là depuis hier ne sont pas très délicates <eos>,14,délicates,délicats,12,M,S,délicates,-8.041239,délicats,-8.411166,1
5884,P_NOUN_9_ADJ_b,F,P,les cerises avec le collier qui étaient là depuis hier ne sont pas très pointues <eos>,14,pointues,pointus,12,M,S,pointues,-8.856945,pointus,-10.7853565,1
5885,P_NOUN_9_ADJ_b,F,P,les cerises avec le collier qui étaient là depuis hier ne sont pas très rondes <eos>,14,rondes,ronds,12,M,S,rondes,-9.959999,ronds,-10.691022,1
5886,P_NOUN_9_ADJ_b,F,P,les cerises avec le collier qui étaient là depuis hier ne sont pas très froides <eos>,14,froides,froids,12,M,S,froides,-5.603321,froids,-10.2851,1
5887,P_NOUN_9_ADJ_b,F,P,les cerises avec le collier qui étaient là depuis hier ne sont pas très chaudes <eos>,14,chaudes,chauds,12,M,S,chaudes,-6.71574,chauds,-8.238455,1
5888,P_NOUN_9_ADJ_b,F,P,les cerises avec le collier qui étaient là depuis hier ne sont pas très importantes <eos>,14,importantes,importants,12,M,S,importantes,-5.5430946,importants,-6.981553,1
5889,P_NOUN_9_ADJ_b,F,P,les cerises avec le collier qui étaient là depuis hier ne sont pas très courtes <eos>,14,courtes,courts,12,M,S,courtes,-7.510028,courts,-7.7551165,1
5890,P_NOUN_9_ADJ_b,F,P,les cerises avec le collier qui étaient là depuis hier ne sont pas très dures <eos>,14,dures,durs,12,M,S,dures,-5.0088663,durs,-6.6777287,1
5891,P_NOUN_9_ADJ_b,F,P,les cerises avec le collier qui étaient là depuis hier ne sont pas très claires <eos>,14,claires,clairs,12,M,S,claires,-4.559039,clairs,-6.164074,1
5892,P_NOUN_9_ADJ_b,F,P,les cerises avec le collier qui étaient là depuis hier ne sont pas très intéressantes <eos>,14,intéressantes,intéressants,12,M,S,intéressantes,-6.6936545,intéressants,-7.8310933,1
5893,P_NOUN_9_ADJ_b,F,P,les cerises avec le collier qui étaient là depuis hier ne sont pas très brillantes <eos>,14,brillantes,brillants,12,M,S,brillantes,-6.61044,brillants,-8.065268,1
5894,P_NOUN_9_ADJ_b,F,P,les cerises avec le collier qui étaient là depuis hier ne sont pas très compliquées <eos>,14,compliquées,compliqués,12,M,S,compliquées,-7.8759003,compliqués,-7.7739305,0
5895,P_NOUN_9_ADJ_b,F,P,les cerises avec le chapeau qui étaient là depuis hier ne sont pas très vertes <eos>,14,vertes,verts,12,M,S,vertes,-9.613088,verts,-10.529488,1
5896,P_NOUN_9_ADJ_b,F,P,les cerises avec le chapeau qui étaient là depuis hier ne sont pas très bleues <eos>,14,bleues,bleus,12,M,S,bleues,-10.476908,bleus,-10.781778,1
5897,P_NOUN_9_ADJ_b,F,P,les cerises avec le chapeau qui étaient là depuis hier ne sont pas très noires <eos>,14,noires,noirs,12,M,S,noires,-8.6654415,noirs,-10.944675,1
5898,P_NOUN_9_ADJ_b,F,P,les cerises avec le chapeau qui étaient là depuis hier ne sont pas très délicates <eos>,14,délicates,délicats,12,M,S,délicates,-7.8270636,délicats,-8.684116,1
5899,P_NOUN_9_ADJ_b,F,P,les cerises avec le chapeau qui étaient là depuis hier ne sont pas très pointues <eos>,14,pointues,pointus,12,M,S,pointues,-8.442461,pointus,-11.187568,1
5900,P_NOUN_9_ADJ_b,F,P,les cerises avec le chapeau qui étaient là depuis hier ne sont pas très rondes <eos>,14,rondes,ronds,12,M,S,rondes,-9.601707,ronds,-10.67404,1
5901,P_NOUN_9_ADJ_b,F,P,les cerises avec le chapeau qui étaient là depuis hier ne sont pas très froides <eos>,14,froides,froids,12,M,S,froides,-5.489591,froids,-10.584366,1
5902,P_NOUN_9_ADJ_b,F,P,les cerises avec le chapeau qui étaient là depuis hier ne sont pas très chaudes <eos>,14,chaudes,chauds,12,M,S,chaudes,-6.3501644,chauds,-8.472692,1
5903,P_NOUN_9_ADJ_b,F,P,les cerises avec le chapeau qui étaient là depuis hier ne sont pas très importantes <eos>,14,importantes,importants,12,M,S,importantes,-5.6307945,importants,-8.241697,1
5904,P_NOUN_9_ADJ_b,F,P,les cerises avec le chapeau qui étaient là depuis hier ne sont pas très courtes <eos>,14,courtes,courts,12,M,S,courtes,-6.816083,courts,-8.241925,1
5905,P_NOUN_9_ADJ_b,F,P,les cerises avec le chapeau qui étaient là depuis hier ne sont pas très dures <eos>,14,dures,durs,12,M,S,dures,-4.9902925,durs,-7.24117,1
5906,P_NOUN_9_ADJ_b,F,P,les cerises avec le chapeau qui étaient là depuis hier ne sont pas très claires <eos>,14,claires,clairs,12,M,S,claires,-4.103419,clairs,-6.7041364,1
5907,P_NOUN_9_ADJ_b,F,P,les cerises avec le chapeau qui étaient là depuis hier ne sont pas très intéressantes <eos>,14,intéressantes,intéressants,12,M,S,intéressantes,-6.733223,intéressants,-8.922978,1
5908,P_NOUN_9_ADJ_b,F,P,les cerises avec le chapeau qui étaient là depuis hier ne sont pas très brillantes <eos>,14,brillantes,brillants,12,M,S,brillantes,-6.5889497,brillants,-8.823755,1
5909,P_NOUN_9_ADJ_b,F,P,les cerises avec le chapeau qui étaient là depuis hier ne sont pas très compliquées <eos>,14,compliquées,compliqués,12,M,S,compliquées,-8.232101,compliqués,-8.75849,1
5910,P_NOUN_9_ADJ_b,F,P,les cerises avec le pot qui étaient là depuis hier ne sont pas très vertes <eos>,14,vertes,verts,12,M,S,vertes,-9.803929,verts,-10.108818,1
5911,P_NOUN_9_ADJ_b,F,P,les cerises avec le pot qui étaient là depuis hier ne sont pas très bleues <eos>,14,bleues,bleus,12,M,S,bleues,-11.270832,bleus,-11.032747,0
5912,P_NOUN_9_ADJ_b,F,P,les cerises avec le pot qui étaient là depuis hier ne sont pas très noires <eos>,14,noires,noirs,12,M,S,noires,-9.481783,noirs,-11.456056,1
5913,P_NOUN_9_ADJ_b,F,P,les cerises avec le pot qui étaient là depuis hier ne sont pas très délicates <eos>,14,délicates,délicats,12,M,S,délicates,-7.8538494,délicats,-8.2026205,1
5914,P_NOUN_9_ADJ_b,F,P,les cerises avec le pot qui étaient là depuis hier ne sont pas très pointues <eos>,14,pointues,pointus,12,M,S,pointues,-9.436403,pointus,-11.485102,1
5915,P_NOUN_9_ADJ_b,F,P,les cerises avec le pot qui étaient là depuis hier ne sont pas très rondes <eos>,14,rondes,ronds,12,M,S,rondes,-10.315132,ronds,-11.002916,1
5916,P_NOUN_9_ADJ_b,F,P,les cerises avec le pot qui étaient là depuis hier ne sont pas très froides <eos>,14,froides,froids,12,M,S,froides,-5.2783976,froids,-9.691186,1
5917,P_NOUN_9_ADJ_b,F,P,les cerises avec le pot qui étaient là depuis hier ne sont pas très chaudes <eos>,14,chaudes,chauds,12,M,S,chaudes,-5.9606137,chauds,-7.9648633,1
5918,P_NOUN_9_ADJ_b,F,P,les cerises avec le pot qui étaient là depuis hier ne sont pas très importantes <eos>,14,importantes,importants,12,M,S,importantes,-5.103053,importants,-7.3415775,1
5919,P_NOUN_9_ADJ_b,F,P,les cerises avec le pot qui étaient là depuis hier ne sont pas très courtes <eos>,14,courtes,courts,12,M,S,courtes,-7.569393,courts,-8.177768,1
5920,P_NOUN_9_ADJ_b,F,P,les cerises avec le pot qui étaient là depuis hier ne sont pas très dures <eos>,14,dures,durs,12,M,S,dures,-5.060742,durs,-6.8770556,1
5921,P_NOUN_9_ADJ_b,F,P,les cerises avec le pot qui étaient là depuis hier ne sont pas très claires <eos>,14,claires,clairs,12,M,S,claires,-4.3260117,clairs,-6.759305,1
5922,P_NOUN_9_ADJ_b,F,P,les cerises avec le pot qui étaient là depuis hier ne sont pas très intéressantes <eos>,14,intéressantes,intéressants,12,M,S,intéressantes,-6.3070087,intéressants,-8.357691,1
5923,P_NOUN_9_ADJ_b,F,P,les cerises avec le pot qui étaient là depuis hier ne sont pas très brillantes <eos>,14,brillantes,brillants,12,M,S,brillantes,-7.072644,brillants,-8.593242,1
5924,P_NOUN_9_ADJ_b,F,P,les cerises avec le pot qui étaient là depuis hier ne sont pas très compliquées <eos>,14,compliquées,compliqués,12,M,S,compliquées,-8.430916,compliqués,-8.390734,0
5925,P_NOUN_9_ADJ_b,F,P,les cerises avec le coussin qui étaient là depuis hier ne sont pas très vertes <eos>,14,vertes,verts,12,M,S,vertes,-10.0277,verts,-10.836256,1
5926,P_NOUN_9_ADJ_b,F,P,les cerises avec le coussin qui étaient là depuis hier ne sont pas très bleues <eos>,14,bleues,bleus,12,M,S,bleues,-11.058803,bleus,-11.034201,0
5927,P_NOUN_9_ADJ_b,F,P,les cerises avec le coussin qui étaient là depuis hier ne sont pas très noires <eos>,14,noires,noirs,12,M,S,noires,-9.2098465,noirs,-11.315149,1
5928,P_NOUN_9_ADJ_b,F,P,les cerises avec le coussin qui étaient là depuis hier ne sont pas très délicates <eos>,14,délicates,délicats,12,M,S,délicates,-8.538801,délicats,-8.597177,1
5929,P_NOUN_9_ADJ_b,F,P,les cerises avec le coussin qui étaient là depuis hier ne sont pas très pointues <eos>,14,pointues,pointus,12,M,S,pointues,-8.621214,pointus,-11.047546,1
5930,P_NOUN_9_ADJ_b,F,P,les cerises avec le coussin qui étaient là depuis hier ne sont pas très rondes <eos>,14,rondes,ronds,12,M,S,rondes,-9.725206,ronds,-10.90372,1
5931,P_NOUN_9_ADJ_b,F,P,les cerises avec le coussin qui étaient là depuis hier ne sont pas très froides <eos>,14,froides,froids,12,M,S,froides,-5.624138,froids,-10.413359,1
5932,P_NOUN_9_ADJ_b,F,P,les cerises avec le coussin qui étaient là depuis hier ne sont pas très chaudes <eos>,14,chaudes,chauds,12,M,S,chaudes,-6.827703,chauds,-8.47172,1
5933,P_NOUN_9_ADJ_b,F,P,les cerises avec le coussin qui étaient là depuis hier ne sont pas très importantes <eos>,14,importantes,importants,12,M,S,importantes,-5.6648664,importants,-7.7835293,1
5934,P_NOUN_9_ADJ_b,F,P,les cerises avec le coussin qui étaient là depuis hier ne sont pas très courtes <eos>,14,courtes,courts,12,M,S,courtes,-6.304105,courts,-7.5335436,1
5935,P_NOUN_9_ADJ_b,F,P,les cerises avec le coussin qui étaient là depuis hier ne sont pas très dures <eos>,14,dures,durs,12,M,S,dures,-4.904354,durs,-6.863863,1
5936,P_NOUN_9_ADJ_b,F,P,les cerises avec le coussin qui étaient là depuis hier ne sont pas très claires <eos>,14,claires,clairs,12,M,S,claires,-4.6303473,clairs,-7.014596,1
5937,P_NOUN_9_ADJ_b,F,P,les cerises avec le coussin qui étaient là depuis hier ne sont pas très intéressantes <eos>,14,intéressantes,intéressants,12,M,S,intéressantes,-6.970458,intéressants,-8.724962,1
5938,P_NOUN_9_ADJ_b,F,P,les cerises avec le coussin qui étaient là depuis hier ne sont pas très brillantes <eos>,14,brillantes,brillants,12,M,S,brillantes,-7.224645,brillants,-8.964497,1
5939,P_NOUN_9_ADJ_b,F,P,les cerises avec le coussin qui étaient là depuis hier ne sont pas très compliquées <eos>,14,compliquées,compliqués,12,M,S,compliquées,-7.497322,compliqués,-8.017636,1
5940,P_NOUN_9_ADJ_b,F,P,les cerises avec le jouet qui étaient là depuis hier ne sont pas très vertes <eos>,14,vertes,verts,12,M,S,vertes,-9.886372,verts,-10.291105,1
5941,P_NOUN_9_ADJ_b,F,P,les cerises avec le jouet qui étaient là depuis hier ne sont pas très bleues <eos>,14,bleues,bleus,12,M,S,bleues,-11.007521,bleus,-11.150259,1
5942,P_NOUN_9_ADJ_b,F,P,les cerises avec le jouet qui étaient là depuis hier ne sont pas très noires <eos>,14,noires,noirs,12,M,S,noires,-9.458641,noirs,-11.4483795,1
5943,P_NOUN_9_ADJ_b,F,P,les cerises avec le jouet qui étaient là depuis hier ne sont pas très délicates <eos>,14,délicates,délicats,12,M,S,délicates,-8.127999,délicats,-8.4334345,1
5944,P_NOUN_9_ADJ_b,F,P,les cerises avec le jouet qui étaient là depuis hier ne sont pas très pointues <eos>,14,pointues,pointus,12,M,S,pointues,-9.021654,pointus,-11.403589,1
5945,P_NOUN_9_ADJ_b,F,P,les cerises avec le jouet qui étaient là depuis hier ne sont pas très rondes <eos>,14,rondes,ronds,12,M,S,rondes,-10.05345,ronds,-11.2157135,1
5946,P_NOUN_9_ADJ_b,F,P,les cerises avec le jouet qui étaient là depuis hier ne sont pas très froides <eos>,14,froides,froids,12,M,S,froides,-5.545967,froids,-10.293003,1
5947,P_NOUN_9_ADJ_b,F,P,les cerises avec le jouet qui étaient là depuis hier ne sont pas très chaudes <eos>,14,chaudes,chauds,12,M,S,chaudes,-6.5016384,chauds,-8.714134,1
5948,P_NOUN_9_ADJ_b,F,P,les cerises avec le jouet qui étaient là depuis hier ne sont pas très importantes <eos>,14,importantes,importants,12,M,S,importantes,-5.553592,importants,-7.8210216,1
5949,P_NOUN_9_ADJ_b,F,P,les cerises avec le jouet qui étaient là depuis hier ne sont pas très courtes <eos>,14,courtes,courts,12,M,S,courtes,-7.053066,courts,-8.138372,1
5950,P_NOUN_9_ADJ_b,F,P,les cerises avec le jouet qui étaient là depuis hier ne sont pas très dures <eos>,14,dures,durs,12,M,S,dures,-5.162212,durs,-6.968248,1
5951,P_NOUN_9_ADJ_b,F,P,les cerises avec le jouet qui étaient là depuis hier ne sont pas très claires <eos>,14,claires,clairs,12,M,S,claires,-4.220572,clairs,-6.951572,1
5952,P_NOUN_9_ADJ_b,F,P,les cerises avec le jouet qui étaient là depuis hier ne sont pas très intéressantes <eos>,14,intéressantes,intéressants,12,M,S,intéressantes,-6.5994973,intéressants,-8.411728,1
5953,P_NOUN_9_ADJ_b,F,P,les cerises avec le jouet qui étaient là depuis hier ne sont pas très brillantes <eos>,14,brillantes,brillants,12,M,S,brillantes,-6.889659,brillants,-9.11726,1
5954,P_NOUN_9_ADJ_b,F,P,les cerises avec le jouet qui étaient là depuis hier ne sont pas très compliquées <eos>,14,compliquées,compliqués,12,M,S,compliquées,-7.7948236,compliqués,-8.2341,1
5955,P_NOUN_9_ADJ_b,F,P,les cerises avec le clou qui étaient là depuis hier ne sont pas très vertes <eos>,14,vertes,verts,12,M,S,vertes,-9.66322,verts,-10.73487,1
5956,P_NOUN_9_ADJ_b,F,P,les cerises avec le clou qui étaient là depuis hier ne sont pas très bleues <eos>,14,bleues,bleus,12,M,S,bleues,-10.486908,bleus,-10.857395,1
5957,P_NOUN_9_ADJ_b,F,P,les cerises avec le clou qui étaient là depuis hier ne sont pas très noires <eos>,14,noires,noirs,12,M,S,noires,-9.014267,noirs,-11.365403,1
5958,P_NOUN_9_ADJ_b,F,P,les cerises avec le clou qui étaient là depuis hier ne sont pas très délicates <eos>,14,délicates,délicats,12,M,S,délicates,-7.6939716,délicats,-8.509452,1
5959,P_NOUN_9_ADJ_b,F,P,les cerises avec le clou qui étaient là depuis hier ne sont pas très pointues <eos>,14,pointues,pointus,12,M,S,pointues,-8.801101,pointus,-11.095473,1
5960,P_NOUN_9_ADJ_b,F,P,les cerises avec le clou qui étaient là depuis hier ne sont pas très rondes <eos>,14,rondes,ronds,12,M,S,rondes,-9.587407,ronds,-10.562453,1
5961,P_NOUN_9_ADJ_b,F,P,les cerises avec le clou qui étaient là depuis hier ne sont pas très froides <eos>,14,froides,froids,12,M,S,froides,-5.68761,froids,-11.030373,1
5962,P_NOUN_9_ADJ_b,F,P,les cerises avec le clou qui étaient là depuis hier ne sont pas très chaudes <eos>,14,chaudes,chauds,12,M,S,chaudes,-6.5957994,chauds,-9.051456,1
5963,P_NOUN_9_ADJ_b,F,P,les cerises avec le clou qui étaient là depuis hier ne sont pas très importantes <eos>,14,importantes,importants,12,M,S,importantes,-5.327017,importants,-8.022175,1
5964,P_NOUN_9_ADJ_b,F,P,les cerises avec le clou qui étaient là depuis hier ne sont pas très courtes <eos>,14,courtes,courts,12,M,S,courtes,-6.7116537,courts,-8.242057,1
5965,P_NOUN_9_ADJ_b,F,P,les cerises avec le clou qui étaient là depuis hier ne sont pas très dures <eos>,14,dures,durs,12,M,S,dures,-5.4063673,durs,-7.663973,1
5966,P_NOUN_9_ADJ_b,F,P,les cerises avec le clou qui étaient là depuis hier ne sont pas très claires <eos>,14,claires,clairs,12,M,S,claires,-4.629251,clairs,-6.94091,1
5967,P_NOUN_9_ADJ_b,F,P,les cerises avec le clou qui étaient là depuis hier ne sont pas très intéressantes <eos>,14,intéressantes,intéressants,12,M,S,intéressantes,-6.507065,intéressants,-8.808816,1
5968,P_NOUN_9_ADJ_b,F,P,les cerises avec le clou qui étaient là depuis hier ne sont pas très brillantes <eos>,14,brillantes,brillants,12,M,S,brillantes,-6.7003384,brillants,-9.188269,1
5969,P_NOUN_9_ADJ_b,F,P,les cerises avec le clou qui étaient là depuis hier ne sont pas très compliquées <eos>,14,compliquées,compliqués,12,M,S,compliquées,-7.8272824,compliqués,-8.27169,1
5970,P_NOUN_9_ADJ_b,F,P,les cerises avec le billet qui étaient là depuis hier ne sont pas très vertes <eos>,14,vertes,verts,12,M,S,vertes,-10.51908,verts,-10.874061,1
5971,P_NOUN_9_ADJ_b,F,P,les cerises avec le billet qui étaient là depuis hier ne sont pas très bleues <eos>,14,bleues,bleus,12,M,S,bleues,-11.421379,bleus,-11.275734,0
5972,P_NOUN_9_ADJ_b,F,P,les cerises avec le billet qui étaient là depuis hier ne sont pas très noires <eos>,14,noires,noirs,12,M,S,noires,-10.021336,noirs,-11.406773,1
5973,P_NOUN_9_ADJ_b,F,P,les cerises avec le billet qui étaient là depuis hier ne sont pas très délicates <eos>,14,délicates,délicats,12,M,S,délicates,-7.945269,délicats,-8.939466,1
5974,P_NOUN_9_ADJ_b,F,P,les cerises avec le billet qui étaient là depuis hier ne sont pas très pointues <eos>,14,pointues,pointus,12,M,S,pointues,-9.270258,pointus,-11.642977,1
5975,P_NOUN_9_ADJ_b,F,P,les cerises avec le billet qui étaient là depuis hier ne sont pas très rondes <eos>,14,rondes,ronds,12,M,S,rondes,-10.765524,ronds,-11.5191,1
5976,P_NOUN_9_ADJ_b,F,P,les cerises avec le billet qui étaient là depuis hier ne sont pas très froides <eos>,14,froides,froids,12,M,S,froides,-5.796856,froids,-11.102647,1
5977,P_NOUN_9_ADJ_b,F,P,les cerises avec le billet qui étaient là depuis hier ne sont pas très chaudes <eos>,14,chaudes,chauds,12,M,S,chaudes,-7.3287296,chauds,-8.971014,1
5978,P_NOUN_9_ADJ_b,F,P,les cerises avec le billet qui étaient là depuis hier ne sont pas très importantes <eos>,14,importantes,importants,12,M,S,importantes,-4.937582,importants,-7.271349,1
5979,P_NOUN_9_ADJ_b,F,P,les cerises avec le billet qui étaient là depuis hier ne sont pas très courtes <eos>,14,courtes,courts,12,M,S,courtes,-6.9653673,courts,-7.9595747,1
5980,P_NOUN_9_ADJ_b,F,P,les cerises avec le billet qui étaient là depuis hier ne sont pas très dures <eos>,14,dures,durs,12,M,S,dures,-4.78887,durs,-7.2510986,1
5981,P_NOUN_9_ADJ_b,F,P,les cerises avec le billet qui étaient là depuis hier ne sont pas très claires <eos>,14,claires,clairs,12,M,S,claires,-5.061281,clairs,-7.134471,1
5982,P_NOUN_9_ADJ_b,F,P,les cerises avec le billet qui étaient là depuis hier ne sont pas très intéressantes <eos>,14,intéressantes,intéressants,12,M,S,intéressantes,-6.3793726,intéressants,-8.037566,1
5983,P_NOUN_9_ADJ_b,F,P,les cerises avec le billet qui étaient là depuis hier ne sont pas très brillantes <eos>,14,brillantes,brillants,12,M,S,brillantes,-7.3951674,brillants,-8.666977,1
5984,P_NOUN_9_ADJ_b,F,P,les cerises avec le billet qui étaient là depuis hier ne sont pas très compliquées <eos>,14,compliquées,compliqués,12,M,S,compliquées,-7.957822,compliqués,-8.432078,1
5985,P_NOUN_9_ADJ_b,F,P,les cerises avec le légume qui étaient là depuis hier ne sont pas très vertes <eos>,14,vertes,verts,12,M,S,vertes,-9.847076,verts,-10.58207,1
5986,P_NOUN_9_ADJ_b,F,P,les cerises avec le légume qui étaient là depuis hier ne sont pas très bleues <eos>,14,bleues,bleus,12,M,S,bleues,-11.53187,bleus,-11.478434,0
5987,P_NOUN_9_ADJ_b,F,P,les cerises avec le légume qui étaient là depuis hier ne sont pas très noires <eos>,14,noires,noirs,12,M,S,noires,-9.5362,noirs,-11.475597,1
5988,P_NOUN_9_ADJ_b,F,P,les cerises avec le légume qui étaient là depuis hier ne sont pas très délicates <eos>,14,délicates,délicats,12,M,S,délicates,-7.707266,délicats,-8.55914,1
5989,P_NOUN_9_ADJ_b,F,P,les cerises avec le légume qui étaient là depuis hier ne sont pas très pointues <eos>,14,pointues,pointus,12,M,S,pointues,-9.667484,pointus,-12.460071,1
5990,P_NOUN_9_ADJ_b,F,P,les cerises avec le légume qui étaient là depuis hier ne sont pas très rondes <eos>,14,rondes,ronds,12,M,S,rondes,-10.387485,ronds,-11.28672,1
5991,P_NOUN_9_ADJ_b,F,P,les cerises avec le légume qui étaient là depuis hier ne sont pas très froides <eos>,14,froides,froids,12,M,S,froides,-5.0676155,froids,-9.149787,1
5992,P_NOUN_9_ADJ_b,F,P,les cerises avec le légume qui étaient là depuis hier ne sont pas très chaudes <eos>,14,chaudes,chauds,12,M,S,chaudes,-5.3345356,chauds,-8.012463,1
5993,P_NOUN_9_ADJ_b,F,P,les cerises avec le légume qui étaient là depuis hier ne sont pas très importantes <eos>,14,importantes,importants,12,M,S,importantes,-4.948859,importants,-7.753907,1
5994,P_NOUN_9_ADJ_b,F,P,les cerises avec le légume qui étaient là depuis hier ne sont pas très courtes <eos>,14,courtes,courts,12,M,S,courtes,-7.695629,courts,-9.174657,1
5995,P_NOUN_9_ADJ_b,F,P,les cerises avec le légume qui étaient là depuis hier ne sont pas très dures <eos>,14,dures,durs,12,M,S,dures,-4.984045,durs,-7.3961782,1
5996,P_NOUN_9_ADJ_b,F,P,les cerises avec le légume qui étaient là depuis hier ne sont pas très claires <eos>,14,claires,clairs,12,M,S,claires,-4.0249085,clairs,-7.3485265,1
5997,P_NOUN_9_ADJ_b,F,P,les cerises avec le légume qui étaient là depuis hier ne sont pas très intéressantes <eos>,14,intéressantes,intéressants,12,M,S,intéressantes,-6.522427,intéressants,-9.19285,1
5998,P_NOUN_9_ADJ_b,F,P,les cerises avec le légume qui étaient là depuis hier ne sont pas très brillantes <eos>,14,brillantes,brillants,12,M,S,brillantes,-6.9488335,brillants,-9.271761,1
5999,P_NOUN_9_ADJ_b,F,P,les cerises avec le légume qui étaient là depuis hier ne sont pas très compliquées <eos>,14,compliquées,compliqués,12,M,S,compliquées,-8.973343,compliqués,-9.542316,1
6000,P_NOUN_9_ADJ_b,M,P,les bracelets avec la gemme qui étaient là depuis hier ne sont pas très verts <eos>,14,verts,vertes,12,F,S,verts,-7.554803,vertes,-12.912402,1
6001,P_NOUN_9_ADJ_b,M,P,les bracelets avec la gemme qui étaient là depuis hier ne sont pas très bleus <eos>,14,bleus,bleues,12,F,S,bleus,-8.912239,bleues,-13.080271,1
6002,P_NOUN_9_ADJ_b,M,P,les bracelets avec la gemme qui étaient là depuis hier ne sont pas très noirs <eos>,14,noirs,noires,12,F,S,noirs,-9.476992,noires,-12.062971,1
6003,P_NOUN_9_ADJ_b,M,P,les bracelets avec la gemme qui étaient là depuis hier ne sont pas très délicats <eos>,14,délicats,délicates,12,F,S,délicats,-7.525079,délicates,-10.009542,1
6004,P_NOUN_9_ADJ_b,M,P,les bracelets avec la gemme qui étaient là depuis hier ne sont pas très pointus <eos>,14,pointus,pointues,12,F,S,pointus,-9.274784,pointues,-11.48152,1
6005,P_NOUN_9_ADJ_b,M,P,les bracelets avec la gemme qui étaient là depuis hier ne sont pas très ronds <eos>,14,ronds,rondes,12,F,S,ronds,-10.971416,rondes,-13.079309,1
6006,P_NOUN_9_ADJ_b,M,P,les bracelets avec la gemme qui étaient là depuis hier ne sont pas très froids <eos>,14,froids,froides,12,F,S,froids,-8.494975,froides,-8.159069,0
6007,P_NOUN_9_ADJ_b,M,P,les bracelets avec la gemme qui étaient là depuis hier ne sont pas très chauds <eos>,14,chauds,chaudes,12,F,S,chauds,-6.6788893,chaudes,-9.519279,1
6008,P_NOUN_9_ADJ_b,M,P,les bracelets avec la gemme qui étaient là depuis hier ne sont pas très importants <eos>,14,importants,importantes,12,F,S,importants,-5.7321386,importantes,-8.401334,1
6009,P_NOUN_9_ADJ_b,M,P,les bracelets avec la gemme qui étaient là depuis hier ne sont pas très courts <eos>,14,courts,courtes,12,F,S,courts,-6.3802595,courtes,-9.848549,1
6010,P_NOUN_9_ADJ_b,M,P,les bracelets avec la gemme qui étaient là depuis hier ne sont pas très durs <eos>,14,durs,dures,12,F,S,durs,-5.4518585,dures,-7.559661,1
6011,P_NOUN_9_ADJ_b,M,P,les bracelets avec la gemme qui étaient là depuis hier ne sont pas très clairs <eos>,14,clairs,claires,12,F,S,clairs,-3.9709785,claires,-7.30468,1
6012,P_NOUN_9_ADJ_b,M,P,les bracelets avec la gemme qui étaient là depuis hier ne sont pas très intéressants <eos>,14,intéressants,intéressantes,12,F,S,intéressants,-5.653164,intéressantes,-9.20194,1
6013,P_NOUN_9_ADJ_b,M,P,les bracelets avec la gemme qui étaient là depuis hier ne sont pas très brillants <eos>,14,brillants,brillantes,12,F,S,brillants,-6.065425,brillantes,-9.196089,1
6014,P_NOUN_9_ADJ_b,M,P,les bracelets avec la gemme qui étaient là depuis hier ne sont pas très compliqués <eos>,14,compliqués,compliquées,12,F,S,compliqués,-5.6321507,compliquées,-9.05535,1
6015,P_NOUN_9_ADJ_b,M,P,les bracelets avec la chaise qui étaient là depuis hier ne sont pas très verts <eos>,14,verts,vertes,12,F,S,verts,-7.877548,vertes,-13.210888,1
6016,P_NOUN_9_ADJ_b,M,P,les bracelets avec la chaise qui étaient là depuis hier ne sont pas très bleus <eos>,14,bleus,bleues,12,F,S,bleus,-9.1810875,bleues,-13.233929,1
6017,P_NOUN_9_ADJ_b,M,P,les bracelets avec la chaise qui étaient là depuis hier ne sont pas très noirs <eos>,14,noirs,noires,12,F,S,noirs,-9.481684,noires,-12.056206,1
6018,P_NOUN_9_ADJ_b,M,P,les bracelets avec la chaise qui étaient là depuis hier ne sont pas très délicats <eos>,14,délicats,délicates,12,F,S,délicats,-7.725705,délicates,-10.416305,1
6019,P_NOUN_9_ADJ_b,M,P,les bracelets avec la chaise qui étaient là depuis hier ne sont pas très pointus <eos>,14,pointus,pointues,12,F,S,pointus,-9.078901,pointues,-11.137672,1
6020,P_NOUN_9_ADJ_b,M,P,les bracelets avec la chaise qui étaient là depuis hier ne sont pas très ronds <eos>,14,ronds,rondes,12,F,S,ronds,-10.539657,rondes,-12.521798,1
6021,P_NOUN_9_ADJ_b,M,P,les bracelets avec la chaise qui étaient là depuis hier ne sont pas très froids <eos>,14,froids,froides,12,F,S,froids,-9.109003,froides,-8.744015,0
6022,P_NOUN_9_ADJ_b,M,P,les bracelets avec la chaise qui étaient là depuis hier ne sont pas très chauds <eos>,14,chauds,chaudes,12,F,S,chauds,-7.10306,chaudes,-10.307076,1
6023,P_NOUN_9_ADJ_b,M,P,les bracelets avec la chaise qui étaient là depuis hier ne sont pas très importants <eos>,14,importants,importantes,12,F,S,importants,-5.9460583,importantes,-8.895089,1
6024,P_NOUN_9_ADJ_b,M,P,les bracelets avec la chaise qui étaient là depuis hier ne sont pas très courts <eos>,14,courts,courtes,12,F,S,courts,-6.227271,courtes,-9.293003,1
6025,P_NOUN_9_ADJ_b,M,P,les bracelets avec la chaise qui étaient là depuis hier ne sont pas très durs <eos>,14,durs,dures,12,F,S,durs,-5.306447,dures,-8.032967,1
6026,P_NOUN_9_ADJ_b,M,P,les bracelets avec la chaise qui étaient là depuis hier ne sont pas très clairs <eos>,14,clairs,claires,12,F,S,clairs,-4.238433,claires,-7.5261765,1
6027,P_NOUN_9_ADJ_b,M,P,les bracelets avec la chaise qui étaient là depuis hier ne sont pas très intéressants <eos>,14,intéressants,intéressantes,12,F,S,intéressants,-5.849804,intéressantes,-9.635122,1
6028,P_NOUN_9_ADJ_b,M,P,les bracelets avec la chaise qui étaient là depuis hier ne sont pas très brillants <eos>,14,brillants,brillantes,12,F,S,brillants,-6.58897,brillantes,-9.560037,1
6029,P_NOUN_9_ADJ_b,M,P,les bracelets avec la chaise qui étaient là depuis hier ne sont pas très compliqués <eos>,14,compliqués,compliquées,12,F,S,compliqués,-5.521693,compliquées,-8.756591,1
6030,P_NOUN_9_ADJ_b,M,P,les bracelets avec la poubelle qui étaient là depuis hier ne sont pas très verts <eos>,14,verts,vertes,12,F,S,verts,-7.7155604,vertes,-12.873779,1
6031,P_NOUN_9_ADJ_b,M,P,les bracelets avec la poubelle qui étaient là depuis hier ne sont pas très bleus <eos>,14,bleus,bleues,12,F,S,bleus,-9.031358,bleues,-13.060612,1
6032,P_NOUN_9_ADJ_b,M,P,les bracelets avec la poubelle qui étaient là depuis hier ne sont pas très noirs <eos>,14,noirs,noires,12,F,S,noirs,-9.465128,noires,-12.030561,1
6033,P_NOUN_9_ADJ_b,M,P,les bracelets avec la poubelle qui étaient là depuis hier ne sont pas très délicats <eos>,14,délicats,délicates,12,F,S,délicats,-7.6726284,délicates,-10.215706,1
6034,P_NOUN_9_ADJ_b,M,P,les bracelets avec la poubelle qui étaient là depuis hier ne sont pas très pointus <eos>,14,pointus,pointues,12,F,S,pointus,-9.308008,pointues,-11.409012,1
6035,P_NOUN_9_ADJ_b,M,P,les bracelets avec la poubelle qui étaient là depuis hier ne sont pas très ronds <eos>,14,ronds,rondes,12,F,S,ronds,-11.022621,rondes,-12.820322,1
6036,P_NOUN_9_ADJ_b,M,P,les bracelets avec la poubelle qui étaient là depuis hier ne sont pas très froids <eos>,14,froids,froides,12,F,S,froids,-8.861345,froides,-8.174418,0
6037,P_NOUN_9_ADJ_b,M,P,les bracelets avec la poubelle qui étaient là depuis hier ne sont pas très chauds <eos>,14,chauds,chaudes,12,F,S,chauds,-6.818081,chaudes,-9.938881,1
6038,P_NOUN_9_ADJ_b,M,P,les bracelets avec la poubelle qui étaient là depuis hier ne sont pas très importants <eos>,14,importants,importantes,12,F,S,importants,-5.980436,importantes,-8.799265,1
6039,P_NOUN_9_ADJ_b,M,P,les bracelets avec la poubelle qui étaient là depuis hier ne sont pas très courts <eos>,14,courts,courtes,12,F,S,courts,-6.4535007,courtes,-9.6348295,1
6040,P_NOUN_9_ADJ_b,M,P,les bracelets avec la poubelle qui étaient là depuis hier ne sont pas très durs <eos>,14,durs,dures,12,F,S,durs,-5.4964323,dures,-8.121186,1
6041,P_NOUN_9_ADJ_b,M,P,les bracelets avec la poubelle qui étaient là depuis hier ne sont pas très clairs <eos>,14,clairs,claires,12,F,S,clairs,-4.3733473,claires,-7.526351,1
6042,P_NOUN_9_ADJ_b,M,P,les bracelets avec la poubelle qui étaient là depuis hier ne sont pas très intéressants <eos>,14,intéressants,intéressantes,12,F,S,intéressants,-5.7193565,intéressantes,-9.406064,1
6043,P_NOUN_9_ADJ_b,M,P,les bracelets avec la poubelle qui étaient là depuis hier ne sont pas très brillants <eos>,14,brillants,brillantes,12,F,S,brillants,-6.7157235,brillantes,-9.775419,1
6044,P_NOUN_9_ADJ_b,M,P,les bracelets avec la poubelle qui étaient là depuis hier ne sont pas très compliqués <eos>,14,compliqués,compliquées,12,F,S,compliqués,-5.646842,compliquées,-9.032479,1
6045,P_NOUN_9_ADJ_b,M,P,les bracelets avec la chemise qui étaient là depuis hier ne sont pas très verts <eos>,14,verts,vertes,12,F,S,verts,-7.6923294,vertes,-13.04221,1
6046,P_NOUN_9_ADJ_b,M,P,les bracelets avec la chemise qui étaient là depuis hier ne sont pas très bleus <eos>,14,bleus,bleues,12,F,S,bleus,-8.737982,bleues,-12.990274,1
6047,P_NOUN_9_ADJ_b,M,P,les bracelets avec la chemise qui étaient là depuis hier ne sont pas très noirs <eos>,14,noirs,noires,12,F,S,noirs,-9.160254,noires,-11.939097,1
6048,P_NOUN_9_ADJ_b,M,P,les bracelets avec la chemise qui étaient là depuis hier ne sont pas très délicats <eos>,14,délicats,délicates,12,F,S,délicats,-7.8685355,délicates,-10.509062,1
6049,P_NOUN_9_ADJ_b,M,P,les bracelets avec la chemise qui étaient là depuis hier ne sont pas très pointus <eos>,14,pointus,pointues,12,F,S,pointus,-9.016424,pointues,-11.343142,1
6050,P_NOUN_9_ADJ_b,M,P,les bracelets avec la chemise qui étaient là depuis hier ne sont pas très ronds <eos>,14,ronds,rondes,12,F,S,ronds,-10.79184,rondes,-12.6614685,1
6051,P_NOUN_9_ADJ_b,M,P,les bracelets avec la chemise qui étaient là depuis hier ne sont pas très froids <eos>,14,froids,froides,12,F,S,froids,-9.104237,froides,-8.63138,0
6052,P_NOUN_9_ADJ_b,M,P,les bracelets avec la chemise qui étaient là depuis hier ne sont pas très chauds <eos>,14,chauds,chaudes,12,F,S,chauds,-6.744001,chaudes,-10.427729,1
6053,P_NOUN_9_ADJ_b,M,P,les bracelets avec la chemise qui étaient là depuis hier ne sont pas très importants <eos>,14,importants,importantes,12,F,S,importants,-6.0310593,importantes,-8.852594,1
6054,P_NOUN_9_ADJ_b,M,P,les bracelets avec la chemise qui étaient là depuis hier ne sont pas très courts <eos>,14,courts,courtes,12,F,S,courts,-6.193244,courtes,-9.28056,1
6055,P_NOUN_9_ADJ_b,M,P,les bracelets avec la chemise qui étaient là depuis hier ne sont pas très durs <eos>,14,durs,dures,12,F,S,durs,-5.43019,dures,-8.062807,1
6056,P_NOUN_9_ADJ_b,M,P,les bracelets avec la chemise qui étaient là depuis hier ne sont pas très clairs <eos>,14,clairs,claires,12,F,S,clairs,-3.9898806,claires,-7.6726055,1
6057,P_NOUN_9_ADJ_b,M,P,les bracelets avec la chemise qui étaient là depuis hier ne sont pas très intéressants <eos>,14,intéressants,intéressantes,12,F,S,intéressants,-5.956618,intéressantes,-9.686625,1
6058,P_NOUN_9_ADJ_b,M,P,les bracelets avec la chemise qui étaient là depuis hier ne sont pas très brillants <eos>,14,brillants,brillantes,12,F,S,brillants,-6.5035124,brillantes,-9.785513,1
6059,P_NOUN_9_ADJ_b,M,P,les bracelets avec la chemise qui étaient là depuis hier ne sont pas très compliqués <eos>,14,compliqués,compliquées,12,F,S,compliqués,-5.758482,compliquées,-9.023041,1
6060,P_NOUN_9_ADJ_b,M,P,les bracelets avec la recette qui étaient là depuis hier ne sont pas très verts <eos>,14,verts,vertes,12,F,S,verts,-8.417238,vertes,-13.209665,1
6061,P_NOUN_9_ADJ_b,M,P,les bracelets avec la recette qui étaient là depuis hier ne sont pas très bleus <eos>,14,bleus,bleues,12,F,S,bleus,-9.81653,bleues,-13.9430685,1
6062,P_NOUN_9_ADJ_b,M,P,les bracelets avec la recette qui étaient là depuis hier ne sont pas très noirs <eos>,14,noirs,noires,12,F,S,noirs,-10.22832,noires,-12.936455,1
6063,P_NOUN_9_ADJ_b,M,P,les bracelets avec la recette qui étaient là depuis hier ne sont pas très délicats <eos>,14,délicats,délicates,12,F,S,délicats,-7.152683,délicates,-10.100668,1
6064,P_NOUN_9_ADJ_b,M,P,les bracelets avec la recette qui étaient là depuis hier ne sont pas très pointus <eos>,14,pointus,pointues,12,F,S,pointus,-10.167362,pointues,-12.025431,1
6065,P_NOUN_9_ADJ_b,M,P,les bracelets avec la recette qui étaient là depuis hier ne sont pas très ronds <eos>,14,ronds,rondes,12,F,S,ronds,-10.99535,rondes,-13.240369,1
6066,P_NOUN_9_ADJ_b,M,P,les bracelets avec la recette qui étaient là depuis hier ne sont pas très froids <eos>,14,froids,froides,12,F,S,froids,-8.293993,froides,-8.091589,0
6067,P_NOUN_9_ADJ_b,M,P,les bracelets avec la recette qui étaient là depuis hier ne sont pas très chauds <eos>,14,chauds,chaudes,12,F,S,chauds,-6.5366855,chaudes,-9.372681,1
6068,P_NOUN_9_ADJ_b,M,P,les bracelets avec la recette qui étaient là depuis hier ne sont pas très importants <eos>,14,importants,importantes,12,F,S,importants,-5.5559387,importantes,-7.7386274,1
6069,P_NOUN_9_ADJ_b,M,P,les bracelets avec la recette qui étaient là depuis hier ne sont pas très courts <eos>,14,courts,courtes,12,F,S,courts,-6.758437,courtes,-9.514469,1
6070,P_NOUN_9_ADJ_b,M,P,les bracelets avec la recette qui étaient là depuis hier ne sont pas très durs <eos>,14,durs,dures,12,F,S,durs,-5.3368187,dures,-7.5242987,1
6071,P_NOUN_9_ADJ_b,M,P,les bracelets avec la recette qui étaient là depuis hier ne sont pas très clairs <eos>,14,clairs,claires,12,F,S,clairs,-4.7850018,claires,-7.1736717,1
6072,P_NOUN_9_ADJ_b,M,P,les bracelets avec la recette qui étaient là depuis hier ne sont pas très intéressants <eos>,14,intéressants,intéressantes,12,F,S,intéressants,-5.9691315,intéressantes,-8.672273,1
6073,P_NOUN_9_ADJ_b,M,P,les bracelets avec la recette qui étaient là depuis hier ne sont pas très brillants <eos>,14,brillants,brillantes,12,F,S,brillants,-6.81999,brillantes,-9.274577,1
6074,P_NOUN_9_ADJ_b,M,P,les bracelets avec la recette qui étaient là depuis hier ne sont pas très compliqués <eos>,14,compliqués,compliquées,12,F,S,compliqués,-5.7028646,compliquées,-8.899851,1
6075,P_NOUN_9_ADJ_b,M,P,les bracelets avec la jupe qui étaient là depuis hier ne sont pas très verts <eos>,14,verts,vertes,12,F,S,verts,-7.846123,vertes,-12.88802,1
6076,P_NOUN_9_ADJ_b,M,P,les bracelets avec la jupe qui étaient là depuis hier ne sont pas très bleus <eos>,14,bleus,bleues,12,F,S,bleus,-9.153614,bleues,-12.909672,1
6077,P_NOUN_9_ADJ_b,M,P,les bracelets avec la jupe qui étaient là depuis hier ne sont pas très noirs <eos>,14,noirs,noires,12,F,S,noirs,-9.39485,noires,-11.876205,1
6078,P_NOUN_9_ADJ_b,M,P,les bracelets avec la jupe qui étaient là depuis hier ne sont pas très délicats <eos>,14,délicats,délicates,12,F,S,délicats,-7.555835,délicates,-10.254314,1
6079,P_NOUN_9_ADJ_b,M,P,les bracelets avec la jupe qui étaient là depuis hier ne sont pas très pointus <eos>,14,pointus,pointues,12,F,S,pointus,-9.10031,pointues,-11.386108,1
6080,P_NOUN_9_ADJ_b,M,P,les bracelets avec la jupe qui étaient là depuis hier ne sont pas très ronds <eos>,14,ronds,rondes,12,F,S,ronds,-10.387942,rondes,-12.613663,1
6081,P_NOUN_9_ADJ_b,M,P,les bracelets avec la jupe qui étaient là depuis hier ne sont pas très froids <eos>,14,froids,froides,12,F,S,froids,-9.287431,froides,-8.578353,0
6082,P_NOUN_9_ADJ_b,M,P,les bracelets avec la jupe qui étaient là depuis hier ne sont pas très chauds <eos>,14,chauds,chaudes,12,F,S,chauds,-7.091816,chaudes,-10.123231,1
6083,P_NOUN_9_ADJ_b,M,P,les bracelets avec la jupe qui étaient là depuis hier ne sont pas très importants <eos>,14,importants,importantes,12,F,S,importants,-5.8815656,importantes,-8.525484,1
6084,P_NOUN_9_ADJ_b,M,P,les bracelets avec la jupe qui étaient là depuis hier ne sont pas très courts <eos>,14,courts,courtes,12,F,S,courts,-6.190967,courtes,-9.127115,1
6085,P_NOUN_9_ADJ_b,M,P,les bracelets avec la jupe qui étaient là depuis hier ne sont pas très durs <eos>,14,durs,dures,12,F,S,durs,-5.418543,dures,-8.029297,1
6086,P_NOUN_9_ADJ_b,M,P,les bracelets avec la jupe qui étaient là depuis hier ne sont pas très clairs <eos>,14,clairs,claires,12,F,S,clairs,-3.8874998,claires,-7.246337,1
6087,P_NOUN_9_ADJ_b,M,P,les bracelets avec la jupe qui étaient là depuis hier ne sont pas très intéressants <eos>,14,intéressants,intéressantes,12,F,S,intéressants,-5.952253,intéressantes,-9.44215,1
6088,P_NOUN_9_ADJ_b,M,P,les bracelets avec la jupe qui étaient là depuis hier ne sont pas très brillants <eos>,14,brillants,brillantes,12,F,S,brillants,-6.625491,brillantes,-9.5185795,1
6089,P_NOUN_9_ADJ_b,M,P,les bracelets avec la jupe qui étaient là depuis hier ne sont pas très compliqués <eos>,14,compliqués,compliquées,12,F,S,compliqués,-5.590749,compliquées,-8.891552,1
6090,P_NOUN_9_ADJ_b,M,P,les bracelets avec la colle qui étaient là depuis hier ne sont pas très verts <eos>,14,verts,vertes,12,F,S,verts,-7.769184,vertes,-12.863974,1
6091,P_NOUN_9_ADJ_b,M,P,les bracelets avec la colle qui étaient là depuis hier ne sont pas très bleus <eos>,14,bleus,bleues,12,F,S,bleus,-9.49998,bleues,-13.502417,1
6092,P_NOUN_9_ADJ_b,M,P,les bracelets avec la colle qui étaient là depuis hier ne sont pas très noirs <eos>,14,noirs,noires,12,F,S,noirs,-9.793547,noires,-12.213162,1
6093,P_NOUN_9_ADJ_b,M,P,les bracelets avec la colle qui étaient là depuis hier ne sont pas très délicats <eos>,14,délicats,délicates,12,F,S,délicats,-7.4552755,délicates,-10.524248,1
6094,P_NOUN_9_ADJ_b,M,P,les bracelets avec la colle qui étaient là depuis hier ne sont pas très pointus <eos>,14,pointus,pointues,12,F,S,pointus,-9.445503,pointues,-11.542901,1
6095,P_NOUN_9_ADJ_b,M,P,les bracelets avec la colle qui étaient là depuis hier ne sont pas très ronds <eos>,14,ronds,rondes,12,F,S,ronds,-11.003941,rondes,-13.111905,1
6096,P_NOUN_9_ADJ_b,M,P,les bracelets avec la colle qui étaient là depuis hier ne sont pas très froids <eos>,14,froids,froides,12,F,S,froids,-8.854948,froides,-8.073111,0
6097,P_NOUN_9_ADJ_b,M,P,les bracelets avec la colle qui étaient là depuis hier ne sont pas très chauds <eos>,14,chauds,chaudes,12,F,S,chauds,-6.4401913,chaudes,-9.441777,1
6098,P_NOUN_9_ADJ_b,M,P,les bracelets avec la colle qui étaient là depuis hier ne sont pas très importants <eos>,14,importants,importantes,12,F,S,importants,-5.9619503,importantes,-8.423227,1
6099,P_NOUN_9_ADJ_b,M,P,les bracelets avec la colle qui étaient là depuis hier ne sont pas très courts <eos>,14,courts,courtes,12,F,S,courts,-6.700056,courtes,-9.955538,1
6100,P_NOUN_9_ADJ_b,M,P,les bracelets avec la colle qui étaient là depuis hier ne sont pas très durs <eos>,14,durs,dures,12,F,S,durs,-5.182602,dures,-7.575654,1
6101,P_NOUN_9_ADJ_b,M,P,les bracelets avec la colle qui étaient là depuis hier ne sont pas très clairs <eos>,14,clairs,claires,12,F,S,clairs,-4.5368247,claires,-7.1370997,1
6102,P_NOUN_9_ADJ_b,M,P,les bracelets avec la colle qui étaient là depuis hier ne sont pas très intéressants <eos>,14,intéressants,intéressantes,12,F,S,intéressants,-5.989717,intéressantes,-9.120663,1
6103,P_NOUN_9_ADJ_b,M,P,les bracelets avec la colle qui étaient là depuis hier ne sont pas très brillants <eos>,14,brillants,brillantes,12,F,S,brillants,-6.336748,brillantes,-9.497838,1
6104,P_NOUN_9_ADJ_b,M,P,les bracelets avec la colle qui étaient là depuis hier ne sont pas très compliqués <eos>,14,compliqués,compliquées,12,F,S,compliqués,-5.737029,compliquées,-9.353685,1
6105,P_NOUN_9_ADJ_b,M,P,les bracelets avec la lampe qui étaient là depuis hier ne sont pas très verts <eos>,14,verts,vertes,12,F,S,verts,-7.766282,vertes,-12.605111,1
6106,P_NOUN_9_ADJ_b,M,P,les bracelets avec la lampe qui étaient là depuis hier ne sont pas très bleus <eos>,14,bleus,bleues,12,F,S,bleus,-9.449173,bleues,-12.985672,1
6107,P_NOUN_9_ADJ_b,M,P,les bracelets avec la lampe qui étaient là depuis hier ne sont pas très noirs <eos>,14,noirs,noires,12,F,S,noirs,-9.884848,noires,-12.116515,1
6108,P_NOUN_9_ADJ_b,M,P,les bracelets avec la lampe qui étaient là depuis hier ne sont pas très délicats <eos>,14,délicats,délicates,12,F,S,délicats,-7.5264387,délicates,-10.175486,1
6109,P_NOUN_9_ADJ_b,M,P,les bracelets avec la lampe qui étaient là depuis hier ne sont pas très pointus <eos>,14,pointus,pointues,12,F,S,pointus,-9.352589,pointues,-11.247875,1
6110,P_NOUN_9_ADJ_b,M,P,les bracelets avec la lampe qui étaient là depuis hier ne sont pas très ronds <eos>,14,ronds,rondes,12,F,S,ronds,-10.919437,rondes,-12.992195,1
6111,P_NOUN_9_ADJ_b,M,P,les bracelets avec la lampe qui étaient là depuis hier ne sont pas très froids <eos>,14,froids,froides,12,F,S,froids,-8.862598,froides,-8.066351,0
6112,P_NOUN_9_ADJ_b,M,P,les bracelets avec la lampe qui étaient là depuis hier ne sont pas très chauds <eos>,14,chauds,chaudes,12,F,S,chauds,-6.556536,chaudes,-9.555025,1
6113,P_NOUN_9_ADJ_b,M,P,les bracelets avec la lampe qui étaient là depuis hier ne sont pas très importants <eos>,14,importants,importantes,12,F,S,importants,-5.87873,importantes,-8.360368,1
6114,P_NOUN_9_ADJ_b,M,P,les bracelets avec la lampe qui étaient là depuis hier ne sont pas très courts <eos>,14,courts,courtes,12,F,S,courts,-6.63004,courtes,-9.459485,1
6115,P_NOUN_9_ADJ_b,M,P,les bracelets avec la lampe qui étaient là depuis hier ne sont pas très durs <eos>,14,durs,dures,12,F,S,durs,-5.1370273,dures,-7.9014916,1
6116,P_NOUN_9_ADJ_b,M,P,les bracelets avec la lampe qui étaient là depuis hier ne sont pas très clairs <eos>,14,clairs,claires,12,F,S,clairs,-4.2633476,claires,-7.1839256,1
6117,P_NOUN_9_ADJ_b,M,P,les bracelets avec la lampe qui étaient là depuis hier ne sont pas très intéressants <eos>,14,intéressants,intéressantes,12,F,S,intéressants,-5.610915,intéressantes,-8.892273,1
6118,P_NOUN_9_ADJ_b,M,P,les bracelets avec la lampe qui étaient là depuis hier ne sont pas très brillants <eos>,14,brillants,brillantes,12,F,S,brillants,-6.325859,brillantes,-8.986229,1
6119,P_NOUN_9_ADJ_b,M,P,les bracelets avec la lampe qui étaient là depuis hier ne sont pas très compliqués <eos>,14,compliqués,compliquées,12,F,S,compliqués,-5.3774347,compliquées,-8.8167095,1
6120,P_NOUN_9_ADJ_b,M,P,les bracelets avec la bouteille qui étaient là depuis hier ne sont pas très verts <eos>,14,verts,vertes,12,F,S,verts,-7.758128,vertes,-13.048476,1
6121,P_NOUN_9_ADJ_b,M,P,les bracelets avec la bouteille qui étaient là depuis hier ne sont pas très bleus <eos>,14,bleus,bleues,12,F,S,bleus,-9.234373,bleues,-13.385651,1
6122,P_NOUN_9_ADJ_b,M,P,les bracelets avec la bouteille qui étaient là depuis hier ne sont pas très noirs <eos>,14,noirs,noires,12,F,S,noirs,-9.528246,noires,-12.230642,1
6123,P_NOUN_9_ADJ_b,M,P,les bracelets avec la bouteille qui étaient là depuis hier ne sont pas très délicats <eos>,14,délicats,délicates,12,F,S,délicats,-6.8400893,délicates,-9.916079,1
6124,P_NOUN_9_ADJ_b,M,P,les bracelets avec la bouteille qui étaient là depuis hier ne sont pas très pointus <eos>,14,pointus,pointues,12,F,S,pointus,-9.845283,pointues,-11.656897,1
6125,P_NOUN_9_ADJ_b,M,P,les bracelets avec la bouteille qui étaient là depuis hier ne sont pas très ronds <eos>,14,ronds,rondes,12,F,S,ronds,-10.8455305,rondes,-13.192228,1
6126,P_NOUN_9_ADJ_b,M,P,les bracelets avec la bouteille qui étaient là depuis hier ne sont pas très froids <eos>,14,froids,froides,12,F,S,froids,-8.413898,froides,-7.5407968,0
6127,P_NOUN_9_ADJ_b,M,P,les bracelets avec la bouteille qui étaient là depuis hier ne sont pas très chauds <eos>,14,chauds,chaudes,12,F,S,chauds,-6.6894307,chaudes,-9.230276,1
6128,P_NOUN_9_ADJ_b,M,P,les bracelets avec la bouteille qui étaient là depuis hier ne sont pas très importants <eos>,14,importants,importantes,12,F,S,importants,-5.638978,importantes,-8.042721,1
6129,P_NOUN_9_ADJ_b,M,P,les bracelets avec la bouteille qui étaient là depuis hier ne sont pas très courts <eos>,14,courts,courtes,12,F,S,courts,-6.5455427,courtes,-9.944257,1
6130,P_NOUN_9_ADJ_b,M,P,les bracelets avec la bouteille qui étaient là depuis hier ne sont pas très durs <eos>,14,durs,dures,12,F,S,durs,-5.3251333,dures,-7.7958527,1
6131,P_NOUN_9_ADJ_b,M,P,les bracelets avec la bouteille qui étaient là depuis hier ne sont pas très clairs <eos>,14,clairs,claires,12,F,S,clairs,-4.7786703,claires,-7.0921564,1
6132,P_NOUN_9_ADJ_b,M,P,les bracelets avec la bouteille qui étaient là depuis hier ne sont pas très intéressants <eos>,14,intéressants,intéressantes,12,F,S,intéressants,-5.7101154,intéressantes,-8.782592,1
6133,P_NOUN_9_ADJ_b,M,P,les bracelets avec la bouteille qui étaient là depuis hier ne sont pas très brillants <eos>,14,brillants,brillantes,12,F,S,brillants,-6.7970676,brillantes,-9.438288,1
6134,P_NOUN_9_ADJ_b,M,P,les bracelets avec la bouteille qui étaient là depuis hier ne sont pas très compliqués <eos>,14,compliqués,compliquées,12,F,S,compliqués,-5.8480935,compliquées,-9.058586,1
6135,P_NOUN_9_ADJ_b,M,P,les bracelets avec la boisson qui étaient là depuis hier ne sont pas très verts <eos>,14,verts,vertes,12,F,S,verts,-7.6770477,vertes,-13.087,1
6136,P_NOUN_9_ADJ_b,M,P,les bracelets avec la boisson qui étaient là depuis hier ne sont pas très bleus <eos>,14,bleus,bleues,12,F,S,bleus,-9.354577,bleues,-13.603278,1
6137,P_NOUN_9_ADJ_b,M,P,les bracelets avec la boisson qui étaient là depuis hier ne sont pas très noirs <eos>,14,noirs,noires,12,F,S,noirs,-9.651468,noires,-12.418749,1
6138,P_NOUN_9_ADJ_b,M,P,les bracelets avec la boisson qui étaient là depuis hier ne sont pas très délicats <eos>,14,délicats,délicates,12,F,S,délicats,-6.9696417,délicates,-10.129114,1
6139,P_NOUN_9_ADJ_b,M,P,les bracelets avec la boisson qui étaient là depuis hier ne sont pas très pointus <eos>,14,pointus,pointues,12,F,S,pointus,-10.125307,pointues,-12.056175,1
6140,P_NOUN_9_ADJ_b,M,P,les bracelets avec la boisson qui étaient là depuis hier ne sont pas très ronds <eos>,14,ronds,rondes,12,F,S,ronds,-11.023592,rondes,-13.135764,1
6141,P_NOUN_9_ADJ_b,M,P,les bracelets avec la boisson qui étaient là depuis hier ne sont pas très froids <eos>,14,froids,froides,12,F,S,froids,-8.120945,froides,-7.864558,0
6142,P_NOUN_9_ADJ_b,M,P,les bracelets avec la boisson qui étaient là depuis hier ne sont pas très chauds <eos>,14,chauds,chaudes,12,F,S,chauds,-6.4629335,chaudes,-9.169436,1
6143,P_NOUN_9_ADJ_b,M,P,les bracelets avec la boisson qui étaient là depuis hier ne sont pas très importants <eos>,14,importants,importantes,12,F,S,importants,-5.604727,importantes,-8.044951,1
6144,P_NOUN_9_ADJ_b,M,P,les bracelets avec la boisson qui étaient là depuis hier ne sont pas très courts <eos>,14,courts,courtes,12,F,S,courts,-6.895959,courtes,-10.271443,1
6145,P_NOUN_9_ADJ_b,M,P,les bracelets avec la boisson qui étaient là depuis hier ne sont pas très durs <eos>,14,durs,dures,12,F,S,durs,-5.5505037,dures,-7.3134966,1
6146,P_NOUN_9_ADJ_b,M,P,les bracelets avec la boisson qui étaient là depuis hier ne sont pas très clairs <eos>,14,clairs,claires,12,F,S,clairs,-4.7350426,claires,-7.0942535,1
6147,P_NOUN_9_ADJ_b,M,P,les bracelets avec la boisson qui étaient là depuis hier ne sont pas très intéressants <eos>,14,intéressants,intéressantes,12,F,S,intéressants,-5.947469,intéressantes,-9.084471,1
6148,P_NOUN_9_ADJ_b,M,P,les bracelets avec la boisson qui étaient là depuis hier ne sont pas très brillants <eos>,14,brillants,brillantes,12,F,S,brillants,-6.726473,brillantes,-9.663205,1
6149,P_NOUN_9_ADJ_b,M,P,les bracelets avec la boisson qui étaient là depuis hier ne sont pas très compliqués <eos>,14,compliqués,compliquées,12,F,S,compliqués,-6.1457987,compliquées,-9.66919,1
6150,P_NOUN_9_ADJ_b,M,P,les bracelets avec la pomme qui étaient là depuis hier ne sont pas très verts <eos>,14,verts,vertes,12,F,S,verts,-7.9591055,vertes,-13.337052,1
6151,P_NOUN_9_ADJ_b,M,P,les bracelets avec la pomme qui étaient là depuis hier ne sont pas très bleus <eos>,14,bleus,bleues,12,F,S,bleus,-9.42295,bleues,-13.82824,1
6152,P_NOUN_9_ADJ_b,M,P,les bracelets avec la pomme qui étaient là depuis hier ne sont pas très noirs <eos>,14,noirs,noires,12,F,S,noirs,-9.465679,noires,-12.470358,1
6153,P_NOUN_9_ADJ_b,M,P,les bracelets avec la pomme qui étaient là depuis hier ne sont pas très délicats <eos>,14,délicats,délicates,12,F,S,délicats,-7.102456,délicates,-10.314287,1
6154,P_NOUN_9_ADJ_b,M,P,les bracelets avec la pomme qui étaient là depuis hier ne sont pas très pointus <eos>,14,pointus,pointues,12,F,S,pointus,-9.620323,pointues,-11.711647,1
6155,P_NOUN_9_ADJ_b,M,P,les bracelets avec la pomme qui étaient là depuis hier ne sont pas très ronds <eos>,14,ronds,rondes,12,F,S,ronds,-10.723147,rondes,-13.185955,1
6156,P_NOUN_9_ADJ_b,M,P,les bracelets avec la pomme qui étaient là depuis hier ne sont pas très froids <eos>,14,froids,froides,12,F,S,froids,-8.662157,froides,-8.242275,0
6157,P_NOUN_9_ADJ_b,M,P,les bracelets avec la pomme qui étaient là depuis hier ne sont pas très chauds <eos>,14,chauds,chaudes,12,F,S,chauds,-6.6092696,chaudes,-9.647751,1
6158,P_NOUN_9_ADJ_b,M,P,les bracelets avec la pomme qui étaient là depuis hier ne sont pas très importants <eos>,14,importants,importantes,12,F,S,importants,-5.5847664,importantes,-8.304404,1
6159,P_NOUN_9_ADJ_b,M,P,les bracelets avec la pomme qui étaient là depuis hier ne sont pas très courts <eos>,14,courts,courtes,12,F,S,courts,-6.8251595,courtes,-10.146317,1
6160,P_NOUN_9_ADJ_b,M,P,les bracelets avec la pomme qui étaient là depuis hier ne sont pas très durs <eos>,14,durs,dures,12,F,S,durs,-5.191846,dures,-7.57059,1
6161,P_NOUN_9_ADJ_b,M,P,les bracelets avec la pomme qui étaient là depuis hier ne sont pas très clairs <eos>,14,clairs,claires,12,F,S,clairs,-4.5708766,claires,-7.5185924,1
6162,P_NOUN_9_ADJ_b,M,P,les bracelets avec la pomme qui étaient là depuis hier ne sont pas très intéressants <eos>,14,intéressants,intéressantes,12,F,S,intéressants,-5.6038847,intéressantes,-8.88957,1
6163,P_NOUN_9_ADJ_b,M,P,les bracelets avec la pomme qui étaient là depuis hier ne sont pas très brillants <eos>,14,brillants,brillantes,12,F,S,brillants,-6.550698,brillantes,-9.549784,1
6164,P_NOUN_9_ADJ_b,M,P,les bracelets avec la pomme qui étaient là depuis hier ne sont pas très compliqués <eos>,14,compliqués,compliquées,12,F,S,compliqués,-5.8318415,compliquées,-9.206617,1
6165,P_NOUN_9_ADJ_b,M,P,les bracelets avec la tasse qui étaient là depuis hier ne sont pas très verts <eos>,14,verts,vertes,12,F,S,verts,-7.330111,vertes,-12.738361,1
6166,P_NOUN_9_ADJ_b,M,P,les bracelets avec la tasse qui étaient là depuis hier ne sont pas très bleus <eos>,14,bleus,bleues,12,F,S,bleus,-8.758291,bleues,-12.985354,1
6167,P_NOUN_9_ADJ_b,M,P,les bracelets avec la tasse qui étaient là depuis hier ne sont pas très noirs <eos>,14,noirs,noires,12,F,S,noirs,-8.928192,noires,-11.689051,1
6168,P_NOUN_9_ADJ_b,M,P,les bracelets avec la tasse qui étaient là depuis hier ne sont pas très délicats <eos>,14,délicats,délicates,12,F,S,délicats,-7.0850234,délicates,-9.302441,1
6169,P_NOUN_9_ADJ_b,M,P,les bracelets avec la tasse qui étaient là depuis hier ne sont pas très pointus <eos>,14,pointus,pointues,12,F,S,pointus,-9.831789,pointues,-11.87597,1
6170,P_NOUN_9_ADJ_b,M,P,les bracelets avec la tasse qui étaient là depuis hier ne sont pas très ronds <eos>,14,ronds,rondes,12,F,S,ronds,-10.48645,rondes,-12.926701,1
6171,P_NOUN_9_ADJ_b,M,P,les bracelets avec la tasse qui étaient là depuis hier ne sont pas très froids <eos>,14,froids,froides,12,F,S,froids,-8.106459,froides,-7.425194,0
6172,P_NOUN_9_ADJ_b,M,P,les bracelets avec la tasse qui étaient là depuis hier ne sont pas très chauds <eos>,14,chauds,chaudes,12,F,S,chauds,-6.3396482,chaudes,-8.727325,1
6173,P_NOUN_9_ADJ_b,M,P,les bracelets avec la tasse qui étaient là depuis hier ne sont pas très importants <eos>,14,importants,importantes,12,F,S,importants,-5.6141815,importantes,-8.040224,1
6174,P_NOUN_9_ADJ_b,M,P,les bracelets avec la tasse qui étaient là depuis hier ne sont pas très courts <eos>,14,courts,courtes,12,F,S,courts,-6.795523,courtes,-10.270641,1
6175,P_NOUN_9_ADJ_b,M,P,les bracelets avec la tasse qui étaient là depuis hier ne sont pas très durs <eos>,14,durs,dures,12,F,S,durs,-5.657563,dures,-7.9804087,1
6176,P_NOUN_9_ADJ_b,M,P,les bracelets avec la tasse qui étaient là depuis hier ne sont pas très clairs <eos>,14,clairs,claires,12,F,S,clairs,-4.3184423,claires,-6.821763,1
6177,P_NOUN_9_ADJ_b,M,P,les bracelets avec la tasse qui étaient là depuis hier ne sont pas très intéressants <eos>,14,intéressants,intéressantes,12,F,S,intéressants,-5.998278,intéressantes,-9.390823,1
6178,P_NOUN_9_ADJ_b,M,P,les bracelets avec la tasse qui étaient là depuis hier ne sont pas très brillants <eos>,14,brillants,brillantes,12,F,S,brillants,-6.7903757,brillantes,-9.676721,1
6179,P_NOUN_9_ADJ_b,M,P,les bracelets avec la tasse qui étaient là depuis hier ne sont pas très compliqués <eos>,14,compliqués,compliquées,12,F,S,compliqués,-6.092229,compliquées,-9.689405,1
6180,P_NOUN_9_ADJ_b,M,P,les bracelets avec la bougie qui étaient là depuis hier ne sont pas très verts <eos>,14,verts,vertes,12,F,S,verts,-7.9337063,vertes,-13.175032,1
6181,P_NOUN_9_ADJ_b,M,P,les bracelets avec la bougie qui étaient là depuis hier ne sont pas très bleus <eos>,14,bleus,bleues,12,F,S,bleus,-9.151371,bleues,-13.184954,1
6182,P_NOUN_9_ADJ_b,M,P,les bracelets avec la bougie qui étaient là depuis hier ne sont pas très noirs <eos>,14,noirs,noires,12,F,S,noirs,-9.502332,noires,-12.246183,1
6183,P_NOUN_9_ADJ_b,M,P,les bracelets avec la bougie qui étaient là depuis hier ne sont pas très délicats <eos>,14,délicats,délicates,12,F,S,délicats,-7.4248276,délicates,-10.1621685,1
6184,P_NOUN_9_ADJ_b,M,P,les bracelets avec la bougie qui étaient là depuis hier ne sont pas très pointus <eos>,14,pointus,pointues,12,F,S,pointus,-9.522678,pointues,-11.513216,1
6185,P_NOUN_9_ADJ_b,M,P,les bracelets avec la bougie qui étaient là depuis hier ne sont pas très ronds <eos>,14,ronds,rondes,12,F,S,ronds,-10.979043,rondes,-13.198587,1
6186,P_NOUN_9_ADJ_b,M,P,les bracelets avec la bougie qui étaient là depuis hier ne sont pas très froids <eos>,14,froids,froides,12,F,S,froids,-8.608622,froides,-7.83537,0
6187,P_NOUN_9_ADJ_b,M,P,les bracelets avec la bougie qui étaient là depuis hier ne sont pas très chauds <eos>,14,chauds,chaudes,12,F,S,chauds,-6.64235,chaudes,-9.685649,1
6188,P_NOUN_9_ADJ_b,M,P,les bracelets avec la bougie qui étaient là depuis hier ne sont pas très importants <eos>,14,importants,importantes,12,F,S,importants,-5.822624,importantes,-8.497701,1
6189,P_NOUN_9_ADJ_b,M,P,les bracelets avec la bougie qui étaient là depuis hier ne sont pas très courts <eos>,14,courts,courtes,12,F,S,courts,-6.475419,courtes,-9.661312,1
6190,P_NOUN_9_ADJ_b,M,P,les bracelets avec la bougie qui étaient là depuis hier ne sont pas très durs <eos>,14,durs,dures,12,F,S,durs,-5.06343,dures,-7.7333584,1
6191,P_NOUN_9_ADJ_b,M,P,les bracelets avec la bougie qui étaient là depuis hier ne sont pas très clairs <eos>,14,clairs,claires,12,F,S,clairs,-4.2277308,claires,-7.368251,1
6192,P_NOUN_9_ADJ_b,M,P,les bracelets avec la bougie qui étaient là depuis hier ne sont pas très intéressants <eos>,14,intéressants,intéressantes,12,F,S,intéressants,-5.673037,intéressantes,-9.001936,1
6193,P_NOUN_9_ADJ_b,M,P,les bracelets avec la bougie qui étaient là depuis hier ne sont pas très brillants <eos>,14,brillants,brillantes,12,F,S,brillants,-6.263467,brillantes,-9.327604,1
6194,P_NOUN_9_ADJ_b,M,P,les bracelets avec la bougie qui étaient là depuis hier ne sont pas très compliqués <eos>,14,compliqués,compliquées,12,F,S,compliqués,-5.517067,compliquées,-8.796572,1
6195,P_NOUN_9_ADJ_b,M,P,les bracelets avec la pochette qui étaient là depuis hier ne sont pas très verts <eos>,14,verts,vertes,12,F,S,verts,-7.713496,vertes,-12.67303,1
6196,P_NOUN_9_ADJ_b,M,P,les bracelets avec la pochette qui étaient là depuis hier ne sont pas très bleus <eos>,14,bleus,bleues,12,F,S,bleus,-9.239889,bleues,-12.626883,1
6197,P_NOUN_9_ADJ_b,M,P,les bracelets avec la pochette qui étaient là depuis hier ne sont pas très noirs <eos>,14,noirs,noires,12,F,S,noirs,-9.30798,noires,-11.941982,1
6198,P_NOUN_9_ADJ_b,M,P,les bracelets avec la pochette qui étaient là depuis hier ne sont pas très délicats <eos>,14,délicats,délicates,12,F,S,délicats,-7.5366316,délicates,-9.905366,1
6199,P_NOUN_9_ADJ_b,M,P,les bracelets avec la pochette qui étaient là depuis hier ne sont pas très pointus <eos>,14,pointus,pointues,12,F,S,pointus,-9.60492,pointues,-11.672782,1
6200,P_NOUN_9_ADJ_b,M,P,les bracelets avec la pochette qui étaient là depuis hier ne sont pas très ronds <eos>,14,ronds,rondes,12,F,S,ronds,-10.109763,rondes,-12.875565,1
6201,P_NOUN_9_ADJ_b,M,P,les bracelets avec la pochette qui étaient là depuis hier ne sont pas très froids <eos>,14,froids,froides,12,F,S,froids,-9.678816,froides,-8.498552,0
6202,P_NOUN_9_ADJ_b,M,P,les bracelets avec la pochette qui étaient là depuis hier ne sont pas très chauds <eos>,14,chauds,chaudes,12,F,S,chauds,-8.1674,chaudes,-10.709621,1
6203,P_NOUN_9_ADJ_b,M,P,les bracelets avec la pochette qui étaient là depuis hier ne sont pas très importants <eos>,14,importants,importantes,12,F,S,importants,-5.976885,importantes,-8.958509,1
6204,P_NOUN_9_ADJ_b,M,P,les bracelets avec la pochette qui étaient là depuis hier ne sont pas très courts <eos>,14,courts,courtes,12,F,S,courts,-5.8443832,courtes,-9.283304,1
6205,P_NOUN_9_ADJ_b,M,P,les bracelets avec la pochette qui étaient là depuis hier ne sont pas très durs <eos>,14,durs,dures,12,F,S,durs,-5.5289917,dures,-8.408514,1
6206,P_NOUN_9_ADJ_b,M,P,les bracelets avec la pochette qui étaient là depuis hier ne sont pas très clairs <eos>,14,clairs,claires,12,F,S,clairs,-4.267745,claires,-6.929018,1
6207,P_NOUN_9_ADJ_b,M,P,les bracelets avec la pochette qui étaient là depuis hier ne sont pas très intéressants <eos>,14,intéressants,intéressantes,12,F,S,intéressants,-5.1333303,intéressantes,-8.922352,1
6208,P_NOUN_9_ADJ_b,M,P,les bracelets avec la pochette qui étaient là depuis hier ne sont pas très brillants <eos>,14,brillants,brillantes,12,F,S,brillants,-7.008257,brillantes,-9.652407,1
6209,P_NOUN_9_ADJ_b,M,P,les bracelets avec la pochette qui étaient là depuis hier ne sont pas très compliqués <eos>,14,compliqués,compliquées,12,F,S,compliqués,-5.639926,compliquées,-8.499188,1
6210,P_NOUN_9_ADJ_b,M,P,les bracelets avec la banane qui étaient là depuis hier ne sont pas très verts <eos>,14,verts,vertes,12,F,S,verts,-7.9107437,vertes,-12.948165,1
6211,P_NOUN_9_ADJ_b,M,P,les bracelets avec la banane qui étaient là depuis hier ne sont pas très bleus <eos>,14,bleus,bleues,12,F,S,bleus,-9.384071,bleues,-13.144848,1
6212,P_NOUN_9_ADJ_b,M,P,les bracelets avec la banane qui étaient là depuis hier ne sont pas très noirs <eos>,14,noirs,noires,12,F,S,noirs,-9.271645,noires,-12.3545065,1
6213,P_NOUN_9_ADJ_b,M,P,les bracelets avec la banane qui étaient là depuis hier ne sont pas très délicats <eos>,14,délicats,délicates,12,F,S,délicats,-7.18721,délicates,-9.976652,1
6214,P_NOUN_9_ADJ_b,M,P,les bracelets avec la banane qui étaient là depuis hier ne sont pas très pointus <eos>,14,pointus,pointues,12,F,S,pointus,-9.74539,pointues,-11.899597,1
6215,P_NOUN_9_ADJ_b,M,P,les bracelets avec la banane qui étaient là depuis hier ne sont pas très ronds <eos>,14,ronds,rondes,12,F,S,ronds,-10.428385,rondes,-13.339186,1
6216,P_NOUN_9_ADJ_b,M,P,les bracelets avec la banane qui étaient là depuis hier ne sont pas très froids <eos>,14,froids,froides,12,F,S,froids,-8.062968,froides,-8.152734,1
6217,P_NOUN_9_ADJ_b,M,P,les bracelets avec la banane qui étaient là depuis hier ne sont pas très chauds <eos>,14,chauds,chaudes,12,F,S,chauds,-6.9871006,chaudes,-9.30791,1
6218,P_NOUN_9_ADJ_b,M,P,les bracelets avec la banane qui étaient là depuis hier ne sont pas très importants <eos>,14,importants,importantes,12,F,S,importants,-5.600708,importantes,-8.194508,1
6219,P_NOUN_9_ADJ_b,M,P,les bracelets avec la banane qui étaient là depuis hier ne sont pas très courts <eos>,14,courts,courtes,12,F,S,courts,-6.3159275,courtes,-10.031432,1
6220,P_NOUN_9_ADJ_b,M,P,les bracelets avec la banane qui étaient là depuis hier ne sont pas très durs <eos>,14,durs,dures,12,F,S,durs,-5.2910166,dures,-7.140339,1
6221,P_NOUN_9_ADJ_b,M,P,les bracelets avec la banane qui étaient là depuis hier ne sont pas très clairs <eos>,14,clairs,claires,12,F,S,clairs,-4.051855,claires,-7.0142937,1
6222,P_NOUN_9_ADJ_b,M,P,les bracelets avec la banane qui étaient là depuis hier ne sont pas très intéressants <eos>,14,intéressants,intéressantes,12,F,S,intéressants,-5.7577834,intéressantes,-8.950197,1
6223,P_NOUN_9_ADJ_b,M,P,les bracelets avec la banane qui étaient là depuis hier ne sont pas très brillants <eos>,14,brillants,brillantes,12,F,S,brillants,-6.5447855,brillantes,-9.105496,1
6224,P_NOUN_9_ADJ_b,M,P,les bracelets avec la banane qui étaient là depuis hier ne sont pas très compliqués <eos>,14,compliqués,compliquées,12,F,S,compliqués,-5.888979,compliquées,-9.137526,1
6225,P_NOUN_9_ADJ_b,M,P,les bracelets avec la robe qui étaient là depuis hier ne sont pas très verts <eos>,14,verts,vertes,12,F,S,verts,-7.6883163,vertes,-12.813519,1
6226,P_NOUN_9_ADJ_b,M,P,les bracelets avec la robe qui étaient là depuis hier ne sont pas très bleus <eos>,14,bleus,bleues,12,F,S,bleus,-8.497588,bleues,-12.626308,1
6227,P_NOUN_9_ADJ_b,M,P,les bracelets avec la robe qui étaient là depuis hier ne sont pas très noirs <eos>,14,noirs,noires,12,F,S,noirs,-8.972407,noires,-11.7903805,1
6228,P_NOUN_9_ADJ_b,M,P,les bracelets avec la robe qui étaient là depuis hier ne sont pas très délicats <eos>,14,délicats,délicates,12,F,S,délicats,-7.842023,délicates,-10.429453,1
6229,P_NOUN_9_ADJ_b,M,P,les bracelets avec la robe qui étaient là depuis hier ne sont pas très pointus <eos>,14,pointus,pointues,12,F,S,pointus,-9.602053,pointues,-11.561768,1
6230,P_NOUN_9_ADJ_b,M,P,les bracelets avec la robe qui étaient là depuis hier ne sont pas très ronds <eos>,14,ronds,rondes,12,F,S,ronds,-10.920342,rondes,-13.0575695,1
6231,P_NOUN_9_ADJ_b,M,P,les bracelets avec la robe qui étaient là depuis hier ne sont pas très froids <eos>,14,froids,froides,12,F,S,froids,-8.65739,froides,-8.121118,0
6232,P_NOUN_9_ADJ_b,M,P,les bracelets avec la robe qui étaient là depuis hier ne sont pas très chauds <eos>,14,chauds,chaudes,12,F,S,chauds,-6.365673,chaudes,-9.751772,1
6233,P_NOUN_9_ADJ_b,M,P,les bracelets avec la robe qui étaient là depuis hier ne sont pas très importants <eos>,14,importants,importantes,12,F,S,importants,-5.804421,importantes,-8.310078,1
6234,P_NOUN_9_ADJ_b,M,P,les bracelets avec la robe qui étaient là depuis hier ne sont pas très courts <eos>,14,courts,courtes,12,F,S,courts,-6.4698,courtes,-9.3503,1
6235,P_NOUN_9_ADJ_b,M,P,les bracelets avec la robe qui étaient là depuis hier ne sont pas très durs <eos>,14,durs,dures,12,F,S,durs,-5.5075426,dures,-7.830721,1
6236,P_NOUN_9_ADJ_b,M,P,les bracelets avec la robe qui étaient là depuis hier ne sont pas très clairs <eos>,14,clairs,claires,12,F,S,clairs,-3.321852,claires,-7.081704,1
6237,P_NOUN_9_ADJ_b,M,P,les bracelets avec la robe qui étaient là depuis hier ne sont pas très intéressants <eos>,14,intéressants,intéressantes,12,F,S,intéressants,-6.148882,intéressantes,-9.400952,1
6238,P_NOUN_9_ADJ_b,M,P,les bracelets avec la robe qui étaient là depuis hier ne sont pas très brillants <eos>,14,brillants,brillantes,12,F,S,brillants,-6.34223,brillantes,-8.947153,1
6239,P_NOUN_9_ADJ_b,M,P,les bracelets avec la robe qui étaient là depuis hier ne sont pas très compliqués <eos>,14,compliqués,compliquées,12,F,S,compliqués,-5.779753,compliquées,-9.324991,1
6240,P_NOUN_9_ADJ_b,M,P,les bracelets avec la valise qui étaient là depuis hier ne sont pas très verts <eos>,14,verts,vertes,12,F,S,verts,-7.9133563,vertes,-12.778097,1
6241,P_NOUN_9_ADJ_b,M,P,les bracelets avec la valise qui étaient là depuis hier ne sont pas très bleus <eos>,14,bleus,bleues,12,F,S,bleus,-8.836163,bleues,-13.112655,1
6242,P_NOUN_9_ADJ_b,M,P,les bracelets avec la valise qui étaient là depuis hier ne sont pas très noirs <eos>,14,noirs,noires,12,F,S,noirs,-9.467232,noires,-12.092663,1
6243,P_NOUN_9_ADJ_b,M,P,les bracelets avec la valise qui étaient là depuis hier ne sont pas très délicats <eos>,14,délicats,délicates,12,F,S,délicats,-7.9995594,délicates,-9.828778,1
6244,P_NOUN_9_ADJ_b,M,P,les bracelets avec la valise qui étaient là depuis hier ne sont pas très pointus <eos>,14,pointus,pointues,12,F,S,pointus,-9.230612,pointues,-11.805724,1
6245,P_NOUN_9_ADJ_b,M,P,les bracelets avec la valise qui étaient là depuis hier ne sont pas très ronds <eos>,14,ronds,rondes,12,F,S,ronds,-11.408936,rondes,-13.395678,1
6246,P_NOUN_9_ADJ_b,M,P,les bracelets avec la valise qui étaient là depuis hier ne sont pas très froids <eos>,14,froids,froides,12,F,S,froids,-9.397687,froides,-8.240132,0
6247,P_NOUN_9_ADJ_b,M,P,les bracelets avec la valise qui étaient là depuis hier ne sont pas très chauds <eos>,14,chauds,chaudes,12,F,S,chauds,-7.1723676,chaudes,-10.317598,1
6248,P_NOUN_9_ADJ_b,M,P,les bracelets avec la valise qui étaient là depuis hier ne sont pas très importants <eos>,14,importants,importantes,12,F,S,importants,-5.966695,importantes,-8.707042,1
6249,P_NOUN_9_ADJ_b,M,P,les bracelets avec la valise qui étaient là depuis hier ne sont pas très courts <eos>,14,courts,courtes,12,F,S,courts,-6.6436195,courtes,-9.64645,1
6250,P_NOUN_9_ADJ_b,M,P,les bracelets avec la valise qui étaient là depuis hier ne sont pas très durs <eos>,14,durs,dures,12,F,S,durs,-5.4110117,dures,-8.379983,1
6251,P_NOUN_9_ADJ_b,M,P,les bracelets avec la valise qui étaient là depuis hier ne sont pas très clairs <eos>,14,clairs,claires,12,F,S,clairs,-4.5082197,claires,-7.7346344,1
6252,P_NOUN_9_ADJ_b,M,P,les bracelets avec la valise qui étaient là depuis hier ne sont pas très intéressants <eos>,14,intéressants,intéressantes,12,F,S,intéressants,-5.143608,intéressantes,-9.200161,1
6253,P_NOUN_9_ADJ_b,M,P,les bracelets avec la valise qui étaient là depuis hier ne sont pas très brillants <eos>,14,brillants,brillantes,12,F,S,brillants,-6.630974,brillantes,-10.019384,1
6254,P_NOUN_9_ADJ_b,M,P,les bracelets avec la valise qui étaient là depuis hier ne sont pas très compliqués <eos>,14,compliqués,compliquées,12,F,S,compliqués,-5.5649247,compliquées,-8.833069,1
6255,P_NOUN_9_ADJ_b,M,P,les bracelets avec la pendule qui étaient là depuis hier ne sont pas très verts <eos>,14,verts,vertes,12,F,S,verts,-7.67076,vertes,-12.866074,1
6256,P_NOUN_9_ADJ_b,M,P,les bracelets avec la pendule qui étaient là depuis hier ne sont pas très bleus <eos>,14,bleus,bleues,12,F,S,bleus,-9.5503435,bleues,-13.350657,1
6257,P_NOUN_9_ADJ_b,M,P,les bracelets avec la pendule qui étaient là depuis hier ne sont pas très noirs <eos>,14,noirs,noires,12,F,S,noirs,-10.108057,noires,-12.560961,1
6258,P_NOUN_9_ADJ_b,M,P,les bracelets avec la pendule qui étaient là depuis hier ne sont pas très délicats <eos>,14,délicats,délicates,12,F,S,délicats,-7.6545196,délicates,-10.421841,1
6259,P_NOUN_9_ADJ_b,M,P,les bracelets avec la pendule qui étaient là depuis hier ne sont pas très pointus <eos>,14,pointus,pointues,12,F,S,pointus,-9.019286,pointues,-11.278787,1
6260,P_NOUN_9_ADJ_b,M,P,les bracelets avec la pendule qui étaient là depuis hier ne sont pas très ronds <eos>,14,ronds,rondes,12,F,S,ronds,-11.291466,rondes,-13.412594,1
6261,P_NOUN_9_ADJ_b,M,P,les bracelets avec la pendule qui étaient là depuis hier ne sont pas très froids <eos>,14,froids,froides,12,F,S,froids,-8.926847,froides,-8.032059,0
6262,P_NOUN_9_ADJ_b,M,P,les bracelets avec la pendule qui étaient là depuis hier ne sont pas très chauds <eos>,14,chauds,chaudes,12,F,S,chauds,-6.406147,chaudes,-9.911403,1
6263,P_NOUN_9_ADJ_b,M,P,les bracelets avec la pendule qui étaient là depuis hier ne sont pas très importants <eos>,14,importants,importantes,12,F,S,importants,-5.955797,importantes,-8.671974,1
6264,P_NOUN_9_ADJ_b,M,P,les bracelets avec la pendule qui étaient là depuis hier ne sont pas très courts <eos>,14,courts,courtes,12,F,S,courts,-6.445633,courtes,-9.612138,1
6265,P_NOUN_9_ADJ_b,M,P,les bracelets avec la pendule qui étaient là depuis hier ne sont pas très durs <eos>,14,durs,dures,12,F,S,durs,-4.9697914,dures,-8.099704,1
6266,P_NOUN_9_ADJ_b,M,P,les bracelets avec la pendule qui étaient là depuis hier ne sont pas très clairs <eos>,14,clairs,claires,12,F,S,clairs,-4.5725718,claires,-7.6215725,1
6267,P_NOUN_9_ADJ_b,M,P,les bracelets avec la pendule qui étaient là depuis hier ne sont pas très intéressants <eos>,14,intéressants,intéressantes,12,F,S,intéressants,-5.6328115,intéressantes,-9.090475,1
6268,P_NOUN_9_ADJ_b,M,P,les bracelets avec la pendule qui étaient là depuis hier ne sont pas très brillants <eos>,14,brillants,brillantes,12,F,S,brillants,-6.278446,brillantes,-9.286964,1
6269,P_NOUN_9_ADJ_b,M,P,les bracelets avec la pendule qui étaient là depuis hier ne sont pas très compliqués <eos>,14,compliqués,compliquées,12,F,S,compliqués,-5.1991267,compliquées,-8.710081,1
6270,P_NOUN_9_ADJ_b,M,P,les bracelets avec la cloche qui étaient là depuis hier ne sont pas très verts <eos>,14,verts,vertes,12,F,S,verts,-7.8407955,vertes,-13.215379,1
6271,P_NOUN_9_ADJ_b,M,P,les bracelets avec la cloche qui étaient là depuis hier ne sont pas très bleus <eos>,14,bleus,bleues,12,F,S,bleus,-9.340765,bleues,-13.438702,1
6272,P_NOUN_9_ADJ_b,M,P,les bracelets avec la cloche qui étaient là depuis hier ne sont pas très noirs <eos>,14,noirs,noires,12,F,S,noirs,-9.808531,noires,-12.564591,1
6273,P_NOUN_9_ADJ_b,M,P,les bracelets avec la cloche qui étaient là depuis hier ne sont pas très délicats <eos>,14,délicats,délicates,12,F,S,délicats,-7.4880657,délicates,-10.124706,1
6274,P_NOUN_9_ADJ_b,M,P,les bracelets avec la cloche qui étaient là depuis hier ne sont pas très pointus <eos>,14,pointus,pointues,12,F,S,pointus,-9.41253,pointues,-11.541589,1
6275,P_NOUN_9_ADJ_b,M,P,les bracelets avec la cloche qui étaient là depuis hier ne sont pas très ronds <eos>,14,ronds,rondes,12,F,S,ronds,-10.661185,rondes,-13.033644,1
6276,P_NOUN_9_ADJ_b,M,P,les bracelets avec la cloche qui étaient là depuis hier ne sont pas très froids <eos>,14,froids,froides,12,F,S,froids,-9.025133,froides,-8.892395,0
6277,P_NOUN_9_ADJ_b,M,P,les bracelets avec la cloche qui étaient là depuis hier ne sont pas très chauds <eos>,14,chauds,chaudes,12,F,S,chauds,-7.091563,chaudes,-10.082049,1
6278,P_NOUN_9_ADJ_b,M,P,les bracelets avec la cloche qui étaient là depuis hier ne sont pas très importants <eos>,14,importants,importantes,12,F,S,importants,-5.574874,importantes,-8.533406,1
6279,P_NOUN_9_ADJ_b,M,P,les bracelets avec la cloche qui étaient là depuis hier ne sont pas très courts <eos>,14,courts,courtes,12,F,S,courts,-6.43783,courtes,-9.625769,1
6280,P_NOUN_9_ADJ_b,M,P,les bracelets avec la cloche qui étaient là depuis hier ne sont pas très durs <eos>,14,durs,dures,12,F,S,durs,-5.397885,dures,-7.9653764,1
6281,P_NOUN_9_ADJ_b,M,P,les bracelets avec la cloche qui étaient là depuis hier ne sont pas très clairs <eos>,14,clairs,claires,12,F,S,clairs,-4.0330763,claires,-7.5148144,1
6282,P_NOUN_9_ADJ_b,M,P,les bracelets avec la cloche qui étaient là depuis hier ne sont pas très intéressants <eos>,14,intéressants,intéressantes,12,F,S,intéressants,-5.3699093,intéressantes,-9.11415,1
6283,P_NOUN_9_ADJ_b,M,P,les bracelets avec la cloche qui étaient là depuis hier ne sont pas très brillants <eos>,14,brillants,brillantes,12,F,S,brillants,-6.3556747,brillantes,-9.441313,1
6284,P_NOUN_9_ADJ_b,M,P,les bracelets avec la cloche qui étaient là depuis hier ne sont pas très compliqués <eos>,14,compliqués,compliquées,12,F,S,compliqués,-5.5601606,compliquées,-8.835311,1
6285,P_NOUN_9_ADJ_b,M,P,les bracelets avec la cerise qui étaient là depuis hier ne sont pas très verts <eos>,14,verts,vertes,12,F,S,verts,-7.7405863,vertes,-12.782278,1
6286,P_NOUN_9_ADJ_b,M,P,les bracelets avec la cerise qui étaient là depuis hier ne sont pas très bleus <eos>,14,bleus,bleues,12,F,S,bleus,-9.460676,bleues,-13.574579,1
6287,P_NOUN_9_ADJ_b,M,P,les bracelets avec la cerise qui étaient là depuis hier ne sont pas très noirs <eos>,14,noirs,noires,12,F,S,noirs,-9.691569,noires,-12.625282,1
6288,P_NOUN_9_ADJ_b,M,P,les bracelets avec la cerise qui étaient là depuis hier ne sont pas très délicats <eos>,14,délicats,délicates,12,F,S,délicats,-6.8152366,délicates,-9.810093,1
6289,P_NOUN_9_ADJ_b,M,P,les bracelets avec la cerise qui étaient là depuis hier ne sont pas très pointus <eos>,14,pointus,pointues,12,F,S,pointus,-9.963306,pointues,-11.843832,1
6290,P_NOUN_9_ADJ_b,M,P,les bracelets avec la cerise qui étaient là depuis hier ne sont pas très ronds <eos>,14,ronds,rondes,12,F,S,ronds,-10.33682,rondes,-13.2971325,1
6291,P_NOUN_9_ADJ_b,M,P,les bracelets avec la cerise qui étaient là depuis hier ne sont pas très froids <eos>,14,froids,froides,12,F,S,froids,-7.86283,froides,-7.7631073,0
6292,P_NOUN_9_ADJ_b,M,P,les bracelets avec la cerise qui étaient là depuis hier ne sont pas très chauds <eos>,14,chauds,chaudes,12,F,S,chauds,-6.2584863,chaudes,-8.968597,1
6293,P_NOUN_9_ADJ_b,M,P,les bracelets avec la cerise qui étaient là depuis hier ne sont pas très importants <eos>,14,importants,importantes,12,F,S,importants,-5.736162,importantes,-8.254999,1
6294,P_NOUN_9_ADJ_b,M,P,les bracelets avec la cerise qui étaient là depuis hier ne sont pas très courts <eos>,14,courts,courtes,12,F,S,courts,-6.9164376,courtes,-10.481428,1
6295,P_NOUN_9_ADJ_b,M,P,les bracelets avec la cerise qui étaient là depuis hier ne sont pas très durs <eos>,14,durs,dures,12,F,S,durs,-5.297812,dures,-7.5494943,1
6296,P_NOUN_9_ADJ_b,M,P,les bracelets avec la cerise qui étaient là depuis hier ne sont pas très clairs <eos>,14,clairs,claires,12,F,S,clairs,-4.3074474,claires,-7.0819426,1
6297,P_NOUN_9_ADJ_b,M,P,les bracelets avec la cerise qui étaient là depuis hier ne sont pas très intéressants <eos>,14,intéressants,intéressantes,12,F,S,intéressants,-6.0234385,intéressantes,-8.910122,1
6298,P_NOUN_9_ADJ_b,M,P,les bracelets avec la cerise qui étaient là depuis hier ne sont pas très brillants <eos>,14,brillants,brillantes,12,F,S,brillants,-6.1619625,brillantes,-9.033413,1
6299,P_NOUN_9_ADJ_b,M,P,les bracelets avec la cerise qui étaient là depuis hier ne sont pas très compliqués <eos>,14,compliqués,compliquées,12,F,S,compliqués,-5.8712845,compliquées,-9.366776,1
6300,P_NOUN_9_ADJ_b,M,P,les miroirs avec la gemme qui étaient là depuis hier ne sont pas très verts <eos>,14,verts,vertes,12,F,S,verts,-8.17616,vertes,-12.716947,1
6301,P_NOUN_9_ADJ_b,M,P,les miroirs avec la gemme qui étaient là depuis hier ne sont pas très bleus <eos>,14,bleus,bleues,12,F,S,bleus,-10.038468,bleues,-13.713389,1
6302,P_NOUN_9_ADJ_b,M,P,les miroirs avec la gemme qui étaient là depuis hier ne sont pas très noirs <eos>,14,noirs,noires,12,F,S,noirs,-10.142222,noires,-12.697989,1
6303,P_NOUN_9_ADJ_b,M,P,les miroirs avec la gemme qui étaient là depuis hier ne sont pas très délicats <eos>,14,délicats,délicates,12,F,S,délicats,-7.048584,délicates,-10.602065,1
6304,P_NOUN_9_ADJ_b,M,P,les miroirs avec la gemme qui étaient là depuis hier ne sont pas très pointus <eos>,14,pointus,pointues,12,F,S,pointus,-9.326312,pointues,-11.581926,1
6305,P_NOUN_9_ADJ_b,M,P,les miroirs avec la gemme qui étaient là depuis hier ne sont pas très ronds <eos>,14,ronds,rondes,12,F,S,ronds,-10.488217,rondes,-13.431458,1
6306,P_NOUN_9_ADJ_b,M,P,les miroirs avec la gemme qui étaient là depuis hier ne sont pas très froids <eos>,14,froids,froides,12,F,S,froids,-7.77977,froides,-8.198011,1
6307,P_NOUN_9_ADJ_b,M,P,les miroirs avec la gemme qui étaient là depuis hier ne sont pas très chauds <eos>,14,chauds,chaudes,12,F,S,chauds,-6.6380253,chaudes,-9.101412,1
6308,P_NOUN_9_ADJ_b,M,P,les miroirs avec la gemme qui étaient là depuis hier ne sont pas très importants <eos>,14,importants,importantes,12,F,S,importants,-5.4532824,importantes,-8.325406,1
6309,P_NOUN_9_ADJ_b,M,P,les miroirs avec la gemme qui étaient là depuis hier ne sont pas très courts <eos>,14,courts,courtes,12,F,S,courts,-5.4434743,courtes,-9.250359,1
6310,P_NOUN_9_ADJ_b,M,P,les miroirs avec la gemme qui étaient là depuis hier ne sont pas très durs <eos>,14,durs,dures,12,F,S,durs,-5.074077,dures,-7.7142053,1
6311,P_NOUN_9_ADJ_b,M,P,les miroirs avec la gemme qui étaient là depuis hier ne sont pas très clairs <eos>,14,clairs,claires,12,F,S,clairs,-3.505614,claires,-6.496188,1
6312,P_NOUN_9_ADJ_b,M,P,les miroirs avec la gemme qui étaient là depuis hier ne sont pas très intéressants <eos>,14,intéressants,intéressantes,12,F,S,intéressants,-5.5702887,intéressantes,-9.148898,1
6313,P_NOUN_9_ADJ_b,M,P,les miroirs avec la gemme qui étaient là depuis hier ne sont pas très brillants <eos>,14,brillants,brillantes,12,F,S,brillants,-5.8833303,brillantes,-8.494364,1
6314,P_NOUN_9_ADJ_b,M,P,les miroirs avec la gemme qui étaient là depuis hier ne sont pas très compliqués <eos>,14,compliqués,compliquées,12,F,S,compliqués,-4.6497993,compliquées,-8.53169,1
6315,P_NOUN_9_ADJ_b,M,P,les miroirs avec la chaise qui étaient là depuis hier ne sont pas très verts <eos>,14,verts,vertes,12,F,S,verts,-8.582472,vertes,-13.126472,1
6316,P_NOUN_9_ADJ_b,M,P,les miroirs avec la chaise qui étaient là depuis hier ne sont pas très bleus <eos>,14,bleus,bleues,12,F,S,bleus,-10.49511,bleues,-14.114596,1
6317,P_NOUN_9_ADJ_b,M,P,les miroirs avec la chaise qui étaient là depuis hier ne sont pas très noirs <eos>,14,noirs,noires,12,F,S,noirs,-10.446476,noires,-12.9957905,1
6318,P_NOUN_9_ADJ_b,M,P,les miroirs avec la chaise qui étaient là depuis hier ne sont pas très délicats <eos>,14,délicats,délicates,12,F,S,délicats,-7.4392004,délicates,-10.886978,1
6319,P_NOUN_9_ADJ_b,M,P,les miroirs avec la chaise qui étaient là depuis hier ne sont pas très pointus <eos>,14,pointus,pointues,12,F,S,pointus,-9.065548,pointues,-11.243244,1
6320,P_NOUN_9_ADJ_b,M,P,les miroirs avec la chaise qui étaient là depuis hier ne sont pas très ronds <eos>,14,ronds,rondes,12,F,S,ronds,-10.076323,rondes,-12.717882,1
6321,P_NOUN_9_ADJ_b,M,P,les miroirs avec la chaise qui étaient là depuis hier ne sont pas très froids <eos>,14,froids,froides,12,F,S,froids,-8.732014,froides,-9.18591,1
6322,P_NOUN_9_ADJ_b,M,P,les miroirs avec la chaise qui étaient là depuis hier ne sont pas très chauds <eos>,14,chauds,chaudes,12,F,S,chauds,-7.551411,chaudes,-10.308098,1
6323,P_NOUN_9_ADJ_b,M,P,les miroirs avec la chaise qui étaient là depuis hier ne sont pas très importants <eos>,14,importants,importantes,12,F,S,importants,-5.804585,importantes,-8.956404,1
6324,P_NOUN_9_ADJ_b,M,P,les miroirs avec la chaise qui étaient là depuis hier ne sont pas très courts <eos>,14,courts,courtes,12,F,S,courts,-5.6142683,courtes,-9.042685,1
6325,P_NOUN_9_ADJ_b,M,P,les miroirs avec la chaise qui étaient là depuis hier ne sont pas très durs <eos>,14,durs,dures,12,F,S,durs,-4.937122,dures,-8.065998,1
6326,P_NOUN_9_ADJ_b,M,P,les miroirs avec la chaise qui étaient là depuis hier ne sont pas très clairs <eos>,14,clairs,claires,12,F,S,clairs,-3.9926348,claires,-7.0757513,1
6327,P_NOUN_9_ADJ_b,M,P,les miroirs avec la chaise qui étaient là depuis hier ne sont pas très intéressants <eos>,14,intéressants,intéressantes,12,F,S,intéressants,-5.7984257,intéressantes,-9.582844,1
6328,P_NOUN_9_ADJ_b,M,P,les miroirs avec la chaise qui étaient là depuis hier ne sont pas très brillants <eos>,14,brillants,brillantes,12,F,S,brillants,-6.4202847,brillantes,-8.991627,1
6329,P_NOUN_9_ADJ_b,M,P,les miroirs avec la chaise qui étaient là depuis hier ne sont pas très compliqués <eos>,14,compliqués,compliquées,12,F,S,compliqués,-4.70073,compliquées,-8.231504,1
6330,P_NOUN_9_ADJ_b,M,P,les miroirs avec la poubelle qui étaient là depuis hier ne sont pas très verts <eos>,14,verts,vertes,12,F,S,verts,-8.3374405,vertes,-12.684137,1
6331,P_NOUN_9_ADJ_b,M,P,les miroirs avec la poubelle qui étaient là depuis hier ne sont pas très bleus <eos>,14,bleus,bleues,12,F,S,bleus,-10.142172,bleues,-13.906797,1
6332,P_NOUN_9_ADJ_b,M,P,les miroirs avec la poubelle qui étaient là depuis hier ne sont pas très noirs <eos>,14,noirs,noires,12,F,S,noirs,-10.2814,noires,-12.835492,1
6333,P_NOUN_9_ADJ_b,M,P,les miroirs avec la poubelle qui étaient là depuis hier ne sont pas très délicats <eos>,14,délicats,délicates,12,F,S,délicats,-7.3930883,délicates,-10.762617,1
6334,P_NOUN_9_ADJ_b,M,P,les miroirs avec la poubelle qui étaient là depuis hier ne sont pas très pointus <eos>,14,pointus,pointues,12,F,S,pointus,-9.265349,pointues,-11.585614,1
6335,P_NOUN_9_ADJ_b,M,P,les miroirs avec la poubelle qui étaient là depuis hier ne sont pas très ronds <eos>,14,ronds,rondes,12,F,S,ronds,-10.670138,rondes,-13.220854,1
6336,P_NOUN_9_ADJ_b,M,P,les miroirs avec la poubelle qui étaient là depuis hier ne sont pas très froids <eos>,14,froids,froides,12,F,S,froids,-8.191223,froides,-8.268185,1
6337,P_NOUN_9_ADJ_b,M,P,les miroirs avec la poubelle qui étaient là depuis hier ne sont pas très chauds <eos>,14,chauds,chaudes,12,F,S,chauds,-6.8310356,chaudes,-9.728308,1
6338,P_NOUN_9_ADJ_b,M,P,les miroirs avec la poubelle qui étaient là depuis hier ne sont pas très importants <eos>,14,importants,importantes,12,F,S,importants,-5.778828,importantes,-8.780201,1
6339,P_NOUN_9_ADJ_b,M,P,les miroirs avec la poubelle qui étaient là depuis hier ne sont pas très courts <eos>,14,courts,courtes,12,F,S,courts,-5.7662287,courtes,-9.3431425,1
6340,P_NOUN_9_ADJ_b,M,P,les miroirs avec la poubelle qui étaient là depuis hier ne sont pas très durs <eos>,14,durs,dures,12,F,S,durs,-5.04537,dures,-8.390366,1
6341,P_NOUN_9_ADJ_b,M,P,les miroirs avec la poubelle qui étaient là depuis hier ne sont pas très clairs <eos>,14,clairs,claires,12,F,S,clairs,-4.07263,claires,-7.1440916,1
6342,P_NOUN_9_ADJ_b,M,P,les miroirs avec la poubelle qui étaient là depuis hier ne sont pas très intéressants <eos>,14,intéressants,intéressantes,12,F,S,intéressants,-5.550246,intéressantes,-9.230583,1
6343,P_NOUN_9_ADJ_b,M,P,les miroirs avec la poubelle qui étaient là depuis hier ne sont pas très brillants <eos>,14,brillants,brillantes,12,F,S,brillants,-6.500651,brillantes,-9.326864,1
6344,P_NOUN_9_ADJ_b,M,P,les miroirs avec la poubelle qui étaient là depuis hier ne sont pas très compliqués <eos>,14,compliqués,compliquées,12,F,S,compliqués,-4.667257,compliquées,-8.653816,1
6345,P_NOUN_9_ADJ_b,M,P,les miroirs avec la chemise qui étaient là depuis hier ne sont pas très verts <eos>,14,verts,vertes,12,F,S,verts,-8.394693,vertes,-12.871937,1
6346,P_NOUN_9_ADJ_b,M,P,les miroirs avec la chemise qui étaient là depuis hier ne sont pas très bleus <eos>,14,bleus,bleues,12,F,S,bleus,-9.942682,bleues,-13.775012,1
6347,P_NOUN_9_ADJ_b,M,P,les miroirs avec la chemise qui étaient là depuis hier ne sont pas très noirs <eos>,14,noirs,noires,12,F,S,noirs,-10.040124,noires,-12.76674,1
6348,P_NOUN_9_ADJ_b,M,P,les miroirs avec la chemise qui étaient là depuis hier ne sont pas très délicats <eos>,14,délicats,délicates,12,F,S,délicats,-7.514166,délicates,-11.002575,1
6349,P_NOUN_9_ADJ_b,M,P,les miroirs avec la chemise qui étaient là depuis hier ne sont pas très pointus <eos>,14,pointus,pointues,12,F,S,pointus,-8.919719,pointues,-11.465318,1
6350,P_NOUN_9_ADJ_b,M,P,les miroirs avec la chemise qui étaient là depuis hier ne sont pas très ronds <eos>,14,ronds,rondes,12,F,S,ronds,-10.328129,rondes,-12.898136,1
6351,P_NOUN_9_ADJ_b,M,P,les miroirs avec la chemise qui étaient là depuis hier ne sont pas très froids <eos>,14,froids,froides,12,F,S,froids,-8.5564995,froides,-8.841322,1
6352,P_NOUN_9_ADJ_b,M,P,les miroirs avec la chemise qui étaient là depuis hier ne sont pas très chauds <eos>,14,chauds,chaudes,12,F,S,chauds,-7.0514107,chaudes,-10.285018,1
6353,P_NOUN_9_ADJ_b,M,P,les miroirs avec la chemise qui étaient là depuis hier ne sont pas très importants <eos>,14,importants,importantes,12,F,S,importants,-5.787035,importantes,-8.856475,1
6354,P_NOUN_9_ADJ_b,M,P,les miroirs avec la chemise qui étaient là depuis hier ne sont pas très courts <eos>,14,courts,courtes,12,F,S,courts,-5.457755,courtes,-8.966177,1
6355,P_NOUN_9_ADJ_b,M,P,les miroirs avec la chemise qui étaient là depuis hier ne sont pas très durs <eos>,14,durs,dures,12,F,S,durs,-5.130117,dures,-8.069849,1
6356,P_NOUN_9_ADJ_b,M,P,les miroirs avec la chemise qui étaient là depuis hier ne sont pas très clairs <eos>,14,clairs,claires,12,F,S,clairs,-3.7169037,claires,-7.2897053,1
6357,P_NOUN_9_ADJ_b,M,P,les miroirs avec la chemise qui étaient là depuis hier ne sont pas très intéressants <eos>,14,intéressants,intéressantes,12,F,S,intéressants,-5.703233,intéressantes,-9.598615,1
6358,P_NOUN_9_ADJ_b,M,P,les miroirs avec la chemise qui étaient là depuis hier ne sont pas très brillants <eos>,14,brillants,brillantes,12,F,S,brillants,-6.4439616,brillantes,-9.233425,1
6359,P_NOUN_9_ADJ_b,M,P,les miroirs avec la chemise qui étaient là depuis hier ne sont pas très compliqués <eos>,14,compliqués,compliquées,12,F,S,compliqués,-4.8383236,compliquées,-8.475122,1
6360,P_NOUN_9_ADJ_b,M,P,les miroirs avec la recette qui étaient là depuis hier ne sont pas très verts <eos>,14,verts,vertes,12,F,S,verts,-8.952255,vertes,-13.0099125,1
6361,P_NOUN_9_ADJ_b,M,P,les miroirs avec la recette qui étaient là depuis hier ne sont pas très bleus <eos>,14,bleus,bleues,12,F,S,bleus,-11.137623,bleues,-14.802532,1
6362,P_NOUN_9_ADJ_b,M,P,les miroirs avec la recette qui étaient là depuis hier ne sont pas très noirs <eos>,14,noirs,noires,12,F,S,noirs,-11.319568,noires,-13.856502,1
6363,P_NOUN_9_ADJ_b,M,P,les miroirs avec la recette qui étaient là depuis hier ne sont pas très délicats <eos>,14,délicats,délicates,12,F,S,délicats,-6.937486,délicates,-10.48905,1
6364,P_NOUN_9_ADJ_b,M,P,les miroirs avec la recette qui étaient là depuis hier ne sont pas très pointus <eos>,14,pointus,pointues,12,F,S,pointus,-10.238792,pointues,-11.9986,1
6365,P_NOUN_9_ADJ_b,M,P,les miroirs avec la recette qui étaient là depuis hier ne sont pas très ronds <eos>,14,ronds,rondes,12,F,S,ronds,-11.009458,rondes,-13.8539295,1
6366,P_NOUN_9_ADJ_b,M,P,les miroirs avec la recette qui étaient là depuis hier ne sont pas très froids <eos>,14,froids,froides,12,F,S,froids,-8.217871,froides,-8.40015,1
6367,P_NOUN_9_ADJ_b,M,P,les miroirs avec la recette qui étaient là depuis hier ne sont pas très chauds <eos>,14,chauds,chaudes,12,F,S,chauds,-6.630232,chaudes,-9.357231,1
6368,P_NOUN_9_ADJ_b,M,P,les miroirs avec la recette qui étaient là depuis hier ne sont pas très importants <eos>,14,importants,importantes,12,F,S,importants,-5.433178,importantes,-7.7580795,1
6369,P_NOUN_9_ADJ_b,M,P,les miroirs avec la recette qui étaient là depuis hier ne sont pas très courts <eos>,14,courts,courtes,12,F,S,courts,-6.396003,courtes,-9.318462,1
6370,P_NOUN_9_ADJ_b,M,P,les miroirs avec la recette qui étaient là depuis hier ne sont pas très durs <eos>,14,durs,dures,12,F,S,durs,-4.9777164,dures,-8.2843895,1
6371,P_NOUN_9_ADJ_b,M,P,les miroirs avec la recette qui étaient là depuis hier ne sont pas très clairs <eos>,14,clairs,claires,12,F,S,clairs,-4.522744,claires,-6.7792835,1
6372,P_NOUN_9_ADJ_b,M,P,les miroirs avec la recette qui étaient là depuis hier ne sont pas très intéressants <eos>,14,intéressants,intéressantes,12,F,S,intéressants,-5.813982,intéressantes,-8.556836,1
6373,P_NOUN_9_ADJ_b,M,P,les miroirs avec la recette qui étaient là depuis hier ne sont pas très brillants <eos>,14,brillants,brillantes,12,F,S,brillants,-6.7580996,brillantes,-8.972651,1
6374,P_NOUN_9_ADJ_b,M,P,les miroirs avec la recette qui étaient là depuis hier ne sont pas très compliqués <eos>,14,compliqués,compliquées,12,F,S,compliqués,-4.668412,compliquées,-8.479551,1
6375,P_NOUN_9_ADJ_b,M,P,les miroirs avec la jupe qui étaient là depuis hier ne sont pas très verts <eos>,14,verts,vertes,12,F,S,verts,-8.518087,vertes,-12.634369,1
6376,P_NOUN_9_ADJ_b,M,P,les miroirs avec la jupe qui étaient là depuis hier ne sont pas très bleus <eos>,14,bleus,bleues,12,F,S,bleus,-10.383759,bleues,-13.694218,1
6377,P_NOUN_9_ADJ_b,M,P,les miroirs avec la jupe qui étaient là depuis hier ne sont pas très noirs <eos>,14,noirs,noires,12,F,S,noirs,-10.307127,noires,-12.5478735,1
6378,P_NOUN_9_ADJ_b,M,P,les miroirs avec la jupe qui étaient là depuis hier ne sont pas très délicats <eos>,14,délicats,délicates,12,F,S,délicats,-7.2580013,délicates,-10.760015,1
6379,P_NOUN_9_ADJ_b,M,P,les miroirs avec la jupe qui étaient là depuis hier ne sont pas très pointus <eos>,14,pointus,pointues,12,F,S,pointus,-9.044398,pointues,-11.40988,1
6380,P_NOUN_9_ADJ_b,M,P,les miroirs avec la jupe qui étaient là depuis hier ne sont pas très ronds <eos>,14,ronds,rondes,12,F,S,ronds,-10.136019,rondes,-12.712351,1
6381,P_NOUN_9_ADJ_b,M,P,les miroirs avec la jupe qui étaient là depuis hier ne sont pas très froids <eos>,14,froids,froides,12,F,S,froids,-9.014688,froides,-8.948956,0
6382,P_NOUN_9_ADJ_b,M,P,les miroirs avec la jupe qui étaient là depuis hier ne sont pas très chauds <eos>,14,chauds,chaudes,12,F,S,chauds,-7.463787,chaudes,-10.012944,1
6383,P_NOUN_9_ADJ_b,M,P,les miroirs avec la jupe qui étaient là depuis hier ne sont pas très importants <eos>,14,importants,importantes,12,F,S,importants,-5.7294273,importantes,-8.471548,1
6384,P_NOUN_9_ADJ_b,M,P,les miroirs avec la jupe qui étaient là depuis hier ne sont pas très courts <eos>,14,courts,courtes,12,F,S,courts,-5.5681562,courtes,-8.758794,1
6385,P_NOUN_9_ADJ_b,M,P,les miroirs avec la jupe qui étaient là depuis hier ne sont pas très durs <eos>,14,durs,dures,12,F,S,durs,-5.1213975,dures,-8.113365,1
6386,P_NOUN_9_ADJ_b,M,P,les miroirs avec la jupe qui étaient là depuis hier ne sont pas très clairs <eos>,14,clairs,claires,12,F,S,clairs,-3.673345,claires,-6.726588,1
6387,P_NOUN_9_ADJ_b,M,P,les miroirs avec la jupe qui étaient là depuis hier ne sont pas très intéressants <eos>,14,intéressants,intéressantes,12,F,S,intéressants,-5.8746095,intéressantes,-9.394226,1
6388,P_NOUN_9_ADJ_b,M,P,les miroirs avec la jupe qui étaient là depuis hier ne sont pas très brillants <eos>,14,brillants,brillantes,12,F,S,brillants,-6.6588955,brillantes,-9.264784,1
6389,P_NOUN_9_ADJ_b,M,P,les miroirs avec la jupe qui étaient là depuis hier ne sont pas très compliqués <eos>,14,compliqués,compliquées,12,F,S,compliqués,-4.761424,compliquées,-8.427282,1
6390,P_NOUN_9_ADJ_b,M,P,les miroirs avec la colle qui étaient là depuis hier ne sont pas très verts <eos>,14,verts,vertes,12,F,S,verts,-8.444962,vertes,-12.689634,1
6391,P_NOUN_9_ADJ_b,M,P,les miroirs avec la colle qui étaient là depuis hier ne sont pas très bleus <eos>,14,bleus,bleues,12,F,S,bleus,-10.495825,bleues,-14.185269,1
6392,P_NOUN_9_ADJ_b,M,P,les miroirs avec la colle qui étaient là depuis hier ne sont pas très noirs <eos>,14,noirs,noires,12,F,S,noirs,-10.624661,noires,-12.968947,1
6393,P_NOUN_9_ADJ_b,M,P,les miroirs avec la colle qui étaient là depuis hier ne sont pas très délicats <eos>,14,délicats,délicates,12,F,S,délicats,-7.121609,délicates,-10.961567,1
6394,P_NOUN_9_ADJ_b,M,P,les miroirs avec la colle qui étaient là depuis hier ne sont pas très pointus <eos>,14,pointus,pointues,12,F,S,pointus,-9.359564,pointues,-11.718012,1
6395,P_NOUN_9_ADJ_b,M,P,les miroirs avec la colle qui étaient là depuis hier ne sont pas très ronds <eos>,14,ronds,rondes,12,F,S,ronds,-10.693781,rondes,-13.470448,1
6396,P_NOUN_9_ADJ_b,M,P,les miroirs avec la colle qui étaient là depuis hier ne sont pas très froids <eos>,14,froids,froides,12,F,S,froids,-8.177656,froides,-8.202507,1
6397,P_NOUN_9_ADJ_b,M,P,les miroirs avec la colle qui étaient là depuis hier ne sont pas très chauds <eos>,14,chauds,chaudes,12,F,S,chauds,-6.5335307,chaudes,-9.134291,1
6398,P_NOUN_9_ADJ_b,M,P,les miroirs avec la colle qui étaient là depuis hier ne sont pas très importants <eos>,14,importants,importantes,12,F,S,importants,-5.650198,importantes,-8.199369,1
6399,P_NOUN_9_ADJ_b,M,P,les miroirs avec la colle qui étaient là depuis hier ne sont pas très courts <eos>,14,courts,courtes,12,F,S,courts,-5.9207516,courtes,-9.4520445,1
6400,P_NOUN_9_ADJ_b,M,P,les miroirs avec la colle qui étaient là depuis hier ne sont pas très durs <eos>,14,durs,dures,12,F,S,durs,-4.974322,dures,-7.781511,1
6401,P_NOUN_9_ADJ_b,M,P,les miroirs avec la colle qui étaient là depuis hier ne sont pas très clairs <eos>,14,clairs,claires,12,F,S,clairs,-4.2452016,claires,-6.534085,1
6402,P_NOUN_9_ADJ_b,M,P,les miroirs avec la colle qui étaient là depuis hier ne sont pas très intéressants <eos>,14,intéressants,intéressantes,12,F,S,intéressants,-5.955821,intéressantes,-9.024991,1
6403,P_NOUN_9_ADJ_b,M,P,les miroirs avec la colle qui étaient là depuis hier ne sont pas très brillants <eos>,14,brillants,brillantes,12,F,S,brillants,-6.187778,brillantes,-9.05055,1
6404,P_NOUN_9_ADJ_b,M,P,les miroirs avec la colle qui étaient là depuis hier ne sont pas très compliqués <eos>,14,compliqués,compliquées,12,F,S,compliqués,-4.8591475,compliquées,-9.020964,1
6405,P_NOUN_9_ADJ_b,M,P,les miroirs avec la lampe qui étaient là depuis hier ne sont pas très verts <eos>,14,verts,vertes,12,F,S,verts,-8.640757,vertes,-12.607899,1
6406,P_NOUN_9_ADJ_b,M,P,les miroirs avec la lampe qui étaient là depuis hier ne sont pas très bleus <eos>,14,bleus,bleues,12,F,S,bleus,-10.6164665,bleues,-13.6549,1
6407,P_NOUN_9_ADJ_b,M,P,les miroirs avec la lampe qui étaient là depuis hier ne sont pas très noirs <eos>,14,noirs,noires,12,F,S,noirs,-10.363653,noires,-12.733898,1
6408,P_NOUN_9_ADJ_b,M,P,les miroirs avec la lampe qui étaient là depuis hier ne sont pas très délicats <eos>,14,délicats,délicates,12,F,S,délicats,-7.087866,délicates,-10.7096,1
6409,P_NOUN_9_ADJ_b,M,P,les miroirs avec la lampe qui étaient là depuis hier ne sont pas très pointus <eos>,14,pointus,pointues,12,F,S,pointus,-9.480961,pointues,-11.412073,1
6410,P_NOUN_9_ADJ_b,M,P,les miroirs avec la lampe qui étaient là depuis hier ne sont pas très ronds <eos>,14,ronds,rondes,12,F,S,ronds,-10.52573,rondes,-13.340706,1
6411,P_NOUN_9_ADJ_b,M,P,les miroirs avec la lampe qui étaient là depuis hier ne sont pas très froids <eos>,14,froids,froides,12,F,S,froids,-8.372244,froides,-8.271645,0
6412,P_NOUN_9_ADJ_b,M,P,les miroirs avec la lampe qui étaient là depuis hier ne sont pas très chauds <eos>,14,chauds,chaudes,12,F,S,chauds,-6.674659,chaudes,-9.42516,1
6413,P_NOUN_9_ADJ_b,M,P,les miroirs avec la lampe qui étaient là depuis hier ne sont pas très importants <eos>,14,importants,importantes,12,F,S,importants,-5.6638308,importantes,-8.1699,1
6414,P_NOUN_9_ADJ_b,M,P,les miroirs avec la lampe qui étaient là depuis hier ne sont pas très courts <eos>,14,courts,courtes,12,F,S,courts,-5.906391,courtes,-8.851172,1
6415,P_NOUN_9_ADJ_b,M,P,les miroirs avec la lampe qui étaient là depuis hier ne sont pas très durs <eos>,14,durs,dures,12,F,S,durs,-4.509737,dures,-7.9382343,1
6416,P_NOUN_9_ADJ_b,M,P,les miroirs avec la lampe qui étaient là depuis hier ne sont pas très clairs <eos>,14,clairs,claires,12,F,S,clairs,-3.8851175,claires,-6.727891,1
6417,P_NOUN_9_ADJ_b,M,P,les miroirs avec la lampe qui étaient là depuis hier ne sont pas très intéressants <eos>,14,intéressants,intéressantes,12,F,S,intéressants,-5.7367277,intéressantes,-8.858657,1
6418,P_NOUN_9_ADJ_b,M,P,les miroirs avec la lampe qui étaient là depuis hier ne sont pas très brillants <eos>,14,brillants,brillantes,12,F,S,brillants,-5.9548016,brillantes,-8.230479,1
6419,P_NOUN_9_ADJ_b,M,P,les miroirs avec la lampe qui étaient là depuis hier ne sont pas très compliqués <eos>,14,compliqués,compliquées,12,F,S,compliqués,-4.4860077,compliquées,-8.418671,1
6420,P_NOUN_9_ADJ_b,M,P,les miroirs avec la bouteille qui étaient là depuis hier ne sont pas très verts <eos>,14,verts,vertes,12,F,S,verts,-8.273621,vertes,-12.684202,1
6421,P_NOUN_9_ADJ_b,M,P,les miroirs avec la bouteille qui étaient là depuis hier ne sont pas très bleus <eos>,14,bleus,bleues,12,F,S,bleus,-10.250692,bleues,-13.910442,1
6422,P_NOUN_9_ADJ_b,M,P,les miroirs avec la bouteille qui étaient là depuis hier ne sont pas très noirs <eos>,14,noirs,noires,12,F,S,noirs,-10.168207,noires,-12.753632,1
6423,P_NOUN_9_ADJ_b,M,P,les miroirs avec la bouteille qui étaient là depuis hier ne sont pas très délicats <eos>,14,délicats,délicates,12,F,S,délicats,-6.709711,délicates,-10.374623,1
6424,P_NOUN_9_ADJ_b,M,P,les miroirs avec la bouteille qui étaient là depuis hier ne sont pas très pointus <eos>,14,pointus,pointues,12,F,S,pointus,-9.677635,pointues,-11.74469,1
6425,P_NOUN_9_ADJ_b,M,P,les miroirs avec la bouteille qui étaient là depuis hier ne sont pas très ronds <eos>,14,ronds,rondes,12,F,S,ronds,-10.511245,rondes,-13.464973,1
6426,P_NOUN_9_ADJ_b,M,P,les miroirs avec la bouteille qui étaient là depuis hier ne sont pas très froids <eos>,14,froids,froides,12,F,S,froids,-7.8107758,froides,-7.4871454,0
6427,P_NOUN_9_ADJ_b,M,P,les miroirs avec la bouteille qui étaient là depuis hier ne sont pas très chauds <eos>,14,chauds,chaudes,12,F,S,chauds,-6.396247,chaudes,-8.6510315,1
6428,P_NOUN_9_ADJ_b,M,P,les miroirs avec la bouteille qui étaient là depuis hier ne sont pas très importants <eos>,14,importants,importantes,12,F,S,importants,-5.267403,importantes,-7.7124286,1
6429,P_NOUN_9_ADJ_b,M,P,les miroirs avec la bouteille qui étaient là depuis hier ne sont pas très courts <eos>,14,courts,courtes,12,F,S,courts,-5.853168,courtes,-9.480846,1
6430,P_NOUN_9_ADJ_b,M,P,les miroirs avec la bouteille qui étaient là depuis hier ne sont pas très durs <eos>,14,durs,dures,12,F,S,durs,-4.975565,dures,-8.093815,1
6431,P_NOUN_9_ADJ_b,M,P,les miroirs avec la bouteille qui étaient là depuis hier ne sont pas très clairs <eos>,14,clairs,claires,12,F,S,clairs,-4.545271,claires,-6.6596117,1
6432,P_NOUN_9_ADJ_b,M,P,les miroirs avec la bouteille qui étaient là depuis hier ne sont pas très intéressants <eos>,14,intéressants,intéressantes,12,F,S,intéressants,-5.7062454,intéressantes,-8.727706,1
6433,P_NOUN_9_ADJ_b,M,P,les miroirs avec la bouteille qui étaient là depuis hier ne sont pas très brillants <eos>,14,brillants,brillantes,12,F,S,brillants,-6.320751,brillantes,-8.806248,1
6434,P_NOUN_9_ADJ_b,M,P,les miroirs avec la bouteille qui étaient là depuis hier ne sont pas très compliqués <eos>,14,compliqués,compliquées,12,F,S,compliqués,-4.835607,compliquées,-8.955376,1
6435,P_NOUN_9_ADJ_b,M,P,les miroirs avec la boisson qui étaient là depuis hier ne sont pas très verts <eos>,14,verts,vertes,12,F,S,verts,-8.029189,vertes,-12.773992,1
6436,P_NOUN_9_ADJ_b,M,P,les miroirs avec la boisson qui étaient là depuis hier ne sont pas très bleus <eos>,14,bleus,bleues,12,F,S,bleus,-10.410838,bleues,-14.166534,1
6437,P_NOUN_9_ADJ_b,M,P,les miroirs avec la boisson qui étaient là depuis hier ne sont pas très noirs <eos>,14,noirs,noires,12,F,S,noirs,-10.472469,noires,-13.110847,1
6438,P_NOUN_9_ADJ_b,M,P,les miroirs avec la boisson qui étaient là depuis hier ne sont pas très délicats <eos>,14,délicats,délicates,12,F,S,délicats,-6.5497904,délicates,-10.454416,1
6439,P_NOUN_9_ADJ_b,M,P,les miroirs avec la boisson qui étaient là depuis hier ne sont pas très pointus <eos>,14,pointus,pointues,12,F,S,pointus,-10.016245,pointues,-12.148137,1
6440,P_NOUN_9_ADJ_b,M,P,les miroirs avec la boisson qui étaient là depuis hier ne sont pas très ronds <eos>,14,ronds,rondes,12,F,S,ronds,-10.543369,rondes,-13.439209,1
6441,P_NOUN_9_ADJ_b,M,P,les miroirs avec la boisson qui étaient là depuis hier ne sont pas très froids <eos>,14,froids,froides,12,F,S,froids,-7.628751,froides,-7.920212,1
6442,P_NOUN_9_ADJ_b,M,P,les miroirs avec la boisson qui étaient là depuis hier ne sont pas très chauds <eos>,14,chauds,chaudes,12,F,S,chauds,-6.457432,chaudes,-8.8227415,1
6443,P_NOUN_9_ADJ_b,M,P,les miroirs avec la boisson qui étaient là depuis hier ne sont pas très importants <eos>,14,importants,importantes,12,F,S,importants,-5.2749853,importantes,-7.835081,1
6444,P_NOUN_9_ADJ_b,M,P,les miroirs avec la boisson qui étaient là depuis hier ne sont pas très courts <eos>,14,courts,courtes,12,F,S,courts,-6.0834637,courtes,-9.963808,1
6445,P_NOUN_9_ADJ_b,M,P,les miroirs avec la boisson qui étaient là depuis hier ne sont pas très durs <eos>,14,durs,dures,12,F,S,durs,-5.2487974,dures,-7.4651318,1
6446,P_NOUN_9_ADJ_b,M,P,les miroirs avec la boisson qui étaient là depuis hier ne sont pas très clairs <eos>,14,clairs,claires,12,F,S,clairs,-4.317903,claires,-6.5891767,1
6447,P_NOUN_9_ADJ_b,M,P,les miroirs avec la boisson qui étaient là depuis hier ne sont pas très intéressants <eos>,14,intéressants,intéressantes,12,F,S,intéressants,-5.8437233,intéressantes,-8.93273,1
6448,P_NOUN_9_ADJ_b,M,P,les miroirs avec la boisson qui étaient là depuis hier ne sont pas très brillants <eos>,14,brillants,brillantes,12,F,S,brillants,-6.513547,brillantes,-9.168025,1
6449,P_NOUN_9_ADJ_b,M,P,les miroirs avec la boisson qui étaient là depuis hier ne sont pas très compliqués <eos>,14,compliqués,compliquées,12,F,S,compliqués,-5.2007565,compliquées,-9.323885,1
6450,P_NOUN_9_ADJ_b,M,P,les miroirs avec la pomme qui étaient là depuis hier ne sont pas très verts <eos>,14,verts,vertes,12,F,S,verts,-8.598396,vertes,-13.045387,1
6451,P_NOUN_9_ADJ_b,M,P,les miroirs avec la pomme qui étaient là depuis hier ne sont pas très bleus <eos>,14,bleus,bleues,12,F,S,bleus,-10.712814,bleues,-14.398671,1
6452,P_NOUN_9_ADJ_b,M,P,les miroirs avec la pomme qui étaient là depuis hier ne sont pas très noirs <eos>,14,noirs,noires,12,F,S,noirs,-10.1433525,noires,-13.131527,1
6453,P_NOUN_9_ADJ_b,M,P,les miroirs avec la pomme qui étaient là depuis hier ne sont pas très délicats <eos>,14,délicats,délicates,12,F,S,délicats,-6.7812924,délicates,-10.847622,1
6454,P_NOUN_9_ADJ_b,M,P,les miroirs avec la pomme qui étaient là depuis hier ne sont pas très pointus <eos>,14,pointus,pointues,12,F,S,pointus,-9.613794,pointues,-11.684169,1
6455,P_NOUN_9_ADJ_b,M,P,les miroirs avec la pomme qui étaient là depuis hier ne sont pas très ronds <eos>,14,ronds,rondes,12,F,S,ronds,-10.2610235,rondes,-13.493144,1
6456,P_NOUN_9_ADJ_b,M,P,les miroirs avec la pomme qui étaient là depuis hier ne sont pas très froids <eos>,14,froids,froides,12,F,S,froids,-8.138067,froides,-8.306938,1
6457,P_NOUN_9_ADJ_b,M,P,les miroirs avec la pomme qui étaient là depuis hier ne sont pas très chauds <eos>,14,chauds,chaudes,12,F,S,chauds,-6.6763587,chaudes,-9.459585,1
6458,P_NOUN_9_ADJ_b,M,P,les miroirs avec la pomme qui étaient là depuis hier ne sont pas très importants <eos>,14,importants,importantes,12,F,S,importants,-5.1566105,importantes,-8.12345,1
6459,P_NOUN_9_ADJ_b,M,P,les miroirs avec la pomme qui étaient là depuis hier ne sont pas très courts <eos>,14,courts,courtes,12,F,S,courts,-5.831178,courtes,-9.533993,1
6460,P_NOUN_9_ADJ_b,M,P,les miroirs avec la pomme qui étaient là depuis hier ne sont pas très durs <eos>,14,durs,dures,12,F,S,durs,-4.7370863,dures,-7.8212824,1
6461,P_NOUN_9_ADJ_b,M,P,les miroirs avec la pomme qui étaient là depuis hier ne sont pas très clairs <eos>,14,clairs,claires,12,F,S,clairs,-4.074012,claires,-6.924078,1
6462,P_NOUN_9_ADJ_b,M,P,les miroirs avec la pomme qui étaient là depuis hier ne sont pas très intéressants <eos>,14,intéressants,intéressantes,12,F,S,intéressants,-5.4452972,intéressantes,-8.781566,1
6463,P_NOUN_9_ADJ_b,M,P,les miroirs avec la pomme qui étaient là depuis hier ne sont pas très brillants <eos>,14,brillants,brillantes,12,F,S,brillants,-6.389387,brillantes,-8.709885,1
6464,P_NOUN_9_ADJ_b,M,P,les miroirs avec la pomme qui étaient là depuis hier ne sont pas très compliqués <eos>,14,compliqués,compliquées,12,F,S,compliqués,-4.834754,compliquées,-8.66866,1
6465,P_NOUN_9_ADJ_b,M,P,les miroirs avec la tasse qui étaient là depuis hier ne sont pas très verts <eos>,14,verts,vertes,12,F,S,verts,-7.8239756,vertes,-12.4946165,1
6466,P_NOUN_9_ADJ_b,M,P,les miroirs avec la tasse qui étaient là depuis hier ne sont pas très bleus <eos>,14,bleus,bleues,12,F,S,bleus,-9.899279,bleues,-13.650552,1
6467,P_NOUN_9_ADJ_b,M,P,les miroirs avec la tasse qui étaient là depuis hier ne sont pas très noirs <eos>,14,noirs,noires,12,F,S,noirs,-9.968003,noires,-12.566812,1
6468,P_NOUN_9_ADJ_b,M,P,les miroirs avec la tasse qui étaient là depuis hier ne sont pas très délicats <eos>,14,délicats,délicates,12,F,S,délicats,-6.6577635,délicates,-9.541243,1
6469,P_NOUN_9_ADJ_b,M,P,les miroirs avec la tasse qui étaient là depuis hier ne sont pas très pointus <eos>,14,pointus,pointues,12,F,S,pointus,-9.7764845,pointues,-11.831337,1
6470,P_NOUN_9_ADJ_b,M,P,les miroirs avec la tasse qui étaient là depuis hier ne sont pas très ronds <eos>,14,ronds,rondes,12,F,S,ronds,-10.2082615,rondes,-13.208385,1
6471,P_NOUN_9_ADJ_b,M,P,les miroirs avec la tasse qui étaient là depuis hier ne sont pas très froids <eos>,14,froids,froides,12,F,S,froids,-7.6089945,froides,-7.4463654,0
6472,P_NOUN_9_ADJ_b,M,P,les miroirs avec la tasse qui étaient là depuis hier ne sont pas très chauds <eos>,14,chauds,chaudes,12,F,S,chauds,-6.2519646,chaudes,-8.357383,1
6473,P_NOUN_9_ADJ_b,M,P,les miroirs avec la tasse qui étaient là depuis hier ne sont pas très importants <eos>,14,importants,importantes,12,F,S,importants,-5.260765,importantes,-7.788501,1
6474,P_NOUN_9_ADJ_b,M,P,les miroirs avec la tasse qui étaient là depuis hier ne sont pas très courts <eos>,14,courts,courtes,12,F,S,courts,-6.045896,courtes,-9.843922,1
6475,P_NOUN_9_ADJ_b,M,P,les miroirs avec la tasse qui étaient là depuis hier ne sont pas très durs <eos>,14,durs,dures,12,F,S,durs,-5.51184,dures,-8.133132,1
6476,P_NOUN_9_ADJ_b,M,P,les miroirs avec la tasse qui étaient là depuis hier ne sont pas très clairs <eos>,14,clairs,claires,12,F,S,clairs,-4.046625,claires,-6.3129053,1
6477,P_NOUN_9_ADJ_b,M,P,les miroirs avec la tasse qui étaient là depuis hier ne sont pas très intéressants <eos>,14,intéressants,intéressantes,12,F,S,intéressants,-5.928759,intéressantes,-9.249407,1
6478,P_NOUN_9_ADJ_b,M,P,les miroirs avec la tasse qui étaient là depuis hier ne sont pas très brillants <eos>,14,brillants,brillantes,12,F,S,brillants,-6.7423882,brillantes,-9.428442,1
6479,P_NOUN_9_ADJ_b,M,P,les miroirs avec la tasse qui étaient là depuis hier ne sont pas très compliqués <eos>,14,compliqués,compliquées,12,F,S,compliqués,-5.1903963,compliquées,-9.396446,1
6480,P_NOUN_9_ADJ_b,M,P,les miroirs avec la bougie qui étaient là depuis hier ne sont pas très verts <eos>,14,verts,vertes,12,F,S,verts,-8.629705,vertes,-13.020439,1
6481,P_NOUN_9_ADJ_b,M,P,les miroirs avec la bougie qui étaient là depuis hier ne sont pas très bleus <eos>,14,bleus,bleues,12,F,S,bleus,-10.534395,bleues,-14.084767,1
6482,P_NOUN_9_ADJ_b,M,P,les miroirs avec la bougie qui étaient là depuis hier ne sont pas très noirs <eos>,14,noirs,noires,12,F,S,noirs,-10.333256,noires,-13.212995,1
6483,P_NOUN_9_ADJ_b,M,P,les miroirs avec la bougie qui étaient là depuis hier ne sont pas très délicats <eos>,14,délicats,délicates,12,F,S,délicats,-6.895834,délicates,-10.530965,1
6484,P_NOUN_9_ADJ_b,M,P,les miroirs avec la bougie qui étaient là depuis hier ne sont pas très pointus <eos>,14,pointus,pointues,12,F,S,pointus,-9.637501,pointues,-11.6802845,1
6485,P_NOUN_9_ADJ_b,M,P,les miroirs avec la bougie qui étaient là depuis hier ne sont pas très ronds <eos>,14,ronds,rondes,12,F,S,ronds,-10.70834,rondes,-13.787394,1
6486,P_NOUN_9_ADJ_b,M,P,les miroirs avec la bougie qui étaient là depuis hier ne sont pas très froids <eos>,14,froids,froides,12,F,S,froids,-7.880336,froides,-7.875062,0
6487,P_NOUN_9_ADJ_b,M,P,les miroirs avec la bougie qui étaient là depuis hier ne sont pas très chauds <eos>,14,chauds,chaudes,12,F,S,chauds,-6.546423,chaudes,-9.16943,1
6488,P_NOUN_9_ADJ_b,M,P,les miroirs avec la bougie qui étaient là depuis hier ne sont pas très importants <eos>,14,importants,importantes,12,F,S,importants,-5.464715,importantes,-8.310763,1
6489,P_NOUN_9_ADJ_b,M,P,les miroirs avec la bougie qui étaient là depuis hier ne sont pas très courts <eos>,14,courts,courtes,12,F,S,courts,-5.9677534,courtes,-9.403567,1
6490,P_NOUN_9_ADJ_b,M,P,les miroirs avec la bougie qui étaient là depuis hier ne sont pas très durs <eos>,14,durs,dures,12,F,S,durs,-4.615575,dures,-7.884036,1
6491,P_NOUN_9_ADJ_b,M,P,les miroirs avec la bougie qui étaient là depuis hier ne sont pas très clairs <eos>,14,clairs,claires,12,F,S,clairs,-3.9866178,claires,-6.6646786,1
6492,P_NOUN_9_ADJ_b,M,P,les miroirs avec la bougie qui étaient là depuis hier ne sont pas très intéressants <eos>,14,intéressants,intéressantes,12,F,S,intéressants,-5.755176,intéressantes,-9.053694,1
6493,P_NOUN_9_ADJ_b,M,P,les miroirs avec la bougie qui étaient là depuis hier ne sont pas très brillants <eos>,14,brillants,brillantes,12,F,S,brillants,-5.9238014,brillantes,-8.638985,1
6494,P_NOUN_9_ADJ_b,M,P,les miroirs avec la bougie qui étaient là depuis hier ne sont pas très compliqués <eos>,14,compliqués,compliquées,12,F,S,compliqués,-4.4634376,compliquées,-8.418283,1
6495,P_NOUN_9_ADJ_b,M,P,les miroirs avec la pochette qui étaient là depuis hier ne sont pas très verts <eos>,14,verts,vertes,12,F,S,verts,-8.190191,vertes,-12.452152,1
6496,P_NOUN_9_ADJ_b,M,P,les miroirs avec la pochette qui étaient là depuis hier ne sont pas très bleus <eos>,14,bleus,bleues,12,F,S,bleus,-10.1820965,bleues,-13.174931,1
6497,P_NOUN_9_ADJ_b,M,P,les miroirs avec la pochette qui étaient là depuis hier ne sont pas très noirs <eos>,14,noirs,noires,12,F,S,noirs,-9.971988,noires,-12.537553,1
6498,P_NOUN_9_ADJ_b,M,P,les miroirs avec la pochette qui étaient là depuis hier ne sont pas très délicats <eos>,14,délicats,délicates,12,F,S,délicats,-7.3486423,délicates,-10.28953,1
6499,P_NOUN_9_ADJ_b,M,P,les miroirs avec la pochette qui étaient là depuis hier ne sont pas très pointus <eos>,14,pointus,pointues,12,F,S,pointus,-9.658793,pointues,-11.567173,1
6500,P_NOUN_9_ADJ_b,M,P,les miroirs avec la pochette qui étaient là depuis hier ne sont pas très ronds <eos>,14,ronds,rondes,12,F,S,ronds,-9.99858,rondes,-13.144348,1
6501,P_NOUN_9_ADJ_b,M,P,les miroirs avec la pochette qui étaient là depuis hier ne sont pas très froids <eos>,14,froids,froides,12,F,S,froids,-9.719393,froides,-8.940672,0
6502,P_NOUN_9_ADJ_b,M,P,les miroirs avec la pochette qui étaient là depuis hier ne sont pas très chauds <eos>,14,chauds,chaudes,12,F,S,chauds,-8.450975,chaudes,-10.575359,1
6503,P_NOUN_9_ADJ_b,M,P,les miroirs avec la pochette qui étaient là depuis hier ne sont pas très importants <eos>,14,importants,importantes,12,F,S,importants,-5.8871584,importantes,-8.889196,1
6504,P_NOUN_9_ADJ_b,M,P,les miroirs avec la pochette qui étaient là depuis hier ne sont pas très courts <eos>,14,courts,courtes,12,F,S,courts,-5.5825624,courtes,-9.042563,1
6505,P_NOUN_9_ADJ_b,M,P,les miroirs avec la pochette qui étaient là depuis hier ne sont pas très durs <eos>,14,durs,dures,12,F,S,durs,-5.40318,dures,-8.863539,1
6506,P_NOUN_9_ADJ_b,M,P,les miroirs avec la pochette qui étaient là depuis hier ne sont pas très clairs <eos>,14,clairs,claires,12,F,S,clairs,-3.9581127,claires,-6.6781836,1
6507,P_NOUN_9_ADJ_b,M,P,les miroirs avec la pochette qui étaient là depuis hier ne sont pas très intéressants <eos>,14,intéressants,intéressantes,12,F,S,intéressants,-5.2861166,intéressantes,-8.994804,1
6508,P_NOUN_9_ADJ_b,M,P,les miroirs avec la pochette qui étaient là depuis hier ne sont pas très brillants <eos>,14,brillants,brillantes,12,F,S,brillants,-7.059783,brillantes,-9.434019,1
6509,P_NOUN_9_ADJ_b,M,P,les miroirs avec la pochette qui étaient là depuis hier ne sont pas très compliqués <eos>,14,compliqués,compliquées,12,F,S,compliqués,-4.992401,compliquées,-8.2008295,1
6510,P_NOUN_9_ADJ_b,M,P,les miroirs avec la banane qui étaient là depuis hier ne sont pas très verts <eos>,14,verts,vertes,12,F,S,verts,-8.369293,vertes,-12.839762,1
6511,P_NOUN_9_ADJ_b,M,P,les miroirs avec la banane qui étaient là depuis hier ne sont pas très bleus <eos>,14,bleus,bleues,12,F,S,bleus,-10.350315,bleues,-13.769972,1
6512,P_NOUN_9_ADJ_b,M,P,les miroirs avec la banane qui étaient là depuis hier ne sont pas très noirs <eos>,14,noirs,noires,12,F,S,noirs,-9.897373,noires,-12.729111,1
6513,P_NOUN_9_ADJ_b,M,P,les miroirs avec la banane qui étaient là depuis hier ne sont pas très délicats <eos>,14,délicats,délicates,12,F,S,délicats,-6.821498,délicates,-10.397618,1
6514,P_NOUN_9_ADJ_b,M,P,les miroirs avec la banane qui étaient là depuis hier ne sont pas très pointus <eos>,14,pointus,pointues,12,F,S,pointus,-9.5999565,pointues,-12.08502,1
6515,P_NOUN_9_ADJ_b,M,P,les miroirs avec la banane qui étaient là depuis hier ne sont pas très ronds <eos>,14,ronds,rondes,12,F,S,ronds,-10.228004,rondes,-13.591109,1
6516,P_NOUN_9_ADJ_b,M,P,les miroirs avec la banane qui étaient là depuis hier ne sont pas très froids <eos>,14,froids,froides,12,F,S,froids,-7.3948593,froides,-8.218057,1
6517,P_NOUN_9_ADJ_b,M,P,les miroirs avec la banane qui étaient là depuis hier ne sont pas très chauds <eos>,14,chauds,chaudes,12,F,S,chauds,-6.6667833,chaudes,-8.718807,1
6518,P_NOUN_9_ADJ_b,M,P,les miroirs avec la banane qui étaient là depuis hier ne sont pas très importants <eos>,14,importants,importantes,12,F,S,importants,-5.2062054,importantes,-8.043011,1
6519,P_NOUN_9_ADJ_b,M,P,les miroirs avec la banane qui étaient là depuis hier ne sont pas très courts <eos>,14,courts,courtes,12,F,S,courts,-5.4582996,courtes,-9.527518,1
6520,P_NOUN_9_ADJ_b,M,P,les miroirs avec la banane qui étaient là depuis hier ne sont pas très durs <eos>,14,durs,dures,12,F,S,durs,-4.7692847,dures,-7.075557,1
6521,P_NOUN_9_ADJ_b,M,P,les miroirs avec la banane qui étaient là depuis hier ne sont pas très clairs <eos>,14,clairs,claires,12,F,S,clairs,-3.528088,claires,-6.447145,1
6522,P_NOUN_9_ADJ_b,M,P,les miroirs avec la banane qui étaient là depuis hier ne sont pas très intéressants <eos>,14,intéressants,intéressantes,12,F,S,intéressants,-5.931928,intéressantes,-9.235069,1
6523,P_NOUN_9_ADJ_b,M,P,les miroirs avec la banane qui étaient là depuis hier ne sont pas très brillants <eos>,14,brillants,brillantes,12,F,S,brillants,-6.2474384,brillantes,-8.74775,1
6524,P_NOUN_9_ADJ_b,M,P,les miroirs avec la banane qui étaient là depuis hier ne sont pas très compliqués <eos>,14,compliqués,compliquées,12,F,S,compliqués,-5.1858177,compliquées,-9.260042,1
6525,P_NOUN_9_ADJ_b,M,P,les miroirs avec la robe qui étaient là depuis hier ne sont pas très verts <eos>,14,verts,vertes,12,F,S,verts,-8.213884,vertes,-12.570832,1
6526,P_NOUN_9_ADJ_b,M,P,les miroirs avec la robe qui étaient là depuis hier ne sont pas très bleus <eos>,14,bleus,bleues,12,F,S,bleus,-9.567769,bleues,-13.1906,1
6527,P_NOUN_9_ADJ_b,M,P,les miroirs avec la robe qui étaient là depuis hier ne sont pas très noirs <eos>,14,noirs,noires,12,F,S,noirs,-9.769716,noires,-12.537962,1
6528,P_NOUN_9_ADJ_b,M,P,les miroirs avec la robe qui étaient là depuis hier ne sont pas très délicats <eos>,14,délicats,délicates,12,F,S,délicats,-7.274748,délicates,-10.89225,1
6529,P_NOUN_9_ADJ_b,M,P,les miroirs avec la robe qui étaient là depuis hier ne sont pas très pointus <eos>,14,pointus,pointues,12,F,S,pointus,-9.67012,pointues,-12.00038,1
6530,P_NOUN_9_ADJ_b,M,P,les miroirs avec la robe qui étaient là depuis hier ne sont pas très ronds <eos>,14,ronds,rondes,12,F,S,ronds,-10.650704,rondes,-13.595784,1
6531,P_NOUN_9_ADJ_b,M,P,les miroirs avec la robe qui étaient là depuis hier ne sont pas très froids <eos>,14,froids,froides,12,F,S,froids,-8.165735,froides,-8.271803,1
6532,P_NOUN_9_ADJ_b,M,P,les miroirs avec la robe qui étaient là depuis hier ne sont pas très chauds <eos>,14,chauds,chaudes,12,F,S,chauds,-6.497347,chaudes,-9.45464,1
6533,P_NOUN_9_ADJ_b,M,P,les miroirs avec la robe qui étaient là depuis hier ne sont pas très importants <eos>,14,importants,importantes,12,F,S,importants,-5.451003,importantes,-8.144567,1
6534,P_NOUN_9_ADJ_b,M,P,les miroirs avec la robe qui étaient là depuis hier ne sont pas très courts <eos>,14,courts,courtes,12,F,S,courts,-5.7894177,courtes,-9.022957,1
6535,P_NOUN_9_ADJ_b,M,P,les miroirs avec la robe qui étaient là depuis hier ne sont pas très durs <eos>,14,durs,dures,12,F,S,durs,-4.9511647,dures,-7.621716,1
6536,P_NOUN_9_ADJ_b,M,P,les miroirs avec la robe qui étaient là depuis hier ne sont pas très clairs <eos>,14,clairs,claires,12,F,S,clairs,-2.5707493,claires,-6.4161005,1
6537,P_NOUN_9_ADJ_b,M,P,les miroirs avec la robe qui étaient là depuis hier ne sont pas très intéressants <eos>,14,intéressants,intéressantes,12,F,S,intéressants,-6.000815,intéressantes,-9.306631,1
6538,P_NOUN_9_ADJ_b,M,P,les miroirs avec la robe qui étaient là depuis hier ne sont pas très brillants <eos>,14,brillants,brillantes,12,F,S,brillants,-6.2718277,brillantes,-8.253951,1
6539,P_NOUN_9_ADJ_b,M,P,les miroirs avec la robe qui étaient là depuis hier ne sont pas très compliqués <eos>,14,compliqués,compliquées,12,F,S,compliqués,-4.893031,compliquées,-8.8485365,1
6540,P_NOUN_9_ADJ_b,M,P,les miroirs avec la valise qui étaient là depuis hier ne sont pas très verts <eos>,14,verts,vertes,12,F,S,verts,-8.546331,vertes,-12.30982,1
6541,P_NOUN_9_ADJ_b,M,P,les miroirs avec la valise qui étaient là depuis hier ne sont pas très bleus <eos>,14,bleus,bleues,12,F,S,bleus,-9.926043,bleues,-13.4343815,1
6542,P_NOUN_9_ADJ_b,M,P,les miroirs avec la valise qui étaient là depuis hier ne sont pas très noirs <eos>,14,noirs,noires,12,F,S,noirs,-10.104327,noires,-12.557511,1
6543,P_NOUN_9_ADJ_b,M,P,les miroirs avec la valise qui étaient là depuis hier ne sont pas très délicats <eos>,14,délicats,délicates,12,F,S,délicats,-7.643672,délicates,-10.507291,1
6544,P_NOUN_9_ADJ_b,M,P,les miroirs avec la valise qui étaient là depuis hier ne sont pas très pointus <eos>,14,pointus,pointues,12,F,S,pointus,-9.268713,pointues,-11.552961,1
6545,P_NOUN_9_ADJ_b,M,P,les miroirs avec la valise qui étaient là depuis hier ne sont pas très ronds <eos>,14,ronds,rondes,12,F,S,ronds,-10.958715,rondes,-13.477655,1
6546,P_NOUN_9_ADJ_b,M,P,les miroirs avec la valise qui étaient là depuis hier ne sont pas très froids <eos>,14,froids,froides,12,F,S,froids,-8.934593,froides,-8.182158,0
6547,P_NOUN_9_ADJ_b,M,P,les miroirs avec la valise qui étaient là depuis hier ne sont pas très chauds <eos>,14,chauds,chaudes,12,F,S,chauds,-6.9877234,chaudes,-10.068919,1
6548,P_NOUN_9_ADJ_b,M,P,les miroirs avec la valise qui étaient là depuis hier ne sont pas très importants <eos>,14,importants,importantes,12,F,S,importants,-5.788329,importantes,-8.627783,1
6549,P_NOUN_9_ADJ_b,M,P,les miroirs avec la valise qui étaient là depuis hier ne sont pas très courts <eos>,14,courts,courtes,12,F,S,courts,-5.9144297,courtes,-8.988792,1
6550,P_NOUN_9_ADJ_b,M,P,les miroirs avec la valise qui étaient là depuis hier ne sont pas très durs <eos>,14,durs,dures,12,F,S,durs,-5.1407022,dures,-8.802054,1
6551,P_NOUN_9_ADJ_b,M,P,les miroirs avec la valise qui étaient là depuis hier ne sont pas très clairs <eos>,14,clairs,claires,12,F,S,clairs,-4.2347,claires,-7.343217,1
6552,P_NOUN_9_ADJ_b,M,P,les miroirs avec la valise qui étaient là depuis hier ne sont pas très intéressants <eos>,14,intéressants,intéressantes,12,F,S,intéressants,-5.1498675,intéressantes,-9.190857,1
6553,P_NOUN_9_ADJ_b,M,P,les miroirs avec la valise qui étaient là depuis hier ne sont pas très brillants <eos>,14,brillants,brillantes,12,F,S,brillants,-6.7209406,brillantes,-9.570719,1
6554,P_NOUN_9_ADJ_b,M,P,les miroirs avec la valise qui étaient là depuis hier ne sont pas très compliqués <eos>,14,compliqués,compliquées,12,F,S,compliqués,-4.625565,compliquées,-8.411549,1
6555,P_NOUN_9_ADJ_b,M,P,les miroirs avec la pendule qui étaient là depuis hier ne sont pas très verts <eos>,14,verts,vertes,12,F,S,verts,-8.586336,vertes,-12.867218,1
6556,P_NOUN_9_ADJ_b,M,P,les miroirs avec la pendule qui étaient là depuis hier ne sont pas très bleus <eos>,14,bleus,bleues,12,F,S,bleus,-10.659616,bleues,-14.064136,1
6557,P_NOUN_9_ADJ_b,M,P,les miroirs avec la pendule qui étaient là depuis hier ne sont pas très noirs <eos>,14,noirs,noires,12,F,S,noirs,-10.405903,noires,-13.128815,1
6558,P_NOUN_9_ADJ_b,M,P,les miroirs avec la pendule qui étaient là depuis hier ne sont pas très délicats <eos>,14,délicats,délicates,12,F,S,délicats,-7.5434327,délicates,-11.159418,1
6559,P_NOUN_9_ADJ_b,M,P,les miroirs avec la pendule qui étaient là depuis hier ne sont pas très pointus <eos>,14,pointus,pointues,12,F,S,pointus,-9.237972,pointues,-11.502513,1
6560,P_NOUN_9_ADJ_b,M,P,les miroirs avec la pendule qui étaient là depuis hier ne sont pas très ronds <eos>,14,ronds,rondes,12,F,S,ronds,-10.83734,rondes,-13.596511,1
6561,P_NOUN_9_ADJ_b,M,P,les miroirs avec la pendule qui étaient là depuis hier ne sont pas très froids <eos>,14,froids,froides,12,F,S,froids,-8.312927,froides,-8.436998,1
6562,P_NOUN_9_ADJ_b,M,P,les miroirs avec la pendule qui étaient là depuis hier ne sont pas très chauds <eos>,14,chauds,chaudes,12,F,S,chauds,-6.5776906,chaudes,-9.690521,1
6563,P_NOUN_9_ADJ_b,M,P,les miroirs avec la pendule qui étaient là depuis hier ne sont pas très importants <eos>,14,importants,importantes,12,F,S,importants,-5.6903877,importantes,-8.52742,1
6564,P_NOUN_9_ADJ_b,M,P,les miroirs avec la pendule qui étaient là depuis hier ne sont pas très courts <eos>,14,courts,courtes,12,F,S,courts,-5.8639994,courtes,-9.115842,1
6565,P_NOUN_9_ADJ_b,M,P,les miroirs avec la pendule qui étaient là depuis hier ne sont pas très durs <eos>,14,durs,dures,12,F,S,durs,-4.457447,dures,-8.0953665,1
6566,P_NOUN_9_ADJ_b,M,P,les miroirs avec la pendule qui étaient là depuis hier ne sont pas très clairs <eos>,14,clairs,claires,12,F,S,clairs,-4.312044,claires,-7.130965,1
6567,P_NOUN_9_ADJ_b,M,P,les miroirs avec la pendule qui étaient là depuis hier ne sont pas très intéressants <eos>,14,intéressants,intéressantes,12,F,S,intéressants,-5.7531176,intéressantes,-9.1438265,1
6568,P_NOUN_9_ADJ_b,M,P,les miroirs avec la pendule qui étaient là depuis hier ne sont pas très brillants <eos>,14,brillants,brillantes,12,F,S,brillants,-5.808381,brillantes,-8.430108,1
6569,P_NOUN_9_ADJ_b,M,P,les miroirs avec la pendule qui étaient là depuis hier ne sont pas très compliqués <eos>,14,compliqués,compliquées,12,F,S,compliqués,-4.412047,compliquées,-8.4907875,1
6570,P_NOUN_9_ADJ_b,M,P,les miroirs avec la cloche qui étaient là depuis hier ne sont pas très verts <eos>,14,verts,vertes,12,F,S,verts,-8.635134,vertes,-13.097644,1
6571,P_NOUN_9_ADJ_b,M,P,les miroirs avec la cloche qui étaient là depuis hier ne sont pas très bleus <eos>,14,bleus,bleues,12,F,S,bleus,-10.639096,bleues,-14.217703,1
6572,P_NOUN_9_ADJ_b,M,P,les miroirs avec la cloche qui étaient là depuis hier ne sont pas très noirs <eos>,14,noirs,noires,12,F,S,noirs,-10.795754,noires,-13.314103,1
6573,P_NOUN_9_ADJ_b,M,P,les miroirs avec la cloche qui étaient là depuis hier ne sont pas très délicats <eos>,14,délicats,délicates,12,F,S,délicats,-7.2349052,délicates,-10.715525,1
6574,P_NOUN_9_ADJ_b,M,P,les miroirs avec la cloche qui étaient là depuis hier ne sont pas très pointus <eos>,14,pointus,pointues,12,F,S,pointus,-9.532825,pointues,-11.653051,1
6575,P_NOUN_9_ADJ_b,M,P,les miroirs avec la cloche qui étaient là depuis hier ne sont pas très ronds <eos>,14,ronds,rondes,12,F,S,ronds,-10.381362,rondes,-13.260636,1
6576,P_NOUN_9_ADJ_b,M,P,les miroirs avec la cloche qui étaient là depuis hier ne sont pas très froids <eos>,14,froids,froides,12,F,S,froids,-8.711361,froides,-9.290682,1
6577,P_NOUN_9_ADJ_b,M,P,les miroirs avec la cloche qui étaient là depuis hier ne sont pas très chauds <eos>,14,chauds,chaudes,12,F,S,chauds,-7.4277263,chaudes,-10.019157,1
6578,P_NOUN_9_ADJ_b,M,P,les miroirs avec la cloche qui étaient là depuis hier ne sont pas très importants <eos>,14,importants,importantes,12,F,S,importants,-5.285504,importantes,-8.367262,1
6579,P_NOUN_9_ADJ_b,M,P,les miroirs avec la cloche qui étaient là depuis hier ne sont pas très courts <eos>,14,courts,courtes,12,F,S,courts,-5.735341,courtes,-9.165502,1
6580,P_NOUN_9_ADJ_b,M,P,les miroirs avec la cloche qui étaient là depuis hier ne sont pas très durs <eos>,14,durs,dures,12,F,S,durs,-5.0685434,dures,-8.178835,1
6581,P_NOUN_9_ADJ_b,M,P,les miroirs avec la cloche qui étaient là depuis hier ne sont pas très clairs <eos>,14,clairs,claires,12,F,S,clairs,-3.9803662,claires,-7.180781,1
6582,P_NOUN_9_ADJ_b,M,P,les miroirs avec la cloche qui étaient là depuis hier ne sont pas très intéressants <eos>,14,intéressants,intéressantes,12,F,S,intéressants,-5.112672,intéressantes,-8.847697,1
6583,P_NOUN_9_ADJ_b,M,P,les miroirs avec la cloche qui étaient là depuis hier ne sont pas très brillants <eos>,14,brillants,brillantes,12,F,S,brillants,-6.323782,brillantes,-8.972822,1
6584,P_NOUN_9_ADJ_b,M,P,les miroirs avec la cloche qui étaient là depuis hier ne sont pas très compliqués <eos>,14,compliqués,compliquées,12,F,S,compliqués,-4.7334385,compliquées,-8.408558,1
6585,P_NOUN_9_ADJ_b,M,P,les miroirs avec la cerise qui étaient là depuis hier ne sont pas très verts <eos>,14,verts,vertes,12,F,S,verts,-8.191338,vertes,-12.485014,1
6586,P_NOUN_9_ADJ_b,M,P,les miroirs avec la cerise qui étaient là depuis hier ne sont pas très bleus <eos>,14,bleus,bleues,12,F,S,bleus,-10.434704,bleues,-14.23218,1
6587,P_NOUN_9_ADJ_b,M,P,les miroirs avec la cerise qui étaient là depuis hier ne sont pas très noirs <eos>,14,noirs,noires,12,F,S,noirs,-10.390008,noires,-13.067287,1
6588,P_NOUN_9_ADJ_b,M,P,les miroirs avec la cerise qui étaient là depuis hier ne sont pas très délicats <eos>,14,délicats,délicates,12,F,S,délicats,-6.5527015,délicates,-10.401983,1
6589,P_NOUN_9_ADJ_b,M,P,les miroirs avec la cerise qui étaient là depuis hier ne sont pas très pointus <eos>,14,pointus,pointues,12,F,S,pointus,-9.877614,pointues,-11.90212,1
6590,P_NOUN_9_ADJ_b,M,P,les miroirs avec la cerise qui étaient là depuis hier ne sont pas très ronds <eos>,14,ronds,rondes,12,F,S,ronds,-10.016157,rondes,-13.576824,1
6591,P_NOUN_9_ADJ_b,M,P,les miroirs avec la cerise qui étaient là depuis hier ne sont pas très froids <eos>,14,froids,froides,12,F,S,froids,-7.567499,froides,-7.9910564,1
6592,P_NOUN_9_ADJ_b,M,P,les miroirs avec la cerise qui étaient là depuis hier ne sont pas très chauds <eos>,14,chauds,chaudes,12,F,S,chauds,-6.2936807,chaudes,-8.795082,1
6593,P_NOUN_9_ADJ_b,M,P,les miroirs avec la cerise qui étaient là depuis hier ne sont pas très importants <eos>,14,importants,importantes,12,F,S,importants,-5.486305,importantes,-8.280975,1
6594,P_NOUN_9_ADJ_b,M,P,les miroirs avec la cerise qui étaient là depuis hier ne sont pas très courts <eos>,14,courts,courtes,12,F,S,courts,-6.11576,courtes,-10.114214,1
6595,P_NOUN_9_ADJ_b,M,P,les miroirs avec la cerise qui étaient là depuis hier ne sont pas très durs <eos>,14,durs,dures,12,F,S,durs,-4.9041505,dures,-7.9102387,1
6596,P_NOUN_9_ADJ_b,M,P,les miroirs avec la cerise qui étaient là depuis hier ne sont pas très clairs <eos>,14,clairs,claires,12,F,S,clairs,-4.004941,claires,-6.6393366,1
6597,P_NOUN_9_ADJ_b,M,P,les miroirs avec la cerise qui étaient là depuis hier ne sont pas très intéressants <eos>,14,intéressants,intéressantes,12,F,S,intéressants,-5.9085493,intéressantes,-8.874166,1
6598,P_NOUN_9_ADJ_b,M,P,les miroirs avec la cerise qui étaient là depuis hier ne sont pas très brillants <eos>,14,brillants,brillantes,12,F,S,brillants,-6.143077,brillantes,-8.811521,1
6599,P_NOUN_9_ADJ_b,M,P,les miroirs avec la cerise qui étaient là depuis hier ne sont pas très compliqués <eos>,14,compliqués,compliquées,12,F,S,compliqués,-5.057455,compliquées,-9.103915,1
6600,P_NOUN_9_ADJ_b,M,P,les crayons avec la gemme qui étaient là depuis hier ne sont pas très verts <eos>,14,verts,vertes,12,F,S,verts,-7.676208,vertes,-12.355532,1
6601,P_NOUN_9_ADJ_b,M,P,les crayons avec la gemme qui étaient là depuis hier ne sont pas très bleus <eos>,14,bleus,bleues,12,F,S,bleus,-9.381766,bleues,-13.356936,1
6602,P_NOUN_9_ADJ_b,M,P,les crayons avec la gemme qui étaient là depuis hier ne sont pas très noirs <eos>,14,noirs,noires,12,F,S,noirs,-9.387251,noires,-12.030523,1
6603,P_NOUN_9_ADJ_b,M,P,les crayons avec la gemme qui étaient là depuis hier ne sont pas très délicats <eos>,14,délicats,délicates,12,F,S,délicats,-6.3318925,délicates,-9.946331,1
6604,P_NOUN_9_ADJ_b,M,P,les crayons avec la gemme qui étaient là depuis hier ne sont pas très pointus <eos>,14,pointus,pointues,12,F,S,pointus,-9.180974,pointues,-12.025671,1
6605,P_NOUN_9_ADJ_b,M,P,les crayons avec la gemme qui étaient là depuis hier ne sont pas très ronds <eos>,14,ronds,rondes,12,F,S,ronds,-9.9418125,rondes,-13.495024,1
6606,P_NOUN_9_ADJ_b,M,P,les crayons avec la gemme qui étaient là depuis hier ne sont pas très froids <eos>,14,froids,froides,12,F,S,froids,-7.9390697,froides,-8.342179,1
6607,P_NOUN_9_ADJ_b,M,P,les crayons avec la gemme qui étaient là depuis hier ne sont pas très chauds <eos>,14,chauds,chaudes,12,F,S,chauds,-6.7750998,chaudes,-9.313264,1
6608,P_NOUN_9_ADJ_b,M,P,les crayons avec la gemme qui étaient là depuis hier ne sont pas très importants <eos>,14,importants,importantes,12,F,S,importants,-5.198802,importantes,-7.924534,1
6609,P_NOUN_9_ADJ_b,M,P,les crayons avec la gemme qui étaient là depuis hier ne sont pas très courts <eos>,14,courts,courtes,12,F,S,courts,-6.0931554,courtes,-9.845263,1
6610,P_NOUN_9_ADJ_b,M,P,les crayons avec la gemme qui étaient là depuis hier ne sont pas très durs <eos>,14,durs,dures,12,F,S,durs,-5.1642194,dures,-7.07499,1
6611,P_NOUN_9_ADJ_b,M,P,les crayons avec la gemme qui étaient là depuis hier ne sont pas très clairs <eos>,14,clairs,claires,12,F,S,clairs,-3.3861003,claires,-6.6288476,1
6612,P_NOUN_9_ADJ_b,M,P,les crayons avec la gemme qui étaient là depuis hier ne sont pas très intéressants <eos>,14,intéressants,intéressantes,12,F,S,intéressants,-5.711152,intéressantes,-8.951646,1
6613,P_NOUN_9_ADJ_b,M,P,les crayons avec la gemme qui étaient là depuis hier ne sont pas très brillants <eos>,14,brillants,brillantes,12,F,S,brillants,-6.2291784,brillantes,-9.031011,1
6614,P_NOUN_9_ADJ_b,M,P,les crayons avec la gemme qui étaient là depuis hier ne sont pas très compliqués <eos>,14,compliqués,compliquées,12,F,S,compliqués,-5.6959705,compliquées,-9.818159,1
6615,P_NOUN_9_ADJ_b,M,P,les crayons avec la chaise qui étaient là depuis hier ne sont pas très verts <eos>,14,verts,vertes,12,F,S,verts,-8.12284,vertes,-12.821897,1
6616,P_NOUN_9_ADJ_b,M,P,les crayons avec la chaise qui étaient là depuis hier ne sont pas très bleus <eos>,14,bleus,bleues,12,F,S,bleus,-9.729131,bleues,-13.674004,1
6617,P_NOUN_9_ADJ_b,M,P,les crayons avec la chaise qui étaient là depuis hier ne sont pas très noirs <eos>,14,noirs,noires,12,F,S,noirs,-9.447209,noires,-12.144659,1
6618,P_NOUN_9_ADJ_b,M,P,les crayons avec la chaise qui étaient là depuis hier ne sont pas très délicats <eos>,14,délicats,délicates,12,F,S,délicats,-6.696237,délicates,-10.38348,1
6619,P_NOUN_9_ADJ_b,M,P,les crayons avec la chaise qui étaient là depuis hier ne sont pas très pointus <eos>,14,pointus,pointues,12,F,S,pointus,-9.163618,pointues,-11.726833,1
6620,P_NOUN_9_ADJ_b,M,P,les crayons avec la chaise qui étaient là depuis hier ne sont pas très ronds <eos>,14,ronds,rondes,12,F,S,ronds,-9.550421,rondes,-13.029178,1
6621,P_NOUN_9_ADJ_b,M,P,les crayons avec la chaise qui étaient là depuis hier ne sont pas très froids <eos>,14,froids,froides,12,F,S,froids,-8.823211,froides,-9.1173935,1
6622,P_NOUN_9_ADJ_b,M,P,les crayons avec la chaise qui étaient là depuis hier ne sont pas très chauds <eos>,14,chauds,chaudes,12,F,S,chauds,-7.433305,chaudes,-10.298168,1
6623,P_NOUN_9_ADJ_b,M,P,les crayons avec la chaise qui étaient là depuis hier ne sont pas très importants <eos>,14,importants,importantes,12,F,S,importants,-5.560424,importantes,-8.5762415,1
6624,P_NOUN_9_ADJ_b,M,P,les crayons avec la chaise qui étaient là depuis hier ne sont pas très courts <eos>,14,courts,courtes,12,F,S,courts,-6.0864477,courtes,-9.410046,1
6625,P_NOUN_9_ADJ_b,M,P,les crayons avec la chaise qui étaient là depuis hier ne sont pas très durs <eos>,14,durs,dures,12,F,S,durs,-5.2255697,dures,-7.6926003,1
6626,P_NOUN_9_ADJ_b,M,P,les crayons avec la chaise qui étaient là depuis hier ne sont pas très clairs <eos>,14,clairs,claires,12,F,S,clairs,-3.7526324,claires,-6.92809,1
6627,P_NOUN_9_ADJ_b,M,P,les crayons avec la chaise qui étaient là depuis hier ne sont pas très intéressants <eos>,14,intéressants,intéressantes,12,F,S,intéressants,-5.9478083,intéressantes,-9.426744,1
6628,P_NOUN_9_ADJ_b,M,P,les crayons avec la chaise qui étaient là depuis hier ne sont pas très brillants <eos>,14,brillants,brillantes,12,F,S,brillants,-6.7285976,brillantes,-9.566028,1
6629,P_NOUN_9_ADJ_b,M,P,les crayons avec la chaise qui étaient là depuis hier ne sont pas très compliqués <eos>,14,compliqués,compliquées,12,F,S,compliqués,-5.5360336,compliquées,-9.343603,1
6630,P_NOUN_9_ADJ_b,M,P,les crayons avec la poubelle qui étaient là depuis hier ne sont pas très verts <eos>,14,verts,vertes,12,F,S,verts,-8.076445,vertes,-12.49345,1
6631,P_NOUN_9_ADJ_b,M,P,les crayons avec la poubelle qui étaient là depuis hier ne sont pas très bleus <eos>,14,bleus,bleues,12,F,S,bleus,-9.714205,bleues,-13.646052,1
6632,P_NOUN_9_ADJ_b,M,P,les crayons avec la poubelle qui étaient là depuis hier ne sont pas très noirs <eos>,14,noirs,noires,12,F,S,noirs,-9.683329,noires,-12.321049,1
6633,P_NOUN_9_ADJ_b,M,P,les crayons avec la poubelle qui étaient là depuis hier ne sont pas très délicats <eos>,14,délicats,délicates,12,F,S,délicats,-6.57321,délicates,-10.285029,1
6634,P_NOUN_9_ADJ_b,M,P,les crayons avec la poubelle qui étaient là depuis hier ne sont pas très pointus <eos>,14,pointus,pointues,12,F,S,pointus,-9.322123,pointues,-12.00083,1
6635,P_NOUN_9_ADJ_b,M,P,les crayons avec la poubelle qui étaient là depuis hier ne sont pas très ronds <eos>,14,ronds,rondes,12,F,S,ronds,-10.249693,rondes,-13.449997,1
6636,P_NOUN_9_ADJ_b,M,P,les crayons avec la poubelle qui étaient là depuis hier ne sont pas très froids <eos>,14,froids,froides,12,F,S,froids,-8.221977,froides,-8.329815,1
6637,P_NOUN_9_ADJ_b,M,P,les crayons avec la poubelle qui étaient là depuis hier ne sont pas très chauds <eos>,14,chauds,chaudes,12,F,S,chauds,-6.855687,chaudes,-9.777081,1
6638,P_NOUN_9_ADJ_b,M,P,les crayons avec la poubelle qui étaient là depuis hier ne sont pas très importants <eos>,14,importants,importantes,12,F,S,importants,-5.4698772,importantes,-8.3456545,1
6639,P_NOUN_9_ADJ_b,M,P,les crayons avec la poubelle qui étaient là depuis hier ne sont pas très courts <eos>,14,courts,courtes,12,F,S,courts,-6.2536187,courtes,-9.706245,1
6640,P_NOUN_9_ADJ_b,M,P,les crayons avec la poubelle qui étaient là depuis hier ne sont pas très durs <eos>,14,durs,dures,12,F,S,durs,-5.180051,dures,-7.6524973,1
6641,P_NOUN_9_ADJ_b,M,P,les crayons avec la poubelle qui étaient là depuis hier ne sont pas très clairs <eos>,14,clairs,claires,12,F,S,clairs,-3.9584131,claires,-6.977811,1
6642,P_NOUN_9_ADJ_b,M,P,les crayons avec la poubelle qui étaient là depuis hier ne sont pas très intéressants <eos>,14,intéressants,intéressantes,12,F,S,intéressants,-5.67066,intéressantes,-9.050896,1
6643,P_NOUN_9_ADJ_b,M,P,les crayons avec la poubelle qui étaient là depuis hier ne sont pas très brillants <eos>,14,brillants,brillantes,12,F,S,brillants,-6.672842,brillantes,-9.596674,1
6644,P_NOUN_9_ADJ_b,M,P,les crayons avec la poubelle qui étaient là depuis hier ne sont pas très compliqués <eos>,14,compliqués,compliquées,12,F,S,compliqués,-5.416507,compliquées,-9.589825,1
6645,P_NOUN_9_ADJ_b,M,P,les crayons avec la chemise qui étaient là depuis hier ne sont pas très verts <eos>,14,verts,vertes,12,F,S,verts,-7.874342,vertes,-12.556464,1
6646,P_NOUN_9_ADJ_b,M,P,les crayons avec la chemise qui étaient là depuis hier ne sont pas très bleus <eos>,14,bleus,bleues,12,F,S,bleus,-9.072905,bleues,-13.291052,1
6647,P_NOUN_9_ADJ_b,M,P,les crayons avec la chemise qui étaient là depuis hier ne sont pas très noirs <eos>,14,noirs,noires,12,F,S,noirs,-9.058162,noires,-11.937805,1
6648,P_NOUN_9_ADJ_b,M,P,les crayons avec la chemise qui étaient là depuis hier ne sont pas très délicats <eos>,14,délicats,délicates,12,F,S,délicats,-6.8152666,délicates,-10.415898,1
6649,P_NOUN_9_ADJ_b,M,P,les crayons avec la chemise qui étaient là depuis hier ne sont pas très pointus <eos>,14,pointus,pointues,12,F,S,pointus,-8.84013,pointues,-11.789618,1
6650,P_NOUN_9_ADJ_b,M,P,les crayons avec la chemise qui étaient là depuis hier ne sont pas très ronds <eos>,14,ronds,rondes,12,F,S,ronds,-9.850349,rondes,-12.973589,1
6651,P_NOUN_9_ADJ_b,M,P,les crayons avec la chemise qui étaient là depuis hier ne sont pas très froids <eos>,14,froids,froides,12,F,S,froids,-8.605951,froides,-8.769192,1
6652,P_NOUN_9_ADJ_b,M,P,les crayons avec la chemise qui étaient là depuis hier ne sont pas très chauds <eos>,14,chauds,chaudes,12,F,S,chauds,-6.888628,chaudes,-10.415252,1
6653,P_NOUN_9_ADJ_b,M,P,les crayons avec la chemise qui étaient là depuis hier ne sont pas très importants <eos>,14,importants,importantes,12,F,S,importants,-5.5706186,importantes,-8.447399,1
6654,P_NOUN_9_ADJ_b,M,P,les crayons avec la chemise qui étaient là depuis hier ne sont pas très courts <eos>,14,courts,courtes,12,F,S,courts,-5.8167295,courtes,-9.230228,1
6655,P_NOUN_9_ADJ_b,M,P,les crayons avec la chemise qui étaient là depuis hier ne sont pas très durs <eos>,14,durs,dures,12,F,S,durs,-5.164298,dures,-7.7157717,1
6656,P_NOUN_9_ADJ_b,M,P,les crayons avec la chemise qui étaient là depuis hier ne sont pas très clairs <eos>,14,clairs,claires,12,F,S,clairs,-3.4174404,claires,-7.1587734,1
6657,P_NOUN_9_ADJ_b,M,P,les crayons avec la chemise qui étaient là depuis hier ne sont pas très intéressants <eos>,14,intéressants,intéressantes,12,F,S,intéressants,-5.9601173,intéressantes,-9.439492,1
6658,P_NOUN_9_ADJ_b,M,P,les crayons avec la chemise qui étaient là depuis hier ne sont pas très brillants <eos>,14,brillants,brillantes,12,F,S,brillants,-6.544225,brillantes,-9.717384,1
6659,P_NOUN_9_ADJ_b,M,P,les crayons avec la chemise qui étaient là depuis hier ne sont pas très compliqués <eos>,14,compliqués,compliquées,12,F,S,compliqués,-5.6717234,compliquées,-9.668133,1
6660,P_NOUN_9_ADJ_b,M,P,les crayons avec la recette qui étaient là depuis hier ne sont pas très verts <eos>,14,verts,vertes,12,F,S,verts,-8.527756,vertes,-12.676828,1
6661,P_NOUN_9_ADJ_b,M,P,les crayons avec la recette qui étaient là depuis hier ne sont pas très bleus <eos>,14,bleus,bleues,12,F,S,bleus,-10.307061,bleues,-14.322091,1
6662,P_NOUN_9_ADJ_b,M,P,les crayons avec la recette qui étaient là depuis hier ne sont pas très noirs <eos>,14,noirs,noires,12,F,S,noirs,-10.472832,noires,-13.132208,1
6663,P_NOUN_9_ADJ_b,M,P,les crayons avec la recette qui étaient là depuis hier ne sont pas très délicats <eos>,14,délicats,délicates,12,F,S,délicats,-6.1539693,délicates,-9.830959,1
6664,P_NOUN_9_ADJ_b,M,P,les crayons avec la recette qui étaient là depuis hier ne sont pas très pointus <eos>,14,pointus,pointues,12,F,S,pointus,-10.168872,pointues,-12.68018,1
6665,P_NOUN_9_ADJ_b,M,P,les crayons avec la recette qui étaient là depuis hier ne sont pas très ronds <eos>,14,ronds,rondes,12,F,S,ronds,-10.400608,rondes,-13.728975,1
6666,P_NOUN_9_ADJ_b,M,P,les crayons avec la recette qui étaient là depuis hier ne sont pas très froids <eos>,14,froids,froides,12,F,S,froids,-7.932323,froides,-8.252295,1
6667,P_NOUN_9_ADJ_b,M,P,les crayons avec la recette qui étaient là depuis hier ne sont pas très chauds <eos>,14,chauds,chaudes,12,F,S,chauds,-6.7022715,chaudes,-9.266918,1
6668,P_NOUN_9_ADJ_b,M,P,les crayons avec la recette qui étaient là depuis hier ne sont pas très importants <eos>,14,importants,importantes,12,F,S,importants,-5.184248,importantes,-7.3544226,1
6669,P_NOUN_9_ADJ_b,M,P,les crayons avec la recette qui étaient là depuis hier ne sont pas très courts <eos>,14,courts,courtes,12,F,S,courts,-6.8614955,courtes,-9.64403,1
6670,P_NOUN_9_ADJ_b,M,P,les crayons avec la recette qui étaient là depuis hier ne sont pas très durs <eos>,14,durs,dures,12,F,S,durs,-5.0604715,dures,-7.3176565,1
6671,P_NOUN_9_ADJ_b,M,P,les crayons avec la recette qui étaient là depuis hier ne sont pas très clairs <eos>,14,clairs,claires,12,F,S,clairs,-4.382163,claires,-6.750552,1
6672,P_NOUN_9_ADJ_b,M,P,les crayons avec la recette qui étaient là depuis hier ne sont pas très intéressants <eos>,14,intéressants,intéressantes,12,F,S,intéressants,-6.0100656,intéressantes,-8.429764,1
6673,P_NOUN_9_ADJ_b,M,P,les crayons avec la recette qui étaient là depuis hier ne sont pas très brillants <eos>,14,brillants,brillantes,12,F,S,brillants,-6.9655237,brillantes,-9.250179,1
6674,P_NOUN_9_ADJ_b,M,P,les crayons avec la recette qui étaient là depuis hier ne sont pas très compliqués <eos>,14,compliqués,compliquées,12,F,S,compliqués,-5.760713,compliquées,-9.575409,1
6675,P_NOUN_9_ADJ_b,M,P,les crayons avec la jupe qui étaient là depuis hier ne sont pas très verts <eos>,14,verts,vertes,12,F,S,verts,-8.10655,vertes,-12.475204,1
6676,P_NOUN_9_ADJ_b,M,P,les crayons avec la jupe qui étaient là depuis hier ne sont pas très bleus <eos>,14,bleus,bleues,12,F,S,bleus,-9.569895,bleues,-13.37426,1
6677,P_NOUN_9_ADJ_b,M,P,les crayons avec la jupe qui étaient là depuis hier ne sont pas très noirs <eos>,14,noirs,noires,12,F,S,noirs,-9.337286,noires,-11.994948,1
6678,P_NOUN_9_ADJ_b,M,P,les crayons avec la jupe qui étaient là depuis hier ne sont pas très délicats <eos>,14,délicats,délicates,12,F,S,délicats,-6.5783606,délicates,-10.163769,1
6679,P_NOUN_9_ADJ_b,M,P,les crayons avec la jupe qui étaient là depuis hier ne sont pas très pointus <eos>,14,pointus,pointues,12,F,S,pointus,-9.02157,pointues,-11.7870455,1
6680,P_NOUN_9_ADJ_b,M,P,les crayons avec la jupe qui étaient là depuis hier ne sont pas très ronds <eos>,14,ronds,rondes,12,F,S,ronds,-9.540699,rondes,-13.049925,1
6681,P_NOUN_9_ADJ_b,M,P,les crayons avec la jupe qui étaient là depuis hier ne sont pas très froids <eos>,14,froids,froides,12,F,S,froids,-8.774423,froides,-8.727589,0
6682,P_NOUN_9_ADJ_b,M,P,les crayons avec la jupe qui étaient là depuis hier ne sont pas très chauds <eos>,14,chauds,chaudes,12,F,S,chauds,-7.162451,chaudes,-10.082659,1
6683,P_NOUN_9_ADJ_b,M,P,les crayons avec la jupe qui étaient là depuis hier ne sont pas très importants <eos>,14,importants,importantes,12,F,S,importants,-5.4987535,importantes,-8.122663,1
6684,P_NOUN_9_ADJ_b,M,P,les crayons avec la jupe qui étaient là depuis hier ne sont pas très courts <eos>,14,courts,courtes,12,F,S,courts,-5.9243717,courtes,-9.111415,1
6685,P_NOUN_9_ADJ_b,M,P,les crayons avec la jupe qui étaient là depuis hier ne sont pas très durs <eos>,14,durs,dures,12,F,S,durs,-5.163004,dures,-7.7089767,1
6686,P_NOUN_9_ADJ_b,M,P,les crayons avec la jupe qui étaient là depuis hier ne sont pas très clairs <eos>,14,clairs,claires,12,F,S,clairs,-3.5113258,claires,-6.7991095,1
6687,P_NOUN_9_ADJ_b,M,P,les crayons avec la jupe qui étaient là depuis hier ne sont pas très intéressants <eos>,14,intéressants,intéressantes,12,F,S,intéressants,-6.054529,intéressantes,-9.149889,1
6688,P_NOUN_9_ADJ_b,M,P,les crayons avec la jupe qui étaient là depuis hier ne sont pas très brillants <eos>,14,brillants,brillantes,12,F,S,brillants,-6.776702,brillantes,-9.472328,1
6689,P_NOUN_9_ADJ_b,M,P,les crayons avec la jupe qui étaient là depuis hier ne sont pas très compliqués <eos>,14,compliqués,compliquées,12,F,S,compliqués,-5.566819,compliquées,-9.443613,1
6690,P_NOUN_9_ADJ_b,M,P,les crayons avec la colle qui étaient là depuis hier ne sont pas très verts <eos>,14,verts,vertes,12,F,S,verts,-8.060362,vertes,-12.347112,1
6691,P_NOUN_9_ADJ_b,M,P,les crayons avec la colle qui étaient là depuis hier ne sont pas très bleus <eos>,14,bleus,bleues,12,F,S,bleus,-10.002544,bleues,-13.852615,1
6692,P_NOUN_9_ADJ_b,M,P,les crayons avec la colle qui étaient là depuis hier ne sont pas très noirs <eos>,14,noirs,noires,12,F,S,noirs,-9.834156,noires,-12.303934,1
6693,P_NOUN_9_ADJ_b,M,P,les crayons avec la colle qui étaient là depuis hier ne sont pas très délicats <eos>,14,délicats,délicates,12,F,S,délicats,-6.507366,délicates,-10.585875,1
6694,P_NOUN_9_ADJ_b,M,P,les crayons avec la colle qui étaient là depuis hier ne sont pas très pointus <eos>,14,pointus,pointues,12,F,S,pointus,-9.460405,pointues,-12.11086,1
6695,P_NOUN_9_ADJ_b,M,P,les crayons avec la colle qui étaient là depuis hier ne sont pas très ronds <eos>,14,ronds,rondes,12,F,S,ronds,-10.073742,rondes,-13.540796,1
6696,P_NOUN_9_ADJ_b,M,P,les crayons avec la colle qui étaient là depuis hier ne sont pas très froids <eos>,14,froids,froides,12,F,S,froids,-8.456627,froides,-8.309223,0
6697,P_NOUN_9_ADJ_b,M,P,les crayons avec la colle qui étaient là depuis hier ne sont pas très chauds <eos>,14,chauds,chaudes,12,F,S,chauds,-6.630129,chaudes,-9.4214115,1
6698,P_NOUN_9_ADJ_b,M,P,les crayons avec la colle qui étaient là depuis hier ne sont pas très importants <eos>,14,importants,importantes,12,F,S,importants,-5.5460835,importantes,-8.0038395,1
6699,P_NOUN_9_ADJ_b,M,P,les crayons avec la colle qui étaient là depuis hier ne sont pas très courts <eos>,14,courts,courtes,12,F,S,courts,-6.4797506,courtes,-9.898107,1
6700,P_NOUN_9_ADJ_b,M,P,les crayons avec la colle qui étaient là depuis hier ne sont pas très durs <eos>,14,durs,dures,12,F,S,durs,-4.9348774,dures,-7.3797865,1
6701,P_NOUN_9_ADJ_b,M,P,les crayons avec la colle qui étaient là depuis hier ne sont pas très clairs <eos>,14,clairs,claires,12,F,S,clairs,-4.167575,claires,-6.6444407,1
6702,P_NOUN_9_ADJ_b,M,P,les crayons avec la colle qui étaient là depuis hier ne sont pas très intéressants <eos>,14,intéressants,intéressantes,12,F,S,intéressants,-6.094923,intéressantes,-8.839993,1
6703,P_NOUN_9_ADJ_b,M,P,les crayons avec la colle qui étaient là depuis hier ne sont pas très brillants <eos>,14,brillants,brillantes,12,F,S,brillants,-6.544815,brillantes,-9.504797,1
6704,P_NOUN_9_ADJ_b,M,P,les crayons avec la colle qui étaient là depuis hier ne sont pas très compliqués <eos>,14,compliqués,compliquées,12,F,S,compliqués,-5.7154446,compliquées,-10.049211,1
6705,P_NOUN_9_ADJ_b,M,P,les crayons avec la lampe qui étaient là depuis hier ne sont pas très verts <eos>,14,verts,vertes,12,F,S,verts,-8.10833,vertes,-12.17861,1
6706,P_NOUN_9_ADJ_b,M,P,les crayons avec la lampe qui étaient là depuis hier ne sont pas très bleus <eos>,14,bleus,bleues,12,F,S,bleus,-10.097377,bleues,-13.391346,1
6707,P_NOUN_9_ADJ_b,M,P,les crayons avec la lampe qui étaient là depuis hier ne sont pas très noirs <eos>,14,noirs,noires,12,F,S,noirs,-9.901817,noires,-12.163572,1
6708,P_NOUN_9_ADJ_b,M,P,les crayons avec la lampe qui étaient là depuis hier ne sont pas très délicats <eos>,14,délicats,délicates,12,F,S,délicats,-6.6261806,délicates,-10.2499,1
6709,P_NOUN_9_ADJ_b,M,P,les crayons avec la lampe qui étaient là depuis hier ne sont pas très pointus <eos>,14,pointus,pointues,12,F,S,pointus,-9.40114,pointues,-11.778666,1
6710,P_NOUN_9_ADJ_b,M,P,les crayons avec la lampe qui étaient là depuis hier ne sont pas très ronds <eos>,14,ronds,rondes,12,F,S,ronds,-9.968869,rondes,-13.456834,1
6711,P_NOUN_9_ADJ_b,M,P,les crayons avec la lampe qui étaient là depuis hier ne sont pas très froids <eos>,14,froids,froides,12,F,S,froids,-8.594673,froides,-8.479139,0
6712,P_NOUN_9_ADJ_b,M,P,les crayons avec la lampe qui étaient là depuis hier ne sont pas très chauds <eos>,14,chauds,chaudes,12,F,S,chauds,-6.824773,chaudes,-9.64774,1
6713,P_NOUN_9_ADJ_b,M,P,les crayons avec la lampe qui étaient là depuis hier ne sont pas très importants <eos>,14,importants,importantes,12,F,S,importants,-5.4793396,importantes,-7.9633055,1
6714,P_NOUN_9_ADJ_b,M,P,les crayons avec la lampe qui étaient là depuis hier ne sont pas très courts <eos>,14,courts,courtes,12,F,S,courts,-6.464017,courtes,-9.355741,1
6715,P_NOUN_9_ADJ_b,M,P,les crayons avec la lampe qui étaient là depuis hier ne sont pas très durs <eos>,14,durs,dures,12,F,S,durs,-4.9358206,dures,-7.58508,1
6716,P_NOUN_9_ADJ_b,M,P,les crayons avec la lampe qui étaient là depuis hier ne sont pas très clairs <eos>,14,clairs,claires,12,F,S,clairs,-3.8925562,claires,-6.720933,1
6717,P_NOUN_9_ADJ_b,M,P,les crayons avec la lampe qui étaient là depuis hier ne sont pas très intéressants <eos>,14,intéressants,intéressantes,12,F,S,intéressants,-5.7458334,intéressantes,-8.696632,1
6718,P_NOUN_9_ADJ_b,M,P,les crayons avec la lampe qui étaient là depuis hier ne sont pas très brillants <eos>,14,brillants,brillantes,12,F,S,brillants,-6.3534884,brillantes,-8.820084,1
6719,P_NOUN_9_ADJ_b,M,P,les crayons avec la lampe qui étaient là depuis hier ne sont pas très compliqués <eos>,14,compliqués,compliquées,12,F,S,compliqués,-5.2238445,compliquées,-9.3991995,1
6720,P_NOUN_9_ADJ_b,M,P,les crayons avec la bouteille qui étaient là depuis hier ne sont pas très verts <eos>,14,verts,vertes,12,F,S,verts,-7.963564,vertes,-12.462364,1
6721,P_NOUN_9_ADJ_b,M,P,les crayons avec la bouteille qui étaient là depuis hier ne sont pas très bleus <eos>,14,bleus,bleues,12,F,S,bleus,-9.727707,bleues,-13.65291,1
6722,P_NOUN_9_ADJ_b,M,P,les crayons avec la bouteille qui étaient là depuis hier ne sont pas très noirs <eos>,14,noirs,noires,12,F,S,noirs,-9.590671,noires,-12.2067795,1
6723,P_NOUN_9_ADJ_b,M,P,les crayons avec la bouteille qui étaient là depuis hier ne sont pas très délicats <eos>,14,délicats,délicates,12,F,S,délicats,-6.001948,délicates,-9.831686,1
6724,P_NOUN_9_ADJ_b,M,P,les crayons avec la bouteille qui étaient là depuis hier ne sont pas très pointus <eos>,14,pointus,pointues,12,F,S,pointus,-9.689074,pointues,-12.135298,1
6725,P_NOUN_9_ADJ_b,M,P,les crayons avec la bouteille qui étaient là depuis hier ne sont pas très ronds <eos>,14,ronds,rondes,12,F,S,ronds,-9.862486,rondes,-13.464818,1
6726,P_NOUN_9_ADJ_b,M,P,les crayons avec la bouteille qui étaient là depuis hier ne sont pas très froids <eos>,14,froids,froides,12,F,S,froids,-8.212189,froides,-7.8256826,0
6727,P_NOUN_9_ADJ_b,M,P,les crayons avec la bouteille qui étaient là depuis hier ne sont pas très chauds <eos>,14,chauds,chaudes,12,F,S,chauds,-6.842825,chaudes,-9.116975,1
6728,P_NOUN_9_ADJ_b,M,P,les crayons avec la bouteille qui étaient là depuis hier ne sont pas très importants <eos>,14,importants,importantes,12,F,S,importants,-5.1739264,importantes,-7.5947266,1
6729,P_NOUN_9_ADJ_b,M,P,les crayons avec la bouteille qui étaient là depuis hier ne sont pas très courts <eos>,14,courts,courtes,12,F,S,courts,-6.2644033,courtes,-9.903415,1
6730,P_NOUN_9_ADJ_b,M,P,les crayons avec la bouteille qui étaient là depuis hier ne sont pas très durs <eos>,14,durs,dures,12,F,S,durs,-5.0582523,dures,-7.482544,1
6731,P_NOUN_9_ADJ_b,M,P,les crayons avec la bouteille qui étaient là depuis hier ne sont pas très clairs <eos>,14,clairs,claires,12,F,S,clairs,-4.3825383,claires,-6.5565076,1
6732,P_NOUN_9_ADJ_b,M,P,les crayons avec la bouteille qui étaient là depuis hier ne sont pas très intéressants <eos>,14,intéressants,intéressantes,12,F,S,intéressants,-5.7956424,intéressantes,-8.56155,1
6733,P_NOUN_9_ADJ_b,M,P,les crayons avec la bouteille qui étaient là depuis hier ne sont pas très brillants <eos>,14,brillants,brillantes,12,F,S,brillants,-6.7881813,brillantes,-9.413179,1
6734,P_NOUN_9_ADJ_b,M,P,les crayons avec la bouteille qui étaient là depuis hier ne sont pas très compliqués <eos>,14,compliqués,compliquées,12,F,S,compliqués,-5.793299,compliquées,-9.874817,1
6735,P_NOUN_9_ADJ_b,M,P,les crayons avec la boisson qui étaient là depuis hier ne sont pas très verts <eos>,14,verts,vertes,12,F,S,verts,-7.9397717,vertes,-12.662899,1
6736,P_NOUN_9_ADJ_b,M,P,les crayons avec la boisson qui étaient là depuis hier ne sont pas très bleus <eos>,14,bleus,bleues,12,F,S,bleus,-9.934599,bleues,-13.92067,1
6737,P_NOUN_9_ADJ_b,M,P,les crayons avec la boisson qui étaient là depuis hier ne sont pas très noirs <eos>,14,noirs,noires,12,F,S,noirs,-9.864482,noires,-12.61374,1
6738,P_NOUN_9_ADJ_b,M,P,les crayons avec la boisson qui étaient là depuis hier ne sont pas très délicats <eos>,14,délicats,délicates,12,F,S,délicats,-6.1584673,délicates,-10.075892,1
6739,P_NOUN_9_ADJ_b,M,P,les crayons avec la boisson qui étaient là depuis hier ne sont pas très pointus <eos>,14,pointus,pointues,12,F,S,pointus,-10.123087,pointues,-12.743032,1
6740,P_NOUN_9_ADJ_b,M,P,les crayons avec la boisson qui étaient là depuis hier ne sont pas très ronds <eos>,14,ronds,rondes,12,F,S,ronds,-10.296893,rondes,-13.707593,1
6741,P_NOUN_9_ADJ_b,M,P,les crayons avec la boisson qui étaient là depuis hier ne sont pas très froids <eos>,14,froids,froides,12,F,S,froids,-7.736594,froides,-8.095842,1
6742,P_NOUN_9_ADJ_b,M,P,les crayons avec la boisson qui étaient là depuis hier ne sont pas très chauds <eos>,14,chauds,chaudes,12,F,S,chauds,-6.5819907,chaudes,-9.155632,1
6743,P_NOUN_9_ADJ_b,M,P,les crayons avec la boisson qui étaient là depuis hier ne sont pas très importants <eos>,14,importants,importantes,12,F,S,importants,-5.1478105,importantes,-7.643555,1
6744,P_NOUN_9_ADJ_b,M,P,les crayons avec la boisson qui étaient là depuis hier ne sont pas très courts <eos>,14,courts,courtes,12,F,S,courts,-6.8431916,courtes,-10.29999,1
6745,P_NOUN_9_ADJ_b,M,P,les crayons avec la boisson qui étaient là depuis hier ne sont pas très durs <eos>,14,durs,dures,12,F,S,durs,-5.3250327,dures,-7.127086,1
6746,P_NOUN_9_ADJ_b,M,P,les crayons avec la boisson qui étaient là depuis hier ne sont pas très clairs <eos>,14,clairs,claires,12,F,S,clairs,-4.238684,claires,-6.687469,1
6747,P_NOUN_9_ADJ_b,M,P,les crayons avec la boisson qui étaient là depuis hier ne sont pas très intéressants <eos>,14,intéressants,intéressantes,12,F,S,intéressants,-6.0112114,intéressantes,-8.861541,1
6748,P_NOUN_9_ADJ_b,M,P,les crayons avec la boisson qui étaient là depuis hier ne sont pas très brillants <eos>,14,brillants,brillantes,12,F,S,brillants,-6.791251,brillantes,-9.616328,1
6749,P_NOUN_9_ADJ_b,M,P,les crayons avec la boisson qui étaient là depuis hier ne sont pas très compliqués <eos>,14,compliqués,compliquées,12,F,S,compliqués,-6.147351,compliquées,-10.431227,1
6750,P_NOUN_9_ADJ_b,M,P,les crayons avec la pomme qui étaient là depuis hier ne sont pas très verts <eos>,14,verts,vertes,12,F,S,verts,-8.308471,vertes,-12.933887,1
6751,P_NOUN_9_ADJ_b,M,P,les crayons avec la pomme qui étaient là depuis hier ne sont pas très bleus <eos>,14,bleus,bleues,12,F,S,bleus,-10.0713215,bleues,-14.206591,1
6752,P_NOUN_9_ADJ_b,M,P,les crayons avec la pomme qui étaient là depuis hier ne sont pas très noirs <eos>,14,noirs,noires,12,F,S,noirs,-9.618691,noires,-12.764009,1
6753,P_NOUN_9_ADJ_b,M,P,les crayons avec la pomme qui étaient là depuis hier ne sont pas très délicats <eos>,14,délicats,délicates,12,F,S,délicats,-6.123452,délicates,-10.264856,1
6754,P_NOUN_9_ADJ_b,M,P,les crayons avec la pomme qui étaient là depuis hier ne sont pas très pointus <eos>,14,pointus,pointues,12,F,S,pointus,-9.581358,pointues,-12.474107,1
6755,P_NOUN_9_ADJ_b,M,P,les crayons avec la pomme qui étaient là depuis hier ne sont pas très ronds <eos>,14,ronds,rondes,12,F,S,ronds,-10.024082,rondes,-13.978976,1
6756,P_NOUN_9_ADJ_b,M,P,les crayons avec la pomme qui étaient là depuis hier ne sont pas très froids <eos>,14,froids,froides,12,F,S,froids,-8.0286875,froides,-8.504724,1
6757,P_NOUN_9_ADJ_b,M,P,les crayons avec la pomme qui étaient là depuis hier ne sont pas très chauds <eos>,14,chauds,chaudes,12,F,S,chauds,-6.7302737,chaudes,-9.672487,1
6758,P_NOUN_9_ADJ_b,M,P,les crayons avec la pomme qui étaient là depuis hier ne sont pas très importants <eos>,14,importants,importantes,12,F,S,importants,-4.9450827,importantes,-7.818598,1
6759,P_NOUN_9_ADJ_b,M,P,les crayons avec la pomme qui étaient là depuis hier ne sont pas très courts <eos>,14,courts,courtes,12,F,S,courts,-6.5397806,courtes,-10.16289,1
6760,P_NOUN_9_ADJ_b,M,P,les crayons avec la pomme qui étaient là depuis hier ne sont pas très durs <eos>,14,durs,dures,12,F,S,durs,-5.025565,dures,-7.3666315,1
6761,P_NOUN_9_ADJ_b,M,P,les crayons avec la pomme qui étaient là depuis hier ne sont pas très clairs <eos>,14,clairs,claires,12,F,S,clairs,-3.986062,claires,-7.033476,1
6762,P_NOUN_9_ADJ_b,M,P,les crayons avec la pomme qui étaient là depuis hier ne sont pas très intéressants <eos>,14,intéressants,intéressantes,12,F,S,intéressants,-5.6383605,intéressantes,-8.6332245,1
6763,P_NOUN_9_ADJ_b,M,P,les crayons avec la pomme qui étaient là depuis hier ne sont pas très brillants <eos>,14,brillants,brillantes,12,F,S,brillants,-6.6093645,brillantes,-9.438793,1
6764,P_NOUN_9_ADJ_b,M,P,les crayons avec la pomme qui étaient là depuis hier ne sont pas très compliqués <eos>,14,compliqués,compliquées,12,F,S,compliqués,-5.907634,compliquées,-9.98045,1
6765,P_NOUN_9_ADJ_b,M,P,les crayons avec la tasse qui étaient là depuis hier ne sont pas très verts <eos>,14,verts,vertes,12,F,S,verts,-7.8179836,vertes,-12.491642,1
6766,P_NOUN_9_ADJ_b,M,P,les crayons avec la tasse qui étaient là depuis hier ne sont pas très bleus <eos>,14,bleus,bleues,12,F,S,bleus,-9.370663,bleues,-13.566063,1
6767,P_NOUN_9_ADJ_b,M,P,les crayons avec la tasse qui étaient là depuis hier ne sont pas très noirs <eos>,14,noirs,noires,12,F,S,noirs,-9.074213,noires,-11.987395,1
6768,P_NOUN_9_ADJ_b,M,P,les crayons avec la tasse qui étaient là depuis hier ne sont pas très délicats <eos>,14,délicats,délicates,12,F,S,délicats,-6.2888107,délicates,-9.365739,1
6769,P_NOUN_9_ADJ_b,M,P,les crayons avec la tasse qui étaient là depuis hier ne sont pas très pointus <eos>,14,pointus,pointues,12,F,S,pointus,-9.943951,pointues,-12.180555,1
6770,P_NOUN_9_ADJ_b,M,P,les crayons avec la tasse qui étaient là depuis hier ne sont pas très ronds <eos>,14,ronds,rondes,12,F,S,ronds,-9.685793,rondes,-13.412454,1
6771,P_NOUN_9_ADJ_b,M,P,les crayons avec la tasse qui étaient là depuis hier ne sont pas très froids <eos>,14,froids,froides,12,F,S,froids,-7.8268833,froides,-7.7254972,0
6772,P_NOUN_9_ADJ_b,M,P,les crayons avec la tasse qui étaient là depuis hier ne sont pas très chauds <eos>,14,chauds,chaudes,12,F,S,chauds,-6.492296,chaudes,-8.79821,1
6773,P_NOUN_9_ADJ_b,M,P,les crayons avec la tasse qui étaient là depuis hier ne sont pas très importants <eos>,14,importants,importantes,12,F,S,importants,-5.257599,importantes,-7.726655,1
6774,P_NOUN_9_ADJ_b,M,P,les crayons avec la tasse qui étaient là depuis hier ne sont pas très courts <eos>,14,courts,courtes,12,F,S,courts,-6.614271,courtes,-10.282435,1
6775,P_NOUN_9_ADJ_b,M,P,les crayons avec la tasse qui étaient là depuis hier ne sont pas très durs <eos>,14,durs,dures,12,F,S,durs,-5.568076,dures,-7.77026,1
6776,P_NOUN_9_ADJ_b,M,P,les crayons avec la tasse qui étaient là depuis hier ne sont pas très clairs <eos>,14,clairs,claires,12,F,S,clairs,-4.086118,claires,-6.429442,1
6777,P_NOUN_9_ADJ_b,M,P,les crayons avec la tasse qui étaient là depuis hier ne sont pas très intéressants <eos>,14,intéressants,intéressantes,12,F,S,intéressants,-6.166581,intéressantes,-9.206582,1
6778,P_NOUN_9_ADJ_b,M,P,les crayons avec la tasse qui étaient là depuis hier ne sont pas très brillants <eos>,14,brillants,brillantes,12,F,S,brillants,-6.986076,brillantes,-9.787737,1
6779,P_NOUN_9_ADJ_b,M,P,les crayons avec la tasse qui étaient là depuis hier ne sont pas très compliqués <eos>,14,compliqués,compliquées,12,F,S,compliqués,-6.1668153,compliquées,-10.325754,1
6780,P_NOUN_9_ADJ_b,M,P,les crayons avec la bougie qui étaient là depuis hier ne sont pas très verts <eos>,14,verts,vertes,12,F,S,verts,-8.1437,vertes,-12.704139,1
6781,P_NOUN_9_ADJ_b,M,P,les crayons avec la bougie qui étaient là depuis hier ne sont pas très bleus <eos>,14,bleus,bleues,12,F,S,bleus,-9.735359,bleues,-13.661894,1
6782,P_NOUN_9_ADJ_b,M,P,les crayons avec la bougie qui étaient là depuis hier ne sont pas très noirs <eos>,14,noirs,noires,12,F,S,noirs,-9.678063,noires,-12.516823,1
6783,P_NOUN_9_ADJ_b,M,P,les crayons avec la bougie qui étaient là depuis hier ne sont pas très délicats <eos>,14,délicats,délicates,12,F,S,délicats,-6.229354,délicates,-10.048151,1
6784,P_NOUN_9_ADJ_b,M,P,les crayons avec la bougie qui étaient là depuis hier ne sont pas très pointus <eos>,14,pointus,pointues,12,F,S,pointus,-9.490204,pointues,-12.149275,1
6785,P_NOUN_9_ADJ_b,M,P,les crayons avec la bougie qui étaient là depuis hier ne sont pas très ronds <eos>,14,ronds,rondes,12,F,S,ronds,-10.0984,rondes,-13.805976,1
6786,P_NOUN_9_ADJ_b,M,P,les crayons avec la bougie qui étaient là depuis hier ne sont pas très froids <eos>,14,froids,froides,12,F,S,froids,-8.039007,froides,-8.050404,1
6787,P_NOUN_9_ADJ_b,M,P,les crayons avec la bougie qui étaient là depuis hier ne sont pas très chauds <eos>,14,chauds,chaudes,12,F,S,chauds,-6.794674,chaudes,-9.639799,1
6788,P_NOUN_9_ADJ_b,M,P,les crayons avec la bougie qui étaient là depuis hier ne sont pas très importants <eos>,14,importants,importantes,12,F,S,importants,-5.30342,importantes,-8.0683565,1
6789,P_NOUN_9_ADJ_b,M,P,les crayons avec la bougie qui étaient là depuis hier ne sont pas très courts <eos>,14,courts,courtes,12,F,S,courts,-6.1610174,courtes,-9.662018,1
6790,P_NOUN_9_ADJ_b,M,P,les crayons avec la bougie qui étaient là depuis hier ne sont pas très durs <eos>,14,durs,dures,12,F,S,durs,-4.749119,dures,-7.295805,1
6791,P_NOUN_9_ADJ_b,M,P,les crayons avec la bougie qui étaient là depuis hier ne sont pas très clairs <eos>,14,clairs,claires,12,F,S,clairs,-3.7633626,claires,-6.8640375,1
6792,P_NOUN_9_ADJ_b,M,P,les crayons avec la bougie qui étaient là depuis hier ne sont pas très intéressants <eos>,14,intéressants,intéressantes,12,F,S,intéressants,-5.7336354,intéressantes,-8.766682,1
6793,P_NOUN_9_ADJ_b,M,P,les crayons avec la bougie qui étaient là depuis hier ne sont pas très brillants <eos>,14,brillants,brillantes,12,F,S,brillants,-6.2651606,brillantes,-9.273948,1
6794,P_NOUN_9_ADJ_b,M,P,les crayons avec la bougie qui étaient là depuis hier ne sont pas très compliqués <eos>,14,compliqués,compliquées,12,F,S,compliqués,-5.293437,compliquées,-9.387574,1
6795,P_NOUN_9_ADJ_b,M,P,les crayons avec la pochette qui étaient là depuis hier ne sont pas très verts <eos>,14,verts,vertes,12,F,S,verts,-8.17085,vertes,-12.805951,1
6796,P_NOUN_9_ADJ_b,M,P,les crayons avec la pochette qui étaient là depuis hier ne sont pas très bleus <eos>,14,bleus,bleues,12,F,S,bleus,-9.858595,bleues,-13.162541,1
6797,P_NOUN_9_ADJ_b,M,P,les crayons avec la pochette qui étaient là depuis hier ne sont pas très noirs <eos>,14,noirs,noires,12,F,S,noirs,-9.502082,noires,-12.255757,1
6798,P_NOUN_9_ADJ_b,M,P,les crayons avec la pochette qui étaient là depuis hier ne sont pas très délicats <eos>,14,délicats,délicates,12,F,S,délicats,-7.0530024,délicates,-9.971416,1
6799,P_NOUN_9_ADJ_b,M,P,les crayons avec la pochette qui étaient là depuis hier ne sont pas très pointus <eos>,14,pointus,pointues,12,F,S,pointus,-9.768251,pointues,-11.981943,1
6800,P_NOUN_9_ADJ_b,M,P,les crayons avec la pochette qui étaient là depuis hier ne sont pas très ronds <eos>,14,ronds,rondes,12,F,S,ronds,-9.689164,rondes,-13.240061,1
6801,P_NOUN_9_ADJ_b,M,P,les crayons avec la pochette qui étaient là depuis hier ne sont pas très froids <eos>,14,froids,froides,12,F,S,froids,-9.69104,froides,-8.8513565,0
6802,P_NOUN_9_ADJ_b,M,P,les crayons avec la pochette qui étaient là depuis hier ne sont pas très chauds <eos>,14,chauds,chaudes,12,F,S,chauds,-8.486832,chaudes,-11.0822525,1
6803,P_NOUN_9_ADJ_b,M,P,les crayons avec la pochette qui étaient là depuis hier ne sont pas très importants <eos>,14,importants,importantes,12,F,S,importants,-5.665979,importantes,-8.631317,1
6804,P_NOUN_9_ADJ_b,M,P,les crayons avec la pochette qui étaient là depuis hier ne sont pas très courts <eos>,14,courts,courtes,12,F,S,courts,-5.6917605,courtes,-9.09894,1
6805,P_NOUN_9_ADJ_b,M,P,les crayons avec la pochette qui étaient là depuis hier ne sont pas très durs <eos>,14,durs,dures,12,F,S,durs,-5.500129,dures,-8.256277,1
6806,P_NOUN_9_ADJ_b,M,P,les crayons avec la pochette qui étaient là depuis hier ne sont pas très clairs <eos>,14,clairs,claires,12,F,S,clairs,-4.1386147,claires,-6.563735,1
6807,P_NOUN_9_ADJ_b,M,P,les crayons avec la pochette qui étaient là depuis hier ne sont pas très intéressants <eos>,14,intéressants,intéressantes,12,F,S,intéressants,-5.291768,intéressantes,-8.825278,1
6808,P_NOUN_9_ADJ_b,M,P,les crayons avec la pochette qui étaient là depuis hier ne sont pas très brillants <eos>,14,brillants,brillantes,12,F,S,brillants,-7.2323008,brillantes,-9.762601,1
6809,P_NOUN_9_ADJ_b,M,P,les crayons avec la pochette qui étaient là depuis hier ne sont pas très compliqués <eos>,14,compliqués,compliquées,12,F,S,compliqués,-5.467488,compliquées,-8.837639,1
6810,P_NOUN_9_ADJ_b,M,P,les crayons avec la banane qui étaient là depuis hier ne sont pas très verts <eos>,14,verts,vertes,12,F,S,verts,-8.144276,vertes,-12.54944,1
6811,P_NOUN_9_ADJ_b,M,P,les crayons avec la banane qui étaient là depuis hier ne sont pas très bleus <eos>,14,bleus,bleues,12,F,S,bleus,-9.807547,bleues,-13.639547,1
6812,P_NOUN_9_ADJ_b,M,P,les crayons avec la banane qui étaient là depuis hier ne sont pas très noirs <eos>,14,noirs,noires,12,F,S,noirs,-9.386134,noires,-12.457812,1
6813,P_NOUN_9_ADJ_b,M,P,les crayons avec la banane qui étaient là depuis hier ne sont pas très délicats <eos>,14,délicats,délicates,12,F,S,délicats,-6.511674,délicates,-10.124687,1
6814,P_NOUN_9_ADJ_b,M,P,les crayons avec la banane qui étaient là depuis hier ne sont pas très pointus <eos>,14,pointus,pointues,12,F,S,pointus,-9.75149,pointues,-12.5553055,1
6815,P_NOUN_9_ADJ_b,M,P,les crayons avec la banane qui étaient là depuis hier ne sont pas très ronds <eos>,14,ronds,rondes,12,F,S,ronds,-9.73861,rondes,-13.823757,1
6816,P_NOUN_9_ADJ_b,M,P,les crayons avec la banane qui étaient là depuis hier ne sont pas très froids <eos>,14,froids,froides,12,F,S,froids,-7.6083155,froides,-8.266825,1
6817,P_NOUN_9_ADJ_b,M,P,les crayons avec la banane qui étaient là depuis hier ne sont pas très chauds <eos>,14,chauds,chaudes,12,F,S,chauds,-6.725914,chaudes,-9.110549,1
6818,P_NOUN_9_ADJ_b,M,P,les crayons avec la banane qui étaient là depuis hier ne sont pas très importants <eos>,14,importants,importantes,12,F,S,importants,-5.1274624,importantes,-7.8320675,1
6819,P_NOUN_9_ADJ_b,M,P,les crayons avec la banane qui étaient là depuis hier ne sont pas très courts <eos>,14,courts,courtes,12,F,S,courts,-6.3971868,courtes,-10.116329,1
6820,P_NOUN_9_ADJ_b,M,P,les crayons avec la banane qui étaient là depuis hier ne sont pas très durs <eos>,14,durs,dures,12,F,S,durs,-4.9693413,dures,-7.166374,1
6821,P_NOUN_9_ADJ_b,M,P,les crayons avec la banane qui étaient là depuis hier ne sont pas très clairs <eos>,14,clairs,claires,12,F,S,clairs,-3.8354118,claires,-6.750944,1
6822,P_NOUN_9_ADJ_b,M,P,les crayons avec la banane qui étaient là depuis hier ne sont pas très intéressants <eos>,14,intéressants,intéressantes,12,F,S,intéressants,-6.1409807,intéressantes,-8.936222,1
6823,P_NOUN_9_ADJ_b,M,P,les crayons avec la banane qui étaient là depuis hier ne sont pas très brillants <eos>,14,brillants,brillantes,12,F,S,brillants,-6.5795965,brillantes,-9.139862,1
6824,P_NOUN_9_ADJ_b,M,P,les crayons avec la banane qui étaient là depuis hier ne sont pas très compliqués <eos>,14,compliqués,compliquées,12,F,S,compliqués,-6.1093645,compliquées,-10.191808,1
6825,P_NOUN_9_ADJ_b,M,P,les crayons avec la robe qui étaient là depuis hier ne sont pas très verts <eos>,14,verts,vertes,12,F,S,verts,-7.9648294,vertes,-12.539104,1
6826,P_NOUN_9_ADJ_b,M,P,les crayons avec la robe qui étaient là depuis hier ne sont pas très bleus <eos>,14,bleus,bleues,12,F,S,bleus,-9.131783,bleues,-13.119913,1
6827,P_NOUN_9_ADJ_b,M,P,les crayons avec la robe qui étaient là depuis hier ne sont pas très noirs <eos>,14,noirs,noires,12,F,S,noirs,-9.005189,noires,-12.050405,1
6828,P_NOUN_9_ADJ_b,M,P,les crayons avec la robe qui étaient là depuis hier ne sont pas très délicats <eos>,14,délicats,délicates,12,F,S,délicats,-6.7627974,délicates,-10.283736,1
6829,P_NOUN_9_ADJ_b,M,P,les crayons avec la robe qui étaient là depuis hier ne sont pas très pointus <eos>,14,pointus,pointues,12,F,S,pointus,-9.486153,pointues,-12.125208,1
6830,P_NOUN_9_ADJ_b,M,P,les crayons avec la robe qui étaient là depuis hier ne sont pas très ronds <eos>,14,ronds,rondes,12,F,S,ronds,-10.101522,rondes,-13.596091,1
6831,P_NOUN_9_ADJ_b,M,P,les crayons avec la robe qui étaient là depuis hier ne sont pas très froids <eos>,14,froids,froides,12,F,S,froids,-8.219684,froides,-8.351893,1
6832,P_NOUN_9_ADJ_b,M,P,les crayons avec la robe qui étaient là depuis hier ne sont pas très chauds <eos>,14,chauds,chaudes,12,F,S,chauds,-6.4790964,chaudes,-9.700409,1
6833,P_NOUN_9_ADJ_b,M,P,les crayons avec la robe qui étaient là depuis hier ne sont pas très importants <eos>,14,importants,importantes,12,F,S,importants,-5.2676587,importantes,-7.797422,1
6834,P_NOUN_9_ADJ_b,M,P,les crayons avec la robe qui étaient là depuis hier ne sont pas très courts <eos>,14,courts,courtes,12,F,S,courts,-6.2820497,courtes,-9.370918,1
6835,P_NOUN_9_ADJ_b,M,P,les crayons avec la robe qui étaient là depuis hier ne sont pas très durs <eos>,14,durs,dures,12,F,S,durs,-5.209141,dures,-7.427046,1
6836,P_NOUN_9_ADJ_b,M,P,les crayons avec la robe qui étaient là depuis hier ne sont pas très clairs <eos>,14,clairs,claires,12,F,S,clairs,-2.8486195,claires,-6.5483294,1
6837,P_NOUN_9_ADJ_b,M,P,les crayons avec la robe qui étaient là depuis hier ne sont pas très intéressants <eos>,14,intéressants,intéressantes,12,F,S,intéressants,-6.13974,intéressantes,-9.064237,1
6838,P_NOUN_9_ADJ_b,M,P,les crayons avec la robe qui étaient là depuis hier ne sont pas très brillants <eos>,14,brillants,brillantes,12,F,S,brillants,-6.5227,brillantes,-8.875206,1
6839,P_NOUN_9_ADJ_b,M,P,les crayons avec la robe qui étaient là depuis hier ne sont pas très compliqués <eos>,14,compliqués,compliquées,12,F,S,compliqués,-5.7865644,compliquées,-9.881966,1
6840,P_NOUN_9_ADJ_b,M,P,les crayons avec la valise qui étaient là depuis hier ne sont pas très verts <eos>,14,verts,vertes,12,F,S,verts,-8.437273,vertes,-12.460181,1
6841,P_NOUN_9_ADJ_b,M,P,les crayons avec la valise qui étaient là depuis hier ne sont pas très bleus <eos>,14,bleus,bleues,12,F,S,bleus,-9.421452,bleues,-13.484526,1
6842,P_NOUN_9_ADJ_b,M,P,les crayons avec la valise qui étaient là depuis hier ne sont pas très noirs <eos>,14,noirs,noires,12,F,S,noirs,-9.51598,noires,-12.165365,1
6843,P_NOUN_9_ADJ_b,M,P,les crayons avec la valise qui étaient là depuis hier ne sont pas très délicats <eos>,14,délicats,délicates,12,F,S,délicats,-7.20292,délicates,-9.91332,1
6844,P_NOUN_9_ADJ_b,M,P,les crayons avec la valise qui étaient là depuis hier ne sont pas très pointus <eos>,14,pointus,pointues,12,F,S,pointus,-9.114069,pointues,-11.999182,1
6845,P_NOUN_9_ADJ_b,M,P,les crayons avec la valise qui étaient là depuis hier ne sont pas très ronds <eos>,14,ronds,rondes,12,F,S,ronds,-10.408797,rondes,-13.741794,1
6846,P_NOUN_9_ADJ_b,M,P,les crayons avec la valise qui étaient là depuis hier ne sont pas très froids <eos>,14,froids,froides,12,F,S,froids,-9.102059,froides,-8.381208,0
6847,P_NOUN_9_ADJ_b,M,P,les crayons avec la valise qui étaient là depuis hier ne sont pas très chauds <eos>,14,chauds,chaudes,12,F,S,chauds,-7.209174,chaudes,-10.373737,1
6848,P_NOUN_9_ADJ_b,M,P,les crayons avec la valise qui étaient là depuis hier ne sont pas très importants <eos>,14,importants,importantes,12,F,S,importants,-5.6411037,importantes,-8.386539,1
6849,P_NOUN_9_ADJ_b,M,P,les crayons avec la valise qui étaient là depuis hier ne sont pas très courts <eos>,14,courts,courtes,12,F,S,courts,-6.333224,courtes,-9.51618,1
6850,P_NOUN_9_ADJ_b,M,P,les crayons avec la valise qui étaient là depuis hier ne sont pas très durs <eos>,14,durs,dures,12,F,S,durs,-5.2659464,dures,-8.057867,1
6851,P_NOUN_9_ADJ_b,M,P,les crayons avec la valise qui étaient là depuis hier ne sont pas très clairs <eos>,14,clairs,claires,12,F,S,clairs,-4.253421,claires,-7.264696,1
6852,P_NOUN_9_ADJ_b,M,P,les crayons avec la valise qui étaient là depuis hier ne sont pas très intéressants <eos>,14,intéressants,intéressantes,12,F,S,intéressants,-5.347824,intéressantes,-9.093909,1
6853,P_NOUN_9_ADJ_b,M,P,les crayons avec la valise qui étaient là depuis hier ne sont pas très brillants <eos>,14,brillants,brillantes,12,F,S,brillants,-6.852243,brillantes,-10.039213,1
6854,P_NOUN_9_ADJ_b,M,P,les crayons avec la valise qui étaient là depuis hier ne sont pas très compliqués <eos>,14,compliqués,compliquées,12,F,S,compliqués,-5.3894978,compliquées,-9.291262,1
6855,P_NOUN_9_ADJ_b,M,P,les crayons avec la pendule qui étaient là depuis hier ne sont pas très verts <eos>,14,verts,vertes,12,F,S,verts,-7.899928,vertes,-12.222999,1
6856,P_NOUN_9_ADJ_b,M,P,les crayons avec la pendule qui étaient là depuis hier ne sont pas très bleus <eos>,14,bleus,bleues,12,F,S,bleus,-10.134615,bleues,-13.808444,1
6857,P_NOUN_9_ADJ_b,M,P,les crayons avec la pendule qui étaient là depuis hier ne sont pas très noirs <eos>,14,noirs,noires,12,F,S,noirs,-10.1567,noires,-12.687883,1
6858,P_NOUN_9_ADJ_b,M,P,les crayons avec la pendule qui étaient là depuis hier ne sont pas très délicats <eos>,14,délicats,délicates,12,F,S,délicats,-6.720401,délicates,-10.534422,1
6859,P_NOUN_9_ADJ_b,M,P,les crayons avec la pendule qui étaient là depuis hier ne sont pas très pointus <eos>,14,pointus,pointues,12,F,S,pointus,-8.987186,pointues,-11.908067,1
6860,P_NOUN_9_ADJ_b,M,P,les crayons avec la pendule qui étaient là depuis hier ne sont pas très ronds <eos>,14,ronds,rondes,12,F,S,ronds,-10.347744,rondes,-13.852302,1
6861,P_NOUN_9_ADJ_b,M,P,les crayons avec la pendule qui étaient là depuis hier ne sont pas très froids <eos>,14,froids,froides,12,F,S,froids,-8.436476,froides,-8.516691,1
6862,P_NOUN_9_ADJ_b,M,P,les crayons avec la pendule qui étaient là depuis hier ne sont pas très chauds <eos>,14,chauds,chaudes,12,F,S,chauds,-6.667497,chaudes,-9.828003,1
6863,P_NOUN_9_ADJ_b,M,P,les crayons avec la pendule qui étaient là depuis hier ne sont pas très importants <eos>,14,importants,importantes,12,F,S,importants,-5.384244,importantes,-8.125122,1
6864,P_NOUN_9_ADJ_b,M,P,les crayons avec la pendule qui étaient là depuis hier ne sont pas très courts <eos>,14,courts,courtes,12,F,S,courts,-6.2679234,courtes,-9.609087,1
6865,P_NOUN_9_ADJ_b,M,P,les crayons avec la pendule qui étaient là depuis hier ne sont pas très durs <eos>,14,durs,dures,12,F,S,durs,-4.727118,dures,-7.638767,1
6866,P_NOUN_9_ADJ_b,M,P,les crayons avec la pendule qui étaient là depuis hier ne sont pas très clairs <eos>,14,clairs,claires,12,F,S,clairs,-4.1037908,claires,-7.0763726,1
6867,P_NOUN_9_ADJ_b,M,P,les crayons avec la pendule qui étaient là depuis hier ne sont pas très intéressants <eos>,14,intéressants,intéressantes,12,F,S,intéressants,-5.773555,intéressantes,-8.826257,1
6868,P_NOUN_9_ADJ_b,M,P,les crayons avec la pendule qui étaient là depuis hier ne sont pas très brillants <eos>,14,brillants,brillantes,12,F,S,brillants,-6.2801404,brillantes,-9.128054,1
6869,P_NOUN_9_ADJ_b,M,P,les crayons avec la pendule qui étaient là depuis hier ne sont pas très compliqués <eos>,14,compliqués,compliquées,12,F,S,compliqués,-5.144534,compliquées,-9.510237,1
6870,P_NOUN_9_ADJ_b,M,P,les crayons avec la cloche qui étaient là depuis hier ne sont pas très verts <eos>,14,verts,vertes,12,F,S,verts,-8.10965,vertes,-12.839531,1
6871,P_NOUN_9_ADJ_b,M,P,les crayons avec la cloche qui étaient là depuis hier ne sont pas très bleus <eos>,14,bleus,bleues,12,F,S,bleus,-10.033164,bleues,-13.8984375,1
6872,P_NOUN_9_ADJ_b,M,P,les crayons avec la cloche qui étaient là depuis hier ne sont pas très noirs <eos>,14,noirs,noires,12,F,S,noirs,-9.890089,noires,-12.74415,1
6873,P_NOUN_9_ADJ_b,M,P,les crayons avec la cloche qui étaient là depuis hier ne sont pas très délicats <eos>,14,délicats,délicates,12,F,S,délicats,-6.484585,délicates,-10.119536,1
6874,P_NOUN_9_ADJ_b,M,P,les crayons avec la cloche qui étaient là depuis hier ne sont pas très pointus <eos>,14,pointus,pointues,12,F,S,pointus,-9.516996,pointues,-12.226447,1
6875,P_NOUN_9_ADJ_b,M,P,les crayons avec la cloche qui étaient là depuis hier ne sont pas très ronds <eos>,14,ronds,rondes,12,F,S,ronds,-9.909476,rondes,-13.671698,1
6876,P_NOUN_9_ADJ_b,M,P,les crayons avec la cloche qui étaient là depuis hier ne sont pas très froids <eos>,14,froids,froides,12,F,S,froids,-8.6231575,froides,-9.218466,1
6877,P_NOUN_9_ADJ_b,M,P,les crayons avec la cloche qui étaient là depuis hier ne sont pas très chauds <eos>,14,chauds,chaudes,12,F,S,chauds,-7.248519,chaudes,-9.932486,1
6878,P_NOUN_9_ADJ_b,M,P,les crayons avec la cloche qui étaient là depuis hier ne sont pas très importants <eos>,14,importants,importantes,12,F,S,importants,-5.124558,importantes,-8.03879,1
6879,P_NOUN_9_ADJ_b,M,P,les crayons avec la cloche qui étaient là depuis hier ne sont pas très courts <eos>,14,courts,courtes,12,F,S,courts,-6.2685404,courtes,-9.586534,1
6880,P_NOUN_9_ADJ_b,M,P,les crayons avec la cloche qui étaient là depuis hier ne sont pas très durs <eos>,14,durs,dures,12,F,S,durs,-5.270915,dures,-7.441226,1
6881,P_NOUN_9_ADJ_b,M,P,les crayons avec la cloche qui étaient là depuis hier ne sont pas très clairs <eos>,14,clairs,claires,12,F,S,clairs,-3.4984035,claires,-6.9550533,1
6882,P_NOUN_9_ADJ_b,M,P,les crayons avec la cloche qui étaient là depuis hier ne sont pas très intéressants <eos>,14,intéressants,intéressantes,12,F,S,intéressants,-5.4227524,intéressantes,-8.8561945,1
6883,P_NOUN_9_ADJ_b,M,P,les crayons avec la cloche qui étaient là depuis hier ne sont pas très brillants <eos>,14,brillants,brillantes,12,F,S,brillants,-6.5909643,brillantes,-9.227248,1
6884,P_NOUN_9_ADJ_b,M,P,les crayons avec la cloche qui étaient là depuis hier ne sont pas très compliqués <eos>,14,compliqués,compliquées,12,F,S,compliqués,-5.613839,compliquées,-9.521032,1
6885,P_NOUN_9_ADJ_b,M,P,les crayons avec la cerise qui étaient là depuis hier ne sont pas très verts <eos>,14,verts,vertes,12,F,S,verts,-8.062295,vertes,-12.496481,1
6886,P_NOUN_9_ADJ_b,M,P,les crayons avec la cerise qui étaient là depuis hier ne sont pas très bleus <eos>,14,bleus,bleues,12,F,S,bleus,-9.967619,bleues,-14.063337,1
6887,P_NOUN_9_ADJ_b,M,P,les crayons avec la cerise qui étaient là depuis hier ne sont pas très noirs <eos>,14,noirs,noires,12,F,S,noirs,-9.802407,noires,-12.776347,1
6888,P_NOUN_9_ADJ_b,M,P,les crayons avec la cerise qui étaient là depuis hier ne sont pas très délicats <eos>,14,délicats,délicates,12,F,S,délicats,-5.9953012,délicates,-9.901215,1
6889,P_NOUN_9_ADJ_b,M,P,les crayons avec la cerise qui étaient là depuis hier ne sont pas très pointus <eos>,14,pointus,pointues,12,F,S,pointus,-10.0184965,pointues,-12.439545,1
6890,P_NOUN_9_ADJ_b,M,P,les crayons avec la cerise qui étaient là depuis hier ne sont pas très ronds <eos>,14,ronds,rondes,12,F,S,ronds,-9.73117,rondes,-13.83226,1
6891,P_NOUN_9_ADJ_b,M,P,les crayons avec la cerise qui étaient là depuis hier ne sont pas très froids <eos>,14,froids,froides,12,F,S,froids,-7.5046387,froides,-8.112386,1
6892,P_NOUN_9_ADJ_b,M,P,les crayons avec la cerise qui étaient là depuis hier ne sont pas très chauds <eos>,14,chauds,chaudes,12,F,S,chauds,-6.519881,chaudes,-9.108559,1
6893,P_NOUN_9_ADJ_b,M,P,les crayons avec la cerise qui étaient là depuis hier ne sont pas très importants <eos>,14,importants,importantes,12,F,S,importants,-5.249248,importantes,-7.9036193,1
6894,P_NOUN_9_ADJ_b,M,P,les crayons avec la cerise qui étaient là depuis hier ne sont pas très courts <eos>,14,courts,courtes,12,F,S,courts,-6.7196407,courtes,-10.459165,1
6895,P_NOUN_9_ADJ_b,M,P,les crayons avec la cerise qui étaient là depuis hier ne sont pas très durs <eos>,14,durs,dures,12,F,S,durs,-5.049763,dures,-7.3977284,1
6896,P_NOUN_9_ADJ_b,M,P,les crayons avec la cerise qui étaient là depuis hier ne sont pas très clairs <eos>,14,clairs,claires,12,F,S,clairs,-4.0583344,claires,-6.755438,1
6897,P_NOUN_9_ADJ_b,M,P,les crayons avec la cerise qui étaient là depuis hier ne sont pas très intéressants <eos>,14,intéressants,intéressantes,12,F,S,intéressants,-6.129615,intéressantes,-8.779121,1
6898,P_NOUN_9_ADJ_b,M,P,les crayons avec la cerise qui étaient là depuis hier ne sont pas très brillants <eos>,14,brillants,brillantes,12,F,S,brillants,-6.4336643,brillantes,-9.241196,1
6899,P_NOUN_9_ADJ_b,M,P,les crayons avec la cerise qui étaient là depuis hier ne sont pas très compliqués <eos>,14,compliqués,compliquées,12,F,S,compliqués,-6.035913,compliquées,-10.112324,1
6900,P_NOUN_9_ADJ_b,M,P,les rideaux avec la gemme qui étaient là depuis hier ne sont pas très verts <eos>,14,verts,vertes,12,F,S,verts,-7.177928,vertes,-12.616421,1
6901,P_NOUN_9_ADJ_b,M,P,les rideaux avec la gemme qui étaient là depuis hier ne sont pas très bleus <eos>,14,bleus,bleues,12,F,S,bleus,-8.669018,bleues,-12.982088,1
6902,P_NOUN_9_ADJ_b,M,P,les rideaux avec la gemme qui étaient là depuis hier ne sont pas très noirs <eos>,14,noirs,noires,12,F,S,noirs,-9.167272,noires,-11.749757,1
6903,P_NOUN_9_ADJ_b,M,P,les rideaux avec la gemme qui étaient là depuis hier ne sont pas très délicats <eos>,14,délicats,délicates,12,F,S,délicats,-6.7234898,délicates,-10.056937,1
6904,P_NOUN_9_ADJ_b,M,P,les rideaux avec la gemme qui étaient là depuis hier ne sont pas très pointus <eos>,14,pointus,pointues,12,F,S,pointus,-9.076755,pointues,-11.824802,1
6905,P_NOUN_9_ADJ_b,M,P,les rideaux avec la gemme qui étaient là depuis hier ne sont pas très ronds <eos>,14,ronds,rondes,12,F,S,ronds,-10.139853,rondes,-12.635771,1
6906,P_NOUN_9_ADJ_b,M,P,les rideaux avec la gemme qui étaient là depuis hier ne sont pas très froids <eos>,14,froids,froides,12,F,S,froids,-7.7760143,froides,-7.842144,1
6907,P_NOUN_9_ADJ_b,M,P,les rideaux avec la gemme qui étaient là depuis hier ne sont pas très chauds <eos>,14,chauds,chaudes,12,F,S,chauds,-6.789196,chaudes,-9.159083,1
6908,P_NOUN_9_ADJ_b,M,P,les rideaux avec la gemme qui étaient là depuis hier ne sont pas très importants <eos>,14,importants,importantes,12,F,S,importants,-5.597583,importantes,-8.735233,1
6909,P_NOUN_9_ADJ_b,M,P,les rideaux avec la gemme qui étaient là depuis hier ne sont pas très courts <eos>,14,courts,courtes,12,F,S,courts,-5.6868515,courtes,-9.814711,1
6910,P_NOUN_9_ADJ_b,M,P,les rideaux avec la gemme qui étaient là depuis hier ne sont pas très durs <eos>,14,durs,dures,12,F,S,durs,-5.362446,dures,-7.6302204,1
6911,P_NOUN_9_ADJ_b,M,P,les rideaux avec la gemme qui étaient là depuis hier ne sont pas très clairs <eos>,14,clairs,claires,12,F,S,clairs,-3.7432659,claires,-7.2214746,1
6912,P_NOUN_9_ADJ_b,M,P,les rideaux avec la gemme qui étaient là depuis hier ne sont pas très intéressants <eos>,14,intéressants,intéressantes,12,F,S,intéressants,-5.5800667,intéressantes,-9.42323,1
6913,P_NOUN_9_ADJ_b,M,P,les rideaux avec la gemme qui étaient là depuis hier ne sont pas très brillants <eos>,14,brillants,brillantes,12,F,S,brillants,-6.7490215,brillantes,-9.78975,1
6914,P_NOUN_9_ADJ_b,M,P,les rideaux avec la gemme qui étaient là depuis hier ne sont pas très compliqués <eos>,14,compliqués,compliquées,12,F,S,compliqués,-5.7169514,compliquées,-9.36792,1
6915,P_NOUN_9_ADJ_b,M,P,les rideaux avec la chaise qui étaient là depuis hier ne sont pas très verts <eos>,14,verts,vertes,12,F,S,verts,-7.5872564,vertes,-13.1051445,1
6916,P_NOUN_9_ADJ_b,M,P,les rideaux avec la chaise qui étaient là depuis hier ne sont pas très bleus <eos>,14,bleus,bleues,12,F,S,bleus,-9.023141,bleues,-13.274205,1
6917,P_NOUN_9_ADJ_b,M,P,les rideaux avec la chaise qui étaient là depuis hier ne sont pas très noirs <eos>,14,noirs,noires,12,F,S,noirs,-9.117861,noires,-11.879257,1
6918,P_NOUN_9_ADJ_b,M,P,les rideaux avec la chaise qui étaient là depuis hier ne sont pas très délicats <eos>,14,délicats,délicates,12,F,S,délicats,-7.146585,délicates,-10.507736,1
6919,P_NOUN_9_ADJ_b,M,P,les rideaux avec la chaise qui étaient là depuis hier ne sont pas très pointus <eos>,14,pointus,pointues,12,F,S,pointus,-8.948495,pointues,-11.40527,1
6920,P_NOUN_9_ADJ_b,M,P,les rideaux avec la chaise qui étaient là depuis hier ne sont pas très ronds <eos>,14,ronds,rondes,12,F,S,ronds,-9.675723,rondes,-11.994244,1
6921,P_NOUN_9_ADJ_b,M,P,les rideaux avec la chaise qui étaient là depuis hier ne sont pas très froids <eos>,14,froids,froides,12,F,S,froids,-8.558286,froides,-8.641206,1
6922,P_NOUN_9_ADJ_b,M,P,les rideaux avec la chaise qui étaient là depuis hier ne sont pas très chauds <eos>,14,chauds,chaudes,12,F,S,chauds,-7.4802537,chaudes,-10.263536,1
6923,P_NOUN_9_ADJ_b,M,P,les rideaux avec la chaise qui étaient là depuis hier ne sont pas très importants <eos>,14,importants,importantes,12,F,S,importants,-5.819107,importantes,-9.262963,1
6924,P_NOUN_9_ADJ_b,M,P,les rideaux avec la chaise qui étaient là depuis hier ne sont pas très courts <eos>,14,courts,courtes,12,F,S,courts,-5.5750794,courtes,-9.448841,1
6925,P_NOUN_9_ADJ_b,M,P,les rideaux avec la chaise qui étaient là depuis hier ne sont pas très durs <eos>,14,durs,dures,12,F,S,durs,-5.1809626,dures,-8.174266,1
6926,P_NOUN_9_ADJ_b,M,P,les rideaux avec la chaise qui étaient là depuis hier ne sont pas très clairs <eos>,14,clairs,claires,12,F,S,clairs,-4.046817,claires,-7.531927,1
6927,P_NOUN_9_ADJ_b,M,P,les rideaux avec la chaise qui étaient là depuis hier ne sont pas très intéressants <eos>,14,intéressants,intéressantes,12,F,S,intéressants,-5.8348894,intéressantes,-9.910771,1
6928,P_NOUN_9_ADJ_b,M,P,les rideaux avec la chaise qui étaient là depuis hier ne sont pas très brillants <eos>,14,brillants,brillantes,12,F,S,brillants,-7.2390385,brillantes,-10.173434,1
6929,P_NOUN_9_ADJ_b,M,P,les rideaux avec la chaise qui étaient là depuis hier ne sont pas très compliqués <eos>,14,compliqués,compliquées,12,F,S,compliqués,-5.5891724,compliquées,-9.03372,1
6930,P_NOUN_9_ADJ_b,M,P,les rideaux avec la poubelle qui étaient là depuis hier ne sont pas très verts <eos>,14,verts,vertes,12,F,S,verts,-7.4274836,vertes,-12.685943,1
6931,P_NOUN_9_ADJ_b,M,P,les rideaux avec la poubelle qui étaient là depuis hier ne sont pas très bleus <eos>,14,bleus,bleues,12,F,S,bleus,-8.901342,bleues,-13.153905,1
6932,P_NOUN_9_ADJ_b,M,P,les rideaux avec la poubelle qui étaient là depuis hier ne sont pas très noirs <eos>,14,noirs,noires,12,F,S,noirs,-9.302643,noires,-11.946083,1
6933,P_NOUN_9_ADJ_b,M,P,les rideaux avec la poubelle qui étaient là depuis hier ne sont pas très délicats <eos>,14,délicats,délicates,12,F,S,délicats,-7.142584,délicates,-10.422818,1
6934,P_NOUN_9_ADJ_b,M,P,les rideaux avec la poubelle qui étaient là depuis hier ne sont pas très pointus <eos>,14,pointus,pointues,12,F,S,pointus,-9.256331,pointues,-11.715466,1
6935,P_NOUN_9_ADJ_b,M,P,les rideaux avec la poubelle qui étaient là depuis hier ne sont pas très ronds <eos>,14,ronds,rondes,12,F,S,ronds,-10.478088,rondes,-12.595661,1
6936,P_NOUN_9_ADJ_b,M,P,les rideaux avec la poubelle qui étaient là depuis hier ne sont pas très froids <eos>,14,froids,froides,12,F,S,froids,-8.168145,froides,-7.849223,0
6937,P_NOUN_9_ADJ_b,M,P,les rideaux avec la poubelle qui étaient là depuis hier ne sont pas très chauds <eos>,14,chauds,chaudes,12,F,S,chauds,-6.7883577,chaudes,-9.740418,1
6938,P_NOUN_9_ADJ_b,M,P,les rideaux avec la poubelle qui étaient là depuis hier ne sont pas très importants <eos>,14,importants,importantes,12,F,S,importants,-5.7928147,importantes,-9.074581,1
6939,P_NOUN_9_ADJ_b,M,P,les rideaux avec la poubelle qui étaient là depuis hier ne sont pas très courts <eos>,14,courts,courtes,12,F,S,courts,-5.8913183,courtes,-9.765339,1
6940,P_NOUN_9_ADJ_b,M,P,les rideaux avec la poubelle qui étaient là depuis hier ne sont pas très durs <eos>,14,durs,dures,12,F,S,durs,-5.3694353,dures,-8.279107,1
6941,P_NOUN_9_ADJ_b,M,P,les rideaux avec la poubelle qui étaient là depuis hier ne sont pas très clairs <eos>,14,clairs,claires,12,F,S,clairs,-4.371519,claires,-7.629071,1
6942,P_NOUN_9_ADJ_b,M,P,les rideaux avec la poubelle qui étaient là depuis hier ne sont pas très intéressants <eos>,14,intéressants,intéressantes,12,F,S,intéressants,-5.575332,intéressantes,-9.51395,1
6943,P_NOUN_9_ADJ_b,M,P,les rideaux avec la poubelle qui étaient là depuis hier ne sont pas très brillants <eos>,14,brillants,brillantes,12,F,S,brillants,-7.415352,brillantes,-10.46105,1
6944,P_NOUN_9_ADJ_b,M,P,les rideaux avec la poubelle qui étaient là depuis hier ne sont pas très compliqués <eos>,14,compliqués,compliquées,12,F,S,compliqués,-5.725235,compliquées,-9.354462,1
6945,P_NOUN_9_ADJ_b,M,P,les rideaux avec la chemise qui étaient là depuis hier ne sont pas très verts <eos>,14,verts,vertes,12,F,S,verts,-7.4339056,vertes,-12.935838,1
6946,P_NOUN_9_ADJ_b,M,P,les rideaux avec la chemise qui étaient là depuis hier ne sont pas très bleus <eos>,14,bleus,bleues,12,F,S,bleus,-8.51457,bleues,-12.991486,1
6947,P_NOUN_9_ADJ_b,M,P,les rideaux avec la chemise qui étaient là depuis hier ne sont pas très noirs <eos>,14,noirs,noires,12,F,S,noirs,-8.757912,noires,-11.699188,1
6948,P_NOUN_9_ADJ_b,M,P,les rideaux avec la chemise qui étaient là depuis hier ne sont pas très délicats <eos>,14,délicats,délicates,12,F,S,délicats,-7.21638,délicates,-10.618505,1
6949,P_NOUN_9_ADJ_b,M,P,les rideaux avec la chemise qui étaient là depuis hier ne sont pas très pointus <eos>,14,pointus,pointues,12,F,S,pointus,-8.841279,pointues,-11.592346,1
6950,P_NOUN_9_ADJ_b,M,P,les rideaux avec la chemise qui étaient là depuis hier ne sont pas très ronds <eos>,14,ronds,rondes,12,F,S,ronds,-10.059509,rondes,-12.249571,1
6951,P_NOUN_9_ADJ_b,M,P,les rideaux avec la chemise qui étaient là depuis hier ne sont pas très froids <eos>,14,froids,froides,12,F,S,froids,-8.456917,froides,-8.395662,0
6952,P_NOUN_9_ADJ_b,M,P,les rideaux avec la chemise qui étaient là depuis hier ne sont pas très chauds <eos>,14,chauds,chaudes,12,F,S,chauds,-6.9997025,chaudes,-10.355706,1
6953,P_NOUN_9_ADJ_b,M,P,les rideaux avec la chemise qui étaient là depuis hier ne sont pas très importants <eos>,14,importants,importantes,12,F,S,importants,-5.8620987,importantes,-9.198237,1
6954,P_NOUN_9_ADJ_b,M,P,les rideaux avec la chemise qui étaient là depuis hier ne sont pas très courts <eos>,14,courts,courtes,12,F,S,courts,-5.5140176,courtes,-9.271633,1
6955,P_NOUN_9_ADJ_b,M,P,les rideaux avec la chemise qui étaient là depuis hier ne sont pas très durs <eos>,14,durs,dures,12,F,S,durs,-5.2800546,dures,-8.027939,1
6956,P_NOUN_9_ADJ_b,M,P,les rideaux avec la chemise qui étaient là depuis hier ne sont pas très clairs <eos>,14,clairs,claires,12,F,S,clairs,-3.7325861,claires,-7.690383,1
6957,P_NOUN_9_ADJ_b,M,P,les rideaux avec la chemise qui étaient là depuis hier ne sont pas très intéressants <eos>,14,intéressants,intéressantes,12,F,S,intéressants,-5.835972,intéressantes,-9.875696,1
6958,P_NOUN_9_ADJ_b,M,P,les rideaux avec la chemise qui étaient là depuis hier ne sont pas très brillants <eos>,14,brillants,brillantes,12,F,S,brillants,-7.0905924,brillantes,-10.335436,1
6959,P_NOUN_9_ADJ_b,M,P,les rideaux avec la chemise qui étaient là depuis hier ne sont pas très compliqués <eos>,14,compliqués,compliquées,12,F,S,compliqués,-5.846308,compliquées,-9.245733,1
6960,P_NOUN_9_ADJ_b,M,P,les rideaux avec la recette qui étaient là depuis hier ne sont pas très verts <eos>,14,verts,vertes,12,F,S,verts,-7.882826,vertes,-12.895392,1
6961,P_NOUN_9_ADJ_b,M,P,les rideaux avec la recette qui étaient là depuis hier ne sont pas très bleus <eos>,14,bleus,bleues,12,F,S,bleus,-9.544376,bleues,-13.89709,1
6962,P_NOUN_9_ADJ_b,M,P,les rideaux avec la recette qui étaient là depuis hier ne sont pas très noirs <eos>,14,noirs,noires,12,F,S,noirs,-10.01078,noires,-12.658426,1
6963,P_NOUN_9_ADJ_b,M,P,les rideaux avec la recette qui étaient là depuis hier ne sont pas très délicats <eos>,14,délicats,délicates,12,F,S,délicats,-6.4516525,délicates,-9.930509,1
6964,P_NOUN_9_ADJ_b,M,P,les rideaux avec la recette qui étaient là depuis hier ne sont pas très pointus <eos>,14,pointus,pointues,12,F,S,pointus,-9.990641,pointues,-12.320194,1
6965,P_NOUN_9_ADJ_b,M,P,les rideaux avec la recette qui étaient là depuis hier ne sont pas très ronds <eos>,14,ronds,rondes,12,F,S,ronds,-10.262196,rondes,-13.012734,1
6966,P_NOUN_9_ADJ_b,M,P,les rideaux avec la recette qui étaient là depuis hier ne sont pas très froids <eos>,14,froids,froides,12,F,S,froids,-7.7860613,froides,-7.755728,0
6967,P_NOUN_9_ADJ_b,M,P,les rideaux avec la recette qui étaient là depuis hier ne sont pas très chauds <eos>,14,chauds,chaudes,12,F,S,chauds,-6.4609613,chaudes,-9.104866,1
6968,P_NOUN_9_ADJ_b,M,P,les rideaux avec la recette qui étaient là depuis hier ne sont pas très importants <eos>,14,importants,importantes,12,F,S,importants,-5.4606214,importantes,-8.02186,1
6969,P_NOUN_9_ADJ_b,M,P,les rideaux avec la recette qui étaient là depuis hier ne sont pas très courts <eos>,14,courts,courtes,12,F,S,courts,-6.3347583,courtes,-9.816393,1
6970,P_NOUN_9_ADJ_b,M,P,les rideaux avec la recette qui étaient là depuis hier ne sont pas très durs <eos>,14,durs,dures,12,F,S,durs,-5.269377,dures,-7.8886867,1
6971,P_NOUN_9_ADJ_b,M,P,les rideaux avec la recette qui étaient là depuis hier ne sont pas très clairs <eos>,14,clairs,claires,12,F,S,clairs,-4.5590343,claires,-7.1086082,1
6972,P_NOUN_9_ADJ_b,M,P,les rideaux avec la recette qui étaient là depuis hier ne sont pas très intéressants <eos>,14,intéressants,intéressantes,12,F,S,intéressants,-5.8593664,intéressantes,-8.684426,1
6973,P_NOUN_9_ADJ_b,M,P,les rideaux avec la recette qui étaient là depuis hier ne sont pas très brillants <eos>,14,brillants,brillantes,12,F,S,brillants,-7.369788,brillantes,-9.936227,1
6974,P_NOUN_9_ADJ_b,M,P,les rideaux avec la recette qui étaient là depuis hier ne sont pas très compliqués <eos>,14,compliqués,compliquées,12,F,S,compliqués,-5.768859,compliquées,-9.32722,1
6975,P_NOUN_9_ADJ_b,M,P,les rideaux avec la jupe qui étaient là depuis hier ne sont pas très verts <eos>,14,verts,vertes,12,F,S,verts,-7.714421,vertes,-12.810627,1
6976,P_NOUN_9_ADJ_b,M,P,les rideaux avec la jupe qui étaient là depuis hier ne sont pas très bleus <eos>,14,bleus,bleues,12,F,S,bleus,-9.067728,bleues,-13.035074,1
6977,P_NOUN_9_ADJ_b,M,P,les rideaux avec la jupe qui étaient là depuis hier ne sont pas très noirs <eos>,14,noirs,noires,12,F,S,noirs,-9.139534,noires,-11.700643,1
6978,P_NOUN_9_ADJ_b,M,P,les rideaux avec la jupe qui étaient là depuis hier ne sont pas très délicats <eos>,14,délicats,délicates,12,F,S,délicats,-6.9301705,délicates,-10.310314,1
6979,P_NOUN_9_ADJ_b,M,P,les rideaux avec la jupe qui étaient là depuis hier ne sont pas très pointus <eos>,14,pointus,pointues,12,F,S,pointus,-8.933331,pointues,-11.514265,1
6980,P_NOUN_9_ADJ_b,M,P,les rideaux avec la jupe qui étaient là depuis hier ne sont pas très ronds <eos>,14,ronds,rondes,12,F,S,ronds,-9.667269,rondes,-12.247692,1
6981,P_NOUN_9_ADJ_b,M,P,les rideaux avec la jupe qui étaient là depuis hier ne sont pas très froids <eos>,14,froids,froides,12,F,S,froids,-8.728718,froides,-8.425007,0
6982,P_NOUN_9_ADJ_b,M,P,les rideaux avec la jupe qui étaient là depuis hier ne sont pas très chauds <eos>,14,chauds,chaudes,12,F,S,chauds,-7.3392787,chaudes,-10.068796,1
6983,P_NOUN_9_ADJ_b,M,P,les rideaux avec la jupe qui étaient là depuis hier ne sont pas très importants <eos>,14,importants,importantes,12,F,S,importants,-5.7310076,importantes,-8.787066,1
6984,P_NOUN_9_ADJ_b,M,P,les rideaux avec la jupe qui étaient là depuis hier ne sont pas très courts <eos>,14,courts,courtes,12,F,S,courts,-5.5863066,courtes,-9.119033,1
6985,P_NOUN_9_ADJ_b,M,P,les rideaux avec la jupe qui étaient là depuis hier ne sont pas très durs <eos>,14,durs,dures,12,F,S,durs,-5.3088846,dures,-8.07737,1
6986,P_NOUN_9_ADJ_b,M,P,les rideaux avec la jupe qui étaient là depuis hier ne sont pas très clairs <eos>,14,clairs,claires,12,F,S,clairs,-3.726506,claires,-7.22398,1
6987,P_NOUN_9_ADJ_b,M,P,les rideaux avec la jupe qui étaient là depuis hier ne sont pas très intéressants <eos>,14,intéressants,intéressantes,12,F,S,intéressants,-5.884781,intéressantes,-9.531413,1
6988,P_NOUN_9_ADJ_b,M,P,les rideaux avec la jupe qui étaient là depuis hier ne sont pas très brillants <eos>,14,brillants,brillantes,12,F,S,brillants,-7.2321234,brillantes,-10.087144,1
6989,P_NOUN_9_ADJ_b,M,P,les rideaux avec la jupe qui étaient là depuis hier ne sont pas très compliqués <eos>,14,compliqués,compliquées,12,F,S,compliqués,-5.6870375,compliquées,-9.131184,1
6990,P_NOUN_9_ADJ_b,M,P,les rideaux avec la colle qui étaient là depuis hier ne sont pas très verts <eos>,14,verts,vertes,12,F,S,verts,-7.349326,vertes,-12.447074,1
6991,P_NOUN_9_ADJ_b,M,P,les rideaux avec la colle qui étaient là depuis hier ne sont pas très bleus <eos>,14,bleus,bleues,12,F,S,bleus,-9.182764,bleues,-13.35499,1
6992,P_NOUN_9_ADJ_b,M,P,les rideaux avec la colle qui étaient là depuis hier ne sont pas très noirs <eos>,14,noirs,noires,12,F,S,noirs,-9.480934,noires,-11.909979,1
6993,P_NOUN_9_ADJ_b,M,P,les rideaux avec la colle qui étaient là depuis hier ne sont pas très délicats <eos>,14,délicats,délicates,12,F,S,délicats,-6.7226086,délicates,-10.572323,1
6994,P_NOUN_9_ADJ_b,M,P,les rideaux avec la colle qui étaient là depuis hier ne sont pas très pointus <eos>,14,pointus,pointues,12,F,S,pointus,-9.236154,pointues,-11.78689,1
6995,P_NOUN_9_ADJ_b,M,P,les rideaux avec la colle qui étaient là depuis hier ne sont pas très ronds <eos>,14,ronds,rondes,12,F,S,ronds,-10.29281,rondes,-12.740747,1
6996,P_NOUN_9_ADJ_b,M,P,les rideaux avec la colle qui étaient là depuis hier ne sont pas très froids <eos>,14,froids,froides,12,F,S,froids,-8.105309,froides,-7.6129184,0
6997,P_NOUN_9_ADJ_b,M,P,les rideaux avec la colle qui étaient là depuis hier ne sont pas très chauds <eos>,14,chauds,chaudes,12,F,S,chauds,-6.3587756,chaudes,-9.038683,1
6998,P_NOUN_9_ADJ_b,M,P,les rideaux avec la colle qui étaient là depuis hier ne sont pas très importants <eos>,14,importants,importantes,12,F,S,importants,-5.8245354,importantes,-8.675969,1
6999,P_NOUN_9_ADJ_b,M,P,les rideaux avec la colle qui étaient là depuis hier ne sont pas très courts <eos>,14,courts,courtes,12,F,S,courts,-6.0265245,courtes,-9.900305,1
7000,P_NOUN_9_ADJ_b,M,P,les rideaux avec la colle qui étaient là depuis hier ne sont pas très durs <eos>,14,durs,dures,12,F,S,durs,-5.118562,dures,-7.6800885,1
7001,P_NOUN_9_ADJ_b,M,P,les rideaux avec la colle qui étaient là depuis hier ne sont pas très clairs <eos>,14,clairs,claires,12,F,S,clairs,-4.329976,claires,-7.023263,1
7002,P_NOUN_9_ADJ_b,M,P,les rideaux avec la colle qui étaient là depuis hier ne sont pas très intéressants <eos>,14,intéressants,intéressantes,12,F,S,intéressants,-5.936591,intéressantes,-9.239207,1
7003,P_NOUN_9_ADJ_b,M,P,les rideaux avec la colle qui étaient là depuis hier ne sont pas très brillants <eos>,14,brillants,brillantes,12,F,S,brillants,-6.916184,brillantes,-10.083694,1
7004,P_NOUN_9_ADJ_b,M,P,les rideaux avec la colle qui étaient là depuis hier ne sont pas très compliqués <eos>,14,compliqués,compliquées,12,F,S,compliqués,-5.8130527,compliquées,-9.669672,1
7005,P_NOUN_9_ADJ_b,M,P,les rideaux avec la lampe qui étaient là depuis hier ne sont pas très verts <eos>,14,verts,vertes,12,F,S,verts,-7.586603,vertes,-12.22822,1
7006,P_NOUN_9_ADJ_b,M,P,les rideaux avec la lampe qui étaient là depuis hier ne sont pas très bleus <eos>,14,bleus,bleues,12,F,S,bleus,-9.264217,bleues,-12.871628,1
7007,P_NOUN_9_ADJ_b,M,P,les rideaux avec la lampe qui étaient là depuis hier ne sont pas très noirs <eos>,14,noirs,noires,12,F,S,noirs,-9.618074,noires,-11.883011,1
7008,P_NOUN_9_ADJ_b,M,P,les rideaux avec la lampe qui étaient là depuis hier ne sont pas très délicats <eos>,14,délicats,délicates,12,F,S,délicats,-6.8493366,délicates,-10.251431,1
7009,P_NOUN_9_ADJ_b,M,P,les rideaux avec la lampe qui étaient là depuis hier ne sont pas très pointus <eos>,14,pointus,pointues,12,F,S,pointus,-9.15504,pointues,-11.482072,1
7010,P_NOUN_9_ADJ_b,M,P,les rideaux avec la lampe qui étaient là depuis hier ne sont pas très ronds <eos>,14,ronds,rondes,12,F,S,ronds,-10.216396,rondes,-12.780756,1
7011,P_NOUN_9_ADJ_b,M,P,les rideaux avec la lampe qui étaient là depuis hier ne sont pas très froids <eos>,14,froids,froides,12,F,S,froids,-8.312698,froides,-7.849859,0
7012,P_NOUN_9_ADJ_b,M,P,les rideaux avec la lampe qui étaient là depuis hier ne sont pas très chauds <eos>,14,chauds,chaudes,12,F,S,chauds,-6.6465893,chaudes,-9.40985,1
7013,P_NOUN_9_ADJ_b,M,P,les rideaux avec la lampe qui étaient là depuis hier ne sont pas très importants <eos>,14,importants,importantes,12,F,S,importants,-5.7696495,importantes,-8.601672,1
7014,P_NOUN_9_ADJ_b,M,P,les rideaux avec la lampe qui étaient là depuis hier ne sont pas très courts <eos>,14,courts,courtes,12,F,S,courts,-6.0711956,courtes,-9.374713,1
7015,P_NOUN_9_ADJ_b,M,P,les rideaux avec la lampe qui étaient là depuis hier ne sont pas très durs <eos>,14,durs,dures,12,F,S,durs,-4.930076,dures,-7.968965,1
7016,P_NOUN_9_ADJ_b,M,P,les rideaux avec la lampe qui étaient là depuis hier ne sont pas très clairs <eos>,14,clairs,claires,12,F,S,clairs,-3.977647,claires,-7.1994553,1
7017,P_NOUN_9_ADJ_b,M,P,les rideaux avec la lampe qui étaient là depuis hier ne sont pas très intéressants <eos>,14,intéressants,intéressantes,12,F,S,intéressants,-5.5396442,intéressantes,-8.9932995,1
7018,P_NOUN_9_ADJ_b,M,P,les rideaux avec la lampe qui étaient là depuis hier ne sont pas très brillants <eos>,14,brillants,brillantes,12,F,S,brillants,-6.8388834,brillantes,-9.4384575,1
7019,P_NOUN_9_ADJ_b,M,P,les rideaux avec la lampe qui étaient là depuis hier ne sont pas très compliqués <eos>,14,compliqués,compliquées,12,F,S,compliqués,-5.401517,compliquées,-9.008853,1
7020,P_NOUN_9_ADJ_b,M,P,les rideaux avec la bouteille qui étaient là depuis hier ne sont pas très verts <eos>,14,verts,vertes,12,F,S,verts,-7.416863,vertes,-12.662388,1
7021,P_NOUN_9_ADJ_b,M,P,les rideaux avec la bouteille qui étaient là depuis hier ne sont pas très bleus <eos>,14,bleus,bleues,12,F,S,bleus,-8.957134,bleues,-13.267567,1
7022,P_NOUN_9_ADJ_b,M,P,les rideaux avec la bouteille qui étaient là depuis hier ne sont pas très noirs <eos>,14,noirs,noires,12,F,S,noirs,-9.210721,noires,-11.871769,1
7023,P_NOUN_9_ADJ_b,M,P,les rideaux avec la bouteille qui étaient là depuis hier ne sont pas très délicats <eos>,14,délicats,délicates,12,F,S,délicats,-6.317918,délicates,-10.085446,1
7024,P_NOUN_9_ADJ_b,M,P,les rideaux avec la bouteille qui étaient là depuis hier ne sont pas très pointus <eos>,14,pointus,pointues,12,F,S,pointus,-9.647131,pointues,-11.992216,1
7025,P_NOUN_9_ADJ_b,M,P,les rideaux avec la bouteille qui étaient là depuis hier ne sont pas très ronds <eos>,14,ronds,rondes,12,F,S,ronds,-10.135031,rondes,-12.793709,1
7026,P_NOUN_9_ADJ_b,M,P,les rideaux avec la bouteille qui étaient là depuis hier ne sont pas très froids <eos>,14,froids,froides,12,F,S,froids,-7.839629,froides,-7.2075586,0
7027,P_NOUN_9_ADJ_b,M,P,les rideaux avec la bouteille qui étaient là depuis hier ne sont pas très chauds <eos>,14,chauds,chaudes,12,F,S,chauds,-6.6896877,chaudes,-8.971461,1
7028,P_NOUN_9_ADJ_b,M,P,les rideaux avec la bouteille qui étaient là depuis hier ne sont pas très importants <eos>,14,importants,importantes,12,F,S,importants,-5.5113344,importantes,-8.282028,1
7029,P_NOUN_9_ADJ_b,M,P,les rideaux avec la bouteille qui étaient là depuis hier ne sont pas très courts <eos>,14,courts,courtes,12,F,S,courts,-5.9777107,courtes,-9.969671,1
7030,P_NOUN_9_ADJ_b,M,P,les rideaux avec la bouteille qui étaient là depuis hier ne sont pas très durs <eos>,14,durs,dures,12,F,S,durs,-5.2239532,dures,-7.919938,1
7031,P_NOUN_9_ADJ_b,M,P,les rideaux avec la bouteille qui étaient là depuis hier ne sont pas très clairs <eos>,14,clairs,claires,12,F,S,clairs,-4.708626,claires,-7.192443,1
7032,P_NOUN_9_ADJ_b,M,P,les rideaux avec la bouteille qui étaient là depuis hier ne sont pas très intéressants <eos>,14,intéressants,intéressantes,12,F,S,intéressants,-5.6957555,intéressantes,-8.938213,1
7033,P_NOUN_9_ADJ_b,M,P,les rideaux avec la bouteille qui étaient là depuis hier ne sont pas très brillants <eos>,14,brillants,brillantes,12,F,S,brillants,-7.3344126,brillantes,-10.06783,1
7034,P_NOUN_9_ADJ_b,M,P,les rideaux avec la bouteille qui étaient là depuis hier ne sont pas très compliqués <eos>,14,compliqués,compliquées,12,F,S,compliqués,-5.943115,compliquées,-9.508356,1
7035,P_NOUN_9_ADJ_b,M,P,les rideaux avec la boisson qui étaient là depuis hier ne sont pas très verts <eos>,14,verts,vertes,12,F,S,verts,-7.265151,vertes,-12.728159,1
7036,P_NOUN_9_ADJ_b,M,P,les rideaux avec la boisson qui étaient là depuis hier ne sont pas très bleus <eos>,14,bleus,bleues,12,F,S,bleus,-9.059503,bleues,-13.485393,1
7037,P_NOUN_9_ADJ_b,M,P,les rideaux avec la boisson qui étaient là depuis hier ne sont pas très noirs <eos>,14,noirs,noires,12,F,S,noirs,-9.239159,noires,-12.089584,1
7038,P_NOUN_9_ADJ_b,M,P,les rideaux avec la boisson qui étaient là depuis hier ne sont pas très délicats <eos>,14,délicats,délicates,12,F,S,délicats,-6.371967,délicates,-10.225712,1
7039,P_NOUN_9_ADJ_b,M,P,les rideaux avec la boisson qui étaient là depuis hier ne sont pas très pointus <eos>,14,pointus,pointues,12,F,S,pointus,-10.041702,pointues,-12.471851,1
7040,P_NOUN_9_ADJ_b,M,P,les rideaux avec la boisson qui étaient là depuis hier ne sont pas très ronds <eos>,14,ronds,rondes,12,F,S,ronds,-10.348619,rondes,-12.902916,1
7041,P_NOUN_9_ADJ_b,M,P,les rideaux avec la boisson qui étaient là depuis hier ne sont pas très froids <eos>,14,froids,froides,12,F,S,froids,-7.426594,froides,-7.4753923,1
7042,P_NOUN_9_ADJ_b,M,P,les rideaux avec la boisson qui étaient là depuis hier ne sont pas très chauds <eos>,14,chauds,chaudes,12,F,S,chauds,-6.381633,chaudes,-8.8659315,1
7043,P_NOUN_9_ADJ_b,M,P,les rideaux avec la boisson qui étaient là depuis hier ne sont pas très importants <eos>,14,importants,importantes,12,F,S,importants,-5.5520954,importantes,-8.399914,1
7044,P_NOUN_9_ADJ_b,M,P,les rideaux avec la boisson qui étaient là depuis hier ne sont pas très courts <eos>,14,courts,courtes,12,F,S,courts,-6.3813696,courtes,-10.406377,1
7045,P_NOUN_9_ADJ_b,M,P,les rideaux avec la boisson qui étaient là depuis hier ne sont pas très durs <eos>,14,durs,dures,12,F,S,durs,-5.4064684,dures,-7.413355,1
7046,P_NOUN_9_ADJ_b,M,P,les rideaux avec la boisson qui étaient là depuis hier ne sont pas très clairs <eos>,14,clairs,claires,12,F,S,clairs,-4.500519,claires,-7.0757093,1
7047,P_NOUN_9_ADJ_b,M,P,les rideaux avec la boisson qui étaient là depuis hier ne sont pas très intéressants <eos>,14,intéressants,intéressantes,12,F,S,intéressants,-5.912032,intéressantes,-9.271492,1
7048,P_NOUN_9_ADJ_b,M,P,les rideaux avec la boisson qui étaient là depuis hier ne sont pas très brillants <eos>,14,brillants,brillantes,12,F,S,brillants,-7.186351,brillantes,-10.14618,1
7049,P_NOUN_9_ADJ_b,M,P,les rideaux avec la boisson qui étaient là depuis hier ne sont pas très compliqués <eos>,14,compliqués,compliquées,12,F,S,compliqués,-6.254096,compliquées,-10.054851,1
7050,P_NOUN_9_ADJ_b,M,P,les rideaux avec la pomme qui étaient là depuis hier ne sont pas très verts <eos>,14,verts,vertes,12,F,S,verts,-7.6230044,vertes,-13.077782,1
7051,P_NOUN_9_ADJ_b,M,P,les rideaux avec la pomme qui étaient là depuis hier ne sont pas très bleus <eos>,14,bleus,bleues,12,F,S,bleus,-9.152605,bleues,-13.7852,1
7052,P_NOUN_9_ADJ_b,M,P,les rideaux avec la pomme qui étaient là depuis hier ne sont pas très noirs <eos>,14,noirs,noires,12,F,S,noirs,-8.903664,noires,-12.160538,1
7053,P_NOUN_9_ADJ_b,M,P,les rideaux avec la pomme qui étaient là depuis hier ne sont pas très délicats <eos>,14,délicats,délicates,12,F,S,délicats,-6.411925,délicates,-10.43648,1
7054,P_NOUN_9_ADJ_b,M,P,les rideaux avec la pomme qui étaient là depuis hier ne sont pas très pointus <eos>,14,pointus,pointues,12,F,S,pointus,-9.487579,pointues,-12.063145,1
7055,P_NOUN_9_ADJ_b,M,P,les rideaux avec la pomme qui étaient là depuis hier ne sont pas très ronds <eos>,14,ronds,rondes,12,F,S,ronds,-9.892527,rondes,-12.817138,1
7056,P_NOUN_9_ADJ_b,M,P,les rideaux avec la pomme qui étaient là depuis hier ne sont pas très froids <eos>,14,froids,froides,12,F,S,froids,-7.872395,froides,-7.9189057,1
7057,P_NOUN_9_ADJ_b,M,P,les rideaux avec la pomme qui étaient là depuis hier ne sont pas très chauds <eos>,14,chauds,chaudes,12,F,S,chauds,-6.6766586,chaudes,-9.422344,1
7058,P_NOUN_9_ADJ_b,M,P,les rideaux avec la pomme qui étaient là depuis hier ne sont pas très importants <eos>,14,importants,importantes,12,F,S,importants,-5.4026012,importantes,-8.63064,1
7059,P_NOUN_9_ADJ_b,M,P,les rideaux avec la pomme qui étaient là depuis hier ne sont pas très courts <eos>,14,courts,courtes,12,F,S,courts,-6.1232815,courtes,-10.181258,1
7060,P_NOUN_9_ADJ_b,M,P,les rideaux avec la pomme qui étaient là depuis hier ne sont pas très durs <eos>,14,durs,dures,12,F,S,durs,-5.1256533,dures,-7.793335,1
7061,P_NOUN_9_ADJ_b,M,P,les rideaux avec la pomme qui étaient là depuis hier ne sont pas très clairs <eos>,14,clairs,claires,12,F,S,clairs,-4.382806,claires,-7.5744677,1
7062,P_NOUN_9_ADJ_b,M,P,les rideaux avec la pomme qui étaient là depuis hier ne sont pas très intéressants <eos>,14,intéressants,intéressantes,12,F,S,intéressants,-5.5660596,intéressantes,-9.080027,1
7063,P_NOUN_9_ADJ_b,M,P,les rideaux avec la pomme qui étaient là depuis hier ne sont pas très brillants <eos>,14,brillants,brillantes,12,F,S,brillants,-7.212786,brillantes,-10.1722355,1
7064,P_NOUN_9_ADJ_b,M,P,les rideaux avec la pomme qui étaient là depuis hier ne sont pas très compliqués <eos>,14,compliqués,compliquées,12,F,S,compliqués,-5.962659,compliquées,-9.566911,1
7065,P_NOUN_9_ADJ_b,M,P,les rideaux avec la tasse qui étaient là depuis hier ne sont pas très verts <eos>,14,verts,vertes,12,F,S,verts,-7.1696672,vertes,-12.579657,1
7066,P_NOUN_9_ADJ_b,M,P,les rideaux avec la tasse qui étaient là depuis hier ne sont pas très bleus <eos>,14,bleus,bleues,12,F,S,bleus,-8.72694,bleues,-13.10875,1
7067,P_NOUN_9_ADJ_b,M,P,les rideaux avec la tasse qui étaient là depuis hier ne sont pas très noirs <eos>,14,noirs,noires,12,F,S,noirs,-8.697009,noires,-11.609597,1
7068,P_NOUN_9_ADJ_b,M,P,les rideaux avec la tasse qui étaient là depuis hier ne sont pas très délicats <eos>,14,délicats,délicates,12,F,S,délicats,-6.6367445,délicates,-9.481227,1
7069,P_NOUN_9_ADJ_b,M,P,les rideaux avec la tasse qui étaient là depuis hier ne sont pas très pointus <eos>,14,pointus,pointues,12,F,S,pointus,-9.768313,pointues,-12.200462,1
7070,P_NOUN_9_ADJ_b,M,P,les rideaux avec la tasse qui étaient là depuis hier ne sont pas très ronds <eos>,14,ronds,rondes,12,F,S,ronds,-9.906126,rondes,-12.575317,1
7071,P_NOUN_9_ADJ_b,M,P,les rideaux avec la tasse qui étaient là depuis hier ne sont pas très froids <eos>,14,froids,froides,12,F,S,froids,-7.4900904,froides,-7.224596,0
7072,P_NOUN_9_ADJ_b,M,P,les rideaux avec la tasse qui étaient là depuis hier ne sont pas très chauds <eos>,14,chauds,chaudes,12,F,S,chauds,-6.3901176,chaudes,-8.594254,1
7073,P_NOUN_9_ADJ_b,M,P,les rideaux avec la tasse qui étaient là depuis hier ne sont pas très importants <eos>,14,importants,importantes,12,F,S,importants,-5.4867487,importantes,-8.311209,1
7074,P_NOUN_9_ADJ_b,M,P,les rideaux avec la tasse qui étaient là depuis hier ne sont pas très courts <eos>,14,courts,courtes,12,F,S,courts,-6.1993933,courtes,-10.361752,1
7075,P_NOUN_9_ADJ_b,M,P,les rideaux avec la tasse qui étaient là depuis hier ne sont pas très durs <eos>,14,durs,dures,12,F,S,durs,-5.58711,dures,-8.195055,1
7076,P_NOUN_9_ADJ_b,M,P,les rideaux avec la tasse qui étaient là depuis hier ne sont pas très clairs <eos>,14,clairs,claires,12,F,S,clairs,-4.395051,claires,-6.94715,1
7077,P_NOUN_9_ADJ_b,M,P,les rideaux avec la tasse qui étaient là depuis hier ne sont pas très intéressants <eos>,14,intéressants,intéressantes,12,F,S,intéressants,-5.986024,intéressantes,-9.609304,1
7078,P_NOUN_9_ADJ_b,M,P,les rideaux avec la tasse qui étaient là depuis hier ne sont pas très brillants <eos>,14,brillants,brillantes,12,F,S,brillants,-7.507584,brillantes,-10.415863,1
7079,P_NOUN_9_ADJ_b,M,P,les rideaux avec la tasse qui étaient là depuis hier ne sont pas très compliqués <eos>,14,compliqués,compliquées,12,F,S,compliqués,-6.2123003,compliquées,-10.110695,1
7080,P_NOUN_9_ADJ_b,M,P,les rideaux avec la bougie qui étaient là depuis hier ne sont pas très verts <eos>,14,verts,vertes,12,F,S,verts,-7.654637,vertes,-12.91947,1
7081,P_NOUN_9_ADJ_b,M,P,les rideaux avec la bougie qui étaient là depuis hier ne sont pas très bleus <eos>,14,bleus,bleues,12,F,S,bleus,-9.070925,bleues,-13.26663,1
7082,P_NOUN_9_ADJ_b,M,P,les rideaux avec la bougie qui étaient là depuis hier ne sont pas très noirs <eos>,14,noirs,noires,12,F,S,noirs,-9.394064,noires,-12.156261,1
7083,P_NOUN_9_ADJ_b,M,P,les rideaux avec la bougie qui étaient là depuis hier ne sont pas très délicats <eos>,14,délicats,délicates,12,F,S,délicats,-6.722384,délicates,-10.226315,1
7084,P_NOUN_9_ADJ_b,M,P,les rideaux avec la bougie qui étaient là depuis hier ne sont pas très pointus <eos>,14,pointus,pointues,12,F,S,pointus,-9.452837,pointues,-11.797127,1
7085,P_NOUN_9_ADJ_b,M,P,les rideaux avec la bougie qui étaient là depuis hier ne sont pas très ronds <eos>,14,ronds,rondes,12,F,S,ronds,-10.361029,rondes,-13.005227,1
7086,P_NOUN_9_ADJ_b,M,P,les rideaux avec la bougie qui étaient là depuis hier ne sont pas très froids <eos>,14,froids,froides,12,F,S,froids,-7.8899975,froides,-7.509596,0
7087,P_NOUN_9_ADJ_b,M,P,les rideaux avec la bougie qui étaient là depuis hier ne sont pas très chauds <eos>,14,chauds,chaudes,12,F,S,chauds,-6.6291676,chaudes,-9.36871,1
7088,P_NOUN_9_ADJ_b,M,P,les rideaux avec la bougie qui étaient là depuis hier ne sont pas très importants <eos>,14,importants,importantes,12,F,S,importants,-5.610012,importantes,-8.728263,1
7089,P_NOUN_9_ADJ_b,M,P,les rideaux avec la bougie qui étaient là depuis hier ne sont pas très courts <eos>,14,courts,courtes,12,F,S,courts,-5.924013,courtes,-9.807181,1
7090,P_NOUN_9_ADJ_b,M,P,les rideaux avec la bougie qui étaient là depuis hier ne sont pas très durs <eos>,14,durs,dures,12,F,S,durs,-4.9366045,dures,-7.8233347,1
7091,P_NOUN_9_ADJ_b,M,P,les rideaux avec la bougie qui étaient là depuis hier ne sont pas très clairs <eos>,14,clairs,claires,12,F,S,clairs,-4.190074,claires,-7.3383617,1
7092,P_NOUN_9_ADJ_b,M,P,les rideaux avec la bougie qui étaient là depuis hier ne sont pas très intéressants <eos>,14,intéressants,intéressantes,12,F,S,intéressants,-5.6346216,intéressantes,-9.176174,1
7093,P_NOUN_9_ADJ_b,M,P,les rideaux avec la bougie qui étaient là depuis hier ne sont pas très brillants <eos>,14,brillants,brillantes,12,F,S,brillants,-6.879387,brillantes,-9.995849,1
7094,P_NOUN_9_ADJ_b,M,P,les rideaux avec la bougie qui étaient là depuis hier ne sont pas très compliqués <eos>,14,compliqués,compliquées,12,F,S,compliqués,-5.626604,compliquées,-9.106106,1
7095,P_NOUN_9_ADJ_b,M,P,les rideaux avec la pochette qui étaient là depuis hier ne sont pas très verts <eos>,14,verts,vertes,12,F,S,verts,-7.7288885,vertes,-12.679544,1
7096,P_NOUN_9_ADJ_b,M,P,les rideaux avec la pochette qui étaient là depuis hier ne sont pas très bleus <eos>,14,bleus,bleues,12,F,S,bleus,-9.16377,bleues,-12.753506,1
7097,P_NOUN_9_ADJ_b,M,P,les rideaux avec la pochette qui étaient là depuis hier ne sont pas très noirs <eos>,14,noirs,noires,12,F,S,noirs,-9.182414,noires,-11.867065,1
7098,P_NOUN_9_ADJ_b,M,P,les rideaux avec la pochette qui étaient là depuis hier ne sont pas très délicats <eos>,14,délicats,délicates,12,F,S,délicats,-7.2100587,délicates,-10.047819,1
7099,P_NOUN_9_ADJ_b,M,P,les rideaux avec la pochette qui étaient là depuis hier ne sont pas très pointus <eos>,14,pointus,pointues,12,F,S,pointus,-9.479595,pointues,-11.816971,1
7100,P_NOUN_9_ADJ_b,M,P,les rideaux avec la pochette qui étaient là depuis hier ne sont pas très ronds <eos>,14,ronds,rondes,12,F,S,ronds,-9.720228,rondes,-12.714746,1
7101,P_NOUN_9_ADJ_b,M,P,les rideaux avec la pochette qui étaient là depuis hier ne sont pas très froids <eos>,14,froids,froides,12,F,S,froids,-9.42464,froides,-8.539401,0
7102,P_NOUN_9_ADJ_b,M,P,les rideaux avec la pochette qui étaient là depuis hier ne sont pas très chauds <eos>,14,chauds,chaudes,12,F,S,chauds,-8.513898,chaudes,-10.826986,1
7103,P_NOUN_9_ADJ_b,M,P,les rideaux avec la pochette qui étaient là depuis hier ne sont pas très importants <eos>,14,importants,importantes,12,F,S,importants,-5.896384,importantes,-9.285809,1
7104,P_NOUN_9_ADJ_b,M,P,les rideaux avec la pochette qui étaient là depuis hier ne sont pas très courts <eos>,14,courts,courtes,12,F,S,courts,-5.5105257,courtes,-9.256738,1
7105,P_NOUN_9_ADJ_b,M,P,les rideaux avec la pochette qui étaient là depuis hier ne sont pas très durs <eos>,14,durs,dures,12,F,S,durs,-5.667555,dures,-8.657603,1
7106,P_NOUN_9_ADJ_b,M,P,les rideaux avec la pochette qui étaient là depuis hier ne sont pas très clairs <eos>,14,clairs,claires,12,F,S,clairs,-4.2088923,claires,-7.0038257,1
7107,P_NOUN_9_ADJ_b,M,P,les rideaux avec la pochette qui étaient là depuis hier ne sont pas très intéressants <eos>,14,intéressants,intéressantes,12,F,S,intéressants,-5.079183,intéressantes,-9.134056,1
7108,P_NOUN_9_ADJ_b,M,P,les rideaux avec la pochette qui étaient là depuis hier ne sont pas très brillants <eos>,14,brillants,brillantes,12,F,S,brillants,-7.6023436,brillantes,-10.145223,1
7109,P_NOUN_9_ADJ_b,M,P,les rideaux avec la pochette qui étaient là depuis hier ne sont pas très compliqués <eos>,14,compliqués,compliquées,12,F,S,compliqués,-5.6653967,compliquées,-8.751199,1
7110,P_NOUN_9_ADJ_b,M,P,les rideaux avec la banane qui étaient là depuis hier ne sont pas très verts <eos>,14,verts,vertes,12,F,S,verts,-7.5654573,vertes,-12.620431,1
7111,P_NOUN_9_ADJ_b,M,P,les rideaux avec la banane qui étaient là depuis hier ne sont pas très bleus <eos>,14,bleus,bleues,12,F,S,bleus,-9.139381,bleues,-13.159239,1
7112,P_NOUN_9_ADJ_b,M,P,les rideaux avec la banane qui étaient là depuis hier ne sont pas très noirs <eos>,14,noirs,noires,12,F,S,noirs,-8.964027,noires,-12.058292,1
7113,P_NOUN_9_ADJ_b,M,P,les rideaux avec la banane qui étaient là depuis hier ne sont pas très délicats <eos>,14,délicats,délicates,12,F,S,délicats,-6.6334057,délicates,-10.0789585,1
7114,P_NOUN_9_ADJ_b,M,P,les rideaux avec la banane qui étaient là depuis hier ne sont pas très pointus <eos>,14,pointus,pointues,12,F,S,pointus,-9.577663,pointues,-12.394371,1
7115,P_NOUN_9_ADJ_b,M,P,les rideaux avec la banane qui étaient là depuis hier ne sont pas très ronds <eos>,14,ronds,rondes,12,F,S,ronds,-9.745752,rondes,-13.150681,1
7116,P_NOUN_9_ADJ_b,M,P,les rideaux avec la banane qui étaient là depuis hier ne sont pas très froids <eos>,14,froids,froides,12,F,S,froids,-7.3876557,froides,-7.7929244,1
7117,P_NOUN_9_ADJ_b,M,P,les rideaux avec la banane qui étaient là depuis hier ne sont pas très chauds <eos>,14,chauds,chaudes,12,F,S,chauds,-6.819561,chaudes,-9.011061,1
7118,P_NOUN_9_ADJ_b,M,P,les rideaux avec la banane qui étaient là depuis hier ne sont pas très importants <eos>,14,importants,importantes,12,F,S,importants,-5.454012,importantes,-8.487233,1
7119,P_NOUN_9_ADJ_b,M,P,les rideaux avec la banane qui étaient là depuis hier ne sont pas très courts <eos>,14,courts,courtes,12,F,S,courts,-5.8518934,courtes,-10.109711,1
7120,P_NOUN_9_ADJ_b,M,P,les rideaux avec la banane qui étaient là depuis hier ne sont pas très durs <eos>,14,durs,dures,12,F,S,durs,-5.1921043,dures,-7.2613583,1
7121,P_NOUN_9_ADJ_b,M,P,les rideaux avec la banane qui étaient là depuis hier ne sont pas très clairs <eos>,14,clairs,claires,12,F,S,clairs,-3.9417763,claires,-7.228099,1
7122,P_NOUN_9_ADJ_b,M,P,les rideaux avec la banane qui étaient là depuis hier ne sont pas très intéressants <eos>,14,intéressants,intéressantes,12,F,S,intéressants,-5.8088846,intéressantes,-9.187443,1
7123,P_NOUN_9_ADJ_b,M,P,les rideaux avec la banane qui étaient là depuis hier ne sont pas très brillants <eos>,14,brillants,brillantes,12,F,S,brillants,-6.968114,brillantes,-9.728615,1
7124,P_NOUN_9_ADJ_b,M,P,les rideaux avec la banane qui étaient là depuis hier ne sont pas très compliqués <eos>,14,compliqués,compliquées,12,F,S,compliqués,-5.9723406,compliquées,-9.662661,1
7125,P_NOUN_9_ADJ_b,M,P,les rideaux avec la robe qui étaient là depuis hier ne sont pas très verts <eos>,14,verts,vertes,12,F,S,verts,-7.5643063,vertes,-12.732235,1
7126,P_NOUN_9_ADJ_b,M,P,les rideaux avec la robe qui étaient là depuis hier ne sont pas très bleus <eos>,14,bleus,bleues,12,F,S,bleus,-8.302298,bleues,-12.638348,1
7127,P_NOUN_9_ADJ_b,M,P,les rideaux avec la robe qui étaient là depuis hier ne sont pas très noirs <eos>,14,noirs,noires,12,F,S,noirs,-8.626804,noires,-11.5482,1
7128,P_NOUN_9_ADJ_b,M,P,les rideaux avec la robe qui étaient là depuis hier ne sont pas très délicats <eos>,14,délicats,délicates,12,F,S,délicats,-7.3000736,délicates,-10.539698,1
7129,P_NOUN_9_ADJ_b,M,P,les rideaux avec la robe qui étaient là depuis hier ne sont pas très pointus <eos>,14,pointus,pointues,12,F,S,pointus,-9.568961,pointues,-11.849894,1
7130,P_NOUN_9_ADJ_b,M,P,les rideaux avec la robe qui étaient là depuis hier ne sont pas très ronds <eos>,14,ronds,rondes,12,F,S,ronds,-10.328491,rondes,-12.804779,1
7131,P_NOUN_9_ADJ_b,M,P,les rideaux avec la robe qui étaient là depuis hier ne sont pas très froids <eos>,14,froids,froides,12,F,S,froids,-8.05289,froides,-7.827547,0
7132,P_NOUN_9_ADJ_b,M,P,les rideaux avec la robe qui étaient là depuis hier ne sont pas très chauds <eos>,14,chauds,chaudes,12,F,S,chauds,-6.495001,chaudes,-9.58679,1
7133,P_NOUN_9_ADJ_b,M,P,les rideaux avec la robe qui étaient là depuis hier ne sont pas très importants <eos>,14,importants,importantes,12,F,S,importants,-5.685891,importantes,-8.599431,1
7134,P_NOUN_9_ADJ_b,M,P,les rideaux avec la robe qui étaient là depuis hier ne sont pas très courts <eos>,14,courts,courtes,12,F,S,courts,-6.0733924,courtes,-9.347084,1
7135,P_NOUN_9_ADJ_b,M,P,les rideaux avec la robe qui étaient là depuis hier ne sont pas très durs <eos>,14,durs,dures,12,F,S,durs,-5.506342,dures,-7.8972254,1
7136,P_NOUN_9_ADJ_b,M,P,les rideaux avec la robe qui étaient là depuis hier ne sont pas très clairs <eos>,14,clairs,claires,12,F,S,clairs,-3.11067,claires,-7.055438,1
7137,P_NOUN_9_ADJ_b,M,P,les rideaux avec la robe qui étaient là depuis hier ne sont pas très intéressants <eos>,14,intéressants,intéressantes,12,F,S,intéressants,-6.0758276,intéressantes,-9.530687,1
7138,P_NOUN_9_ADJ_b,M,P,les rideaux avec la robe qui étaient là depuis hier ne sont pas très brillants <eos>,14,brillants,brillantes,12,F,S,brillants,-6.935938,brillantes,-9.417638,1
7139,P_NOUN_9_ADJ_b,M,P,les rideaux avec la robe qui étaient là depuis hier ne sont pas très compliqués <eos>,14,compliqués,compliquées,12,F,S,compliqués,-5.9156904,compliquées,-9.636896,1
7140,P_NOUN_9_ADJ_b,M,P,les rideaux avec la valise qui étaient là depuis hier ne sont pas très verts <eos>,14,verts,vertes,12,F,S,verts,-7.7291574,vertes,-12.287505,1
7141,P_NOUN_9_ADJ_b,M,P,les rideaux avec la valise qui étaient là depuis hier ne sont pas très bleus <eos>,14,bleus,bleues,12,F,S,bleus,-8.646371,bleues,-12.908137,1
7142,P_NOUN_9_ADJ_b,M,P,les rideaux avec la valise qui étaient là depuis hier ne sont pas très noirs <eos>,14,noirs,noires,12,F,S,noirs,-9.087309,noires,-11.752909,1
7143,P_NOUN_9_ADJ_b,M,P,les rideaux avec la valise qui étaient là depuis hier ne sont pas très délicats <eos>,14,délicats,délicates,12,F,S,délicats,-7.451393,délicates,-10.057191,1
7144,P_NOUN_9_ADJ_b,M,P,les rideaux avec la valise qui étaient là depuis hier ne sont pas très pointus <eos>,14,pointus,pointues,12,F,S,pointus,-9.062882,pointues,-11.941248,1
7145,P_NOUN_9_ADJ_b,M,P,les rideaux avec la valise qui étaient là depuis hier ne sont pas très ronds <eos>,14,ronds,rondes,12,F,S,ronds,-10.748307,rondes,-13.157499,1
7146,P_NOUN_9_ADJ_b,M,P,les rideaux avec la valise qui étaient là depuis hier ne sont pas très froids <eos>,14,froids,froides,12,F,S,froids,-9.07132,froides,-8.011114,0
7147,P_NOUN_9_ADJ_b,M,P,les rideaux avec la valise qui étaient là depuis hier ne sont pas très chauds <eos>,14,chauds,chaudes,12,F,S,chauds,-7.24082,chaudes,-10.2352705,1
7148,P_NOUN_9_ADJ_b,M,P,les rideaux avec la valise qui étaient là depuis hier ne sont pas très importants <eos>,14,importants,importantes,12,F,S,importants,-5.9102545,importantes,-9.063071,1
7149,P_NOUN_9_ADJ_b,M,P,les rideaux avec la valise qui étaient là depuis hier ne sont pas très courts <eos>,14,courts,courtes,12,F,S,courts,-6.048598,courtes,-9.576216,1
7150,P_NOUN_9_ADJ_b,M,P,les rideaux avec la valise qui étaient là depuis hier ne sont pas très durs <eos>,14,durs,dures,12,F,S,durs,-5.2869616,dures,-8.663043,1
7151,P_NOUN_9_ADJ_b,M,P,les rideaux avec la valise qui étaient là depuis hier ne sont pas très clairs <eos>,14,clairs,claires,12,F,S,clairs,-4.303913,claires,-7.689519,1
7152,P_NOUN_9_ADJ_b,M,P,les rideaux avec la valise qui étaient là depuis hier ne sont pas très intéressants <eos>,14,intéressants,intéressantes,12,F,S,intéressants,-5.026147,intéressantes,-9.358693,1
7153,P_NOUN_9_ADJ_b,M,P,les rideaux avec la valise qui étaient là depuis hier ne sont pas très brillants <eos>,14,brillants,brillantes,12,F,S,brillants,-7.2602525,brillantes,-10.61167,1
7154,P_NOUN_9_ADJ_b,M,P,les rideaux avec la valise qui étaient là depuis hier ne sont pas très compliqués <eos>,14,compliqués,compliquées,12,F,S,compliqués,-5.600503,compliquées,-9.037018,1
7155,P_NOUN_9_ADJ_b,M,P,les rideaux avec la pendule qui étaient là depuis hier ne sont pas très verts <eos>,14,verts,vertes,12,F,S,verts,-7.2742214,vertes,-12.381232,1
7156,P_NOUN_9_ADJ_b,M,P,les rideaux avec la pendule qui étaient là depuis hier ne sont pas très bleus <eos>,14,bleus,bleues,12,F,S,bleus,-9.351383,bleues,-13.241285,1
7157,P_NOUN_9_ADJ_b,M,P,les rideaux avec la pendule qui étaient là depuis hier ne sont pas très noirs <eos>,14,noirs,noires,12,F,S,noirs,-9.944155,noires,-12.3313875,1
7158,P_NOUN_9_ADJ_b,M,P,les rideaux avec la pendule qui étaient là depuis hier ne sont pas très délicats <eos>,14,délicats,délicates,12,F,S,délicats,-7.006652,délicates,-10.458791,1
7159,P_NOUN_9_ADJ_b,M,P,les rideaux avec la pendule qui étaient là depuis hier ne sont pas très pointus <eos>,14,pointus,pointues,12,F,S,pointus,-8.7395,pointues,-11.546079,1
7160,P_NOUN_9_ADJ_b,M,P,les rideaux avec la pendule qui étaient là depuis hier ne sont pas très ronds <eos>,14,ronds,rondes,12,F,S,ronds,-10.587993,rondes,-13.050872,1
7161,P_NOUN_9_ADJ_b,M,P,les rideaux avec la pendule qui étaient là depuis hier ne sont pas très froids <eos>,14,froids,froides,12,F,S,froids,-8.201256,froides,-7.6584625,0
7162,P_NOUN_9_ADJ_b,M,P,les rideaux avec la pendule qui étaient là depuis hier ne sont pas très chauds <eos>,14,chauds,chaudes,12,F,S,chauds,-6.3586254,chaudes,-9.547522,1
7163,P_NOUN_9_ADJ_b,M,P,les rideaux avec la pendule qui étaient là depuis hier ne sont pas très importants <eos>,14,importants,importantes,12,F,S,importants,-5.7837267,importantes,-8.882428,1
7164,P_NOUN_9_ADJ_b,M,P,les rideaux avec la pendule qui étaient là depuis hier ne sont pas très courts <eos>,14,courts,courtes,12,F,S,courts,-5.8454647,courtes,-9.649501,1
7165,P_NOUN_9_ADJ_b,M,P,les rideaux avec la pendule qui étaient là depuis hier ne sont pas très durs <eos>,14,durs,dures,12,F,S,durs,-4.740141,dures,-8.130869,1
7166,P_NOUN_9_ADJ_b,M,P,les rideaux avec la pendule qui étaient là depuis hier ne sont pas très clairs <eos>,14,clairs,claires,12,F,S,clairs,-4.319418,claires,-7.565913,1
7167,P_NOUN_9_ADJ_b,M,P,les rideaux avec la pendule qui étaient là depuis hier ne sont pas très intéressants <eos>,14,intéressants,intéressantes,12,F,S,intéressants,-5.6418314,intéressantes,-9.258677,1
7168,P_NOUN_9_ADJ_b,M,P,les rideaux avec la pendule qui étaient là depuis hier ne sont pas très brillants <eos>,14,brillants,brillantes,12,F,S,brillants,-6.7847385,brillantes,-9.78908,1
7169,P_NOUN_9_ADJ_b,M,P,les rideaux avec la pendule qui étaient là depuis hier ne sont pas très compliqués <eos>,14,compliqués,compliquées,12,F,S,compliqués,-5.219692,compliquées,-9.046849,1
7170,P_NOUN_9_ADJ_b,M,P,les rideaux avec la cloche qui étaient là depuis hier ne sont pas très verts <eos>,14,verts,vertes,12,F,S,verts,-7.5547633,vertes,-13.027803,1
7171,P_NOUN_9_ADJ_b,M,P,les rideaux avec la cloche qui étaient là depuis hier ne sont pas très bleus <eos>,14,bleus,bleues,12,F,S,bleus,-9.235958,bleues,-13.424894,1
7172,P_NOUN_9_ADJ_b,M,P,les rideaux avec la cloche qui étaient là depuis hier ne sont pas très noirs <eos>,14,noirs,noires,12,F,S,noirs,-9.552769,noires,-12.355673,1
7173,P_NOUN_9_ADJ_b,M,P,les rideaux avec la cloche qui étaient là depuis hier ne sont pas très délicats <eos>,14,délicats,délicates,12,F,S,délicats,-6.7836685,délicates,-10.138389,1
7174,P_NOUN_9_ADJ_b,M,P,les rideaux avec la cloche qui étaient là depuis hier ne sont pas très pointus <eos>,14,pointus,pointues,12,F,S,pointus,-9.277046,pointues,-11.804166,1
7175,P_NOUN_9_ADJ_b,M,P,les rideaux avec la cloche qui étaient là depuis hier ne sont pas très ronds <eos>,14,ronds,rondes,12,F,S,ronds,-9.840578,rondes,-12.631262,1
7176,P_NOUN_9_ADJ_b,M,P,les rideaux avec la cloche qui étaient là depuis hier ne sont pas très froids <eos>,14,froids,froides,12,F,S,froids,-8.529284,froides,-8.822833,1
7177,P_NOUN_9_ADJ_b,M,P,les rideaux avec la cloche qui étaient là depuis hier ne sont pas très chauds <eos>,14,chauds,chaudes,12,F,S,chauds,-7.4702077,chaudes,-9.947159,1
7178,P_NOUN_9_ADJ_b,M,P,les rideaux avec la cloche qui étaient là depuis hier ne sont pas très importants <eos>,14,importants,importantes,12,F,S,importants,-5.3606644,importantes,-8.797919,1
7179,P_NOUN_9_ADJ_b,M,P,les rideaux avec la cloche qui étaient là depuis hier ne sont pas très courts <eos>,14,courts,courtes,12,F,S,courts,-5.8490267,courtes,-9.697045,1
7180,P_NOUN_9_ADJ_b,M,P,les rideaux avec la cloche qui étaient là depuis hier ne sont pas très durs <eos>,14,durs,dures,12,F,S,durs,-5.362117,dures,-8.1349535,1
7181,P_NOUN_9_ADJ_b,M,P,les rideaux avec la cloche qui étaient là depuis hier ne sont pas très clairs <eos>,14,clairs,claires,12,F,S,clairs,-3.878571,claires,-7.5167527,1
7182,P_NOUN_9_ADJ_b,M,P,les rideaux avec la cloche qui étaient là depuis hier ne sont pas très intéressants <eos>,14,intéressants,intéressantes,12,F,S,intéressants,-5.1649265,intéressantes,-9.189848,1
7183,P_NOUN_9_ADJ_b,M,P,les rideaux avec la cloche qui étaient là depuis hier ne sont pas très brillants <eos>,14,brillants,brillantes,12,F,S,brillants,-7.0438747,brillantes,-10.080979,1
7184,P_NOUN_9_ADJ_b,M,P,les rideaux avec la cloche qui étaient là depuis hier ne sont pas très compliqués <eos>,14,compliqués,compliquées,12,F,S,compliqués,-5.7309923,compliquées,-9.127393,1
7185,P_NOUN_9_ADJ_b,M,P,les rideaux avec la cerise qui étaient là depuis hier ne sont pas très verts <eos>,14,verts,vertes,12,F,S,verts,-7.4994564,vertes,-12.583164,1
7186,P_NOUN_9_ADJ_b,M,P,les rideaux avec la cerise qui étaient là depuis hier ne sont pas très bleus <eos>,14,bleus,bleues,12,F,S,bleus,-9.320994,bleues,-13.71145,1
7187,P_NOUN_9_ADJ_b,M,P,les rideaux avec la cerise qui étaient là depuis hier ne sont pas très noirs <eos>,14,noirs,noires,12,F,S,noirs,-9.370456,noires,-12.384058,1
7188,P_NOUN_9_ADJ_b,M,P,les rideaux avec la cerise qui étaient là depuis hier ne sont pas très délicats <eos>,14,délicats,délicates,12,F,S,délicats,-6.188575,délicates,-9.931438,1
7189,P_NOUN_9_ADJ_b,M,P,les rideaux avec la cerise qui étaient là depuis hier ne sont pas très pointus <eos>,14,pointus,pointues,12,F,S,pointus,-9.789839,pointues,-12.194361,1
7190,P_NOUN_9_ADJ_b,M,P,les rideaux avec la cerise qui étaient là depuis hier ne sont pas très ronds <eos>,14,ronds,rondes,12,F,S,ronds,-9.640697,rondes,-13.070611,1
7191,P_NOUN_9_ADJ_b,M,P,les rideaux avec la cerise qui étaient là depuis hier ne sont pas très froids <eos>,14,froids,froides,12,F,S,froids,-7.1882915,froides,-7.512247,1
7192,P_NOUN_9_ADJ_b,M,P,les rideaux avec la cerise qui étaient là depuis hier ne sont pas très chauds <eos>,14,chauds,chaudes,12,F,S,chauds,-6.271889,chaudes,-8.742582,1
7193,P_NOUN_9_ADJ_b,M,P,les rideaux avec la cerise qui étaient là depuis hier ne sont pas très importants <eos>,14,importants,importantes,12,F,S,importants,-5.5212364,importantes,-8.551447,1
7194,P_NOUN_9_ADJ_b,M,P,les rideaux avec la cerise qui étaient là depuis hier ne sont pas très courts <eos>,14,courts,courtes,12,F,S,courts,-6.3862953,courtes,-10.62311,1
7195,P_NOUN_9_ADJ_b,M,P,les rideaux avec la cerise qui étaient là depuis hier ne sont pas très durs <eos>,14,durs,dures,12,F,S,durs,-5.286285,dures,-7.76051,1
7196,P_NOUN_9_ADJ_b,M,P,les rideaux avec la cerise qui étaient là depuis hier ne sont pas très clairs <eos>,14,clairs,claires,12,F,S,clairs,-4.182665,claires,-7.1842966,1
7197,P_NOUN_9_ADJ_b,M,P,les rideaux avec la cerise qui étaient là depuis hier ne sont pas très intéressants <eos>,14,intéressants,intéressantes,12,F,S,intéressants,-5.9227123,intéressantes,-9.04057,1
7198,P_NOUN_9_ADJ_b,M,P,les rideaux avec la cerise qui étaient là depuis hier ne sont pas très brillants <eos>,14,brillants,brillantes,12,F,S,brillants,-6.822709,brillantes,-9.718035,1
7199,P_NOUN_9_ADJ_b,M,P,les rideaux avec la cerise qui étaient là depuis hier ne sont pas très compliqués <eos>,14,compliqués,compliquées,12,F,S,compliqués,-6.0043035,compliquées,-9.780403,1
7200,P_NOUN_9_ADJ_b,M,P,les cahiers avec la gemme qui étaient là depuis hier ne sont pas très verts <eos>,14,verts,vertes,12,F,S,verts,-9.013164,vertes,-14.197435,1
7201,P_NOUN_9_ADJ_b,M,P,les cahiers avec la gemme qui étaient là depuis hier ne sont pas très bleus <eos>,14,bleus,bleues,12,F,S,bleus,-10.401271,bleues,-14.630862,1
7202,P_NOUN_9_ADJ_b,M,P,les cahiers avec la gemme qui étaient là depuis hier ne sont pas très noirs <eos>,14,noirs,noires,12,F,S,noirs,-9.993389,noires,-13.535455,1
7203,P_NOUN_9_ADJ_b,M,P,les cahiers avec la gemme qui étaient là depuis hier ne sont pas très délicats <eos>,14,délicats,délicates,12,F,S,délicats,-7.3244514,délicates,-11.02345,1
7204,P_NOUN_9_ADJ_b,M,P,les cahiers avec la gemme qui étaient là depuis hier ne sont pas très pointus <eos>,14,pointus,pointues,12,F,S,pointus,-9.891891,pointues,-12.19646,1
7205,P_NOUN_9_ADJ_b,M,P,les cahiers avec la gemme qui étaient là depuis hier ne sont pas très ronds <eos>,14,ronds,rondes,12,F,S,ronds,-11.551602,rondes,-14.074346,1
7206,P_NOUN_9_ADJ_b,M,P,les cahiers avec la gemme qui étaient là depuis hier ne sont pas très froids <eos>,14,froids,froides,12,F,S,froids,-8.471041,froides,-9.510379,1
7207,P_NOUN_9_ADJ_b,M,P,les cahiers avec la gemme qui étaient là depuis hier ne sont pas très chauds <eos>,14,chauds,chaudes,12,F,S,chauds,-7.913638,chaudes,-11.238582,1
7208,P_NOUN_9_ADJ_b,M,P,les cahiers avec la gemme qui étaient là depuis hier ne sont pas très importants <eos>,14,importants,importantes,12,F,S,importants,-4.534959,importantes,-7.8938885,1
7209,P_NOUN_9_ADJ_b,M,P,les cahiers avec la gemme qui étaient là depuis hier ne sont pas très courts <eos>,14,courts,courtes,12,F,S,courts,-5.337137,courtes,-9.302775,1
7210,P_NOUN_9_ADJ_b,M,P,les cahiers avec la gemme qui étaient là depuis hier ne sont pas très durs <eos>,14,durs,dures,12,F,S,durs,-5.8029823,dures,-8.110514,1
7211,P_NOUN_9_ADJ_b,M,P,les cahiers avec la gemme qui étaient là depuis hier ne sont pas très clairs <eos>,14,clairs,claires,12,F,S,clairs,-4.145138,claires,-7.651368,1
7212,P_NOUN_9_ADJ_b,M,P,les cahiers avec la gemme qui étaient là depuis hier ne sont pas très intéressants <eos>,14,intéressants,intéressantes,12,F,S,intéressants,-5.089327,intéressantes,-8.529326,1
7213,P_NOUN_9_ADJ_b,M,P,les cahiers avec la gemme qui étaient là depuis hier ne sont pas très brillants <eos>,14,brillants,brillantes,12,F,S,brillants,-6.5057344,brillantes,-9.14857,1
7214,P_NOUN_9_ADJ_b,M,P,les cahiers avec la gemme qui étaient là depuis hier ne sont pas très compliqués <eos>,14,compliqués,compliquées,12,F,S,compliqués,-6.1943064,compliquées,-8.9951315,1
7215,P_NOUN_9_ADJ_b,M,P,les cahiers avec la chaise qui étaient là depuis hier ne sont pas très verts <eos>,14,verts,vertes,12,F,S,verts,-9.067747,vertes,-14.177378,1
7216,P_NOUN_9_ADJ_b,M,P,les cahiers avec la chaise qui étaient là depuis hier ne sont pas très bleus <eos>,14,bleus,bleues,12,F,S,bleus,-10.347391,bleues,-14.591146,1
7217,P_NOUN_9_ADJ_b,M,P,les cahiers avec la chaise qui étaient là depuis hier ne sont pas très noirs <eos>,14,noirs,noires,12,F,S,noirs,-10.042446,noires,-13.461018,1
7218,P_NOUN_9_ADJ_b,M,P,les cahiers avec la chaise qui étaient là depuis hier ne sont pas très délicats <eos>,14,délicats,délicates,12,F,S,délicats,-7.8179035,délicates,-11.273646,1
7219,P_NOUN_9_ADJ_b,M,P,les cahiers avec la chaise qui étaient là depuis hier ne sont pas très pointus <eos>,14,pointus,pointues,12,F,S,pointus,-10.0228195,pointues,-11.982872,1
7220,P_NOUN_9_ADJ_b,M,P,les cahiers avec la chaise qui étaient là depuis hier ne sont pas très ronds <eos>,14,ronds,rondes,12,F,S,ronds,-11.426655,rondes,-13.491596,1
7221,P_NOUN_9_ADJ_b,M,P,les cahiers avec la chaise qui étaient là depuis hier ne sont pas très froids <eos>,14,froids,froides,12,F,S,froids,-8.962249,froides,-9.8830185,1
7222,P_NOUN_9_ADJ_b,M,P,les cahiers avec la chaise qui étaient là depuis hier ne sont pas très chauds <eos>,14,chauds,chaudes,12,F,S,chauds,-8.346024,chaudes,-12.079082,1
7223,P_NOUN_9_ADJ_b,M,P,les cahiers avec la chaise qui étaient là depuis hier ne sont pas très importants <eos>,14,importants,importantes,12,F,S,importants,-4.9211206,importantes,-8.267849,1
7224,P_NOUN_9_ADJ_b,M,P,les cahiers avec la chaise qui étaient là depuis hier ne sont pas très courts <eos>,14,courts,courtes,12,F,S,courts,-5.5366697,courtes,-9.102504,1
7225,P_NOUN_9_ADJ_b,M,P,les cahiers avec la chaise qui étaient là depuis hier ne sont pas très durs <eos>,14,durs,dures,12,F,S,durs,-5.589512,dures,-8.619438,1
7226,P_NOUN_9_ADJ_b,M,P,les cahiers avec la chaise qui étaient là depuis hier ne sont pas très clairs <eos>,14,clairs,claires,12,F,S,clairs,-4.553336,claires,-7.9801655,1
7227,P_NOUN_9_ADJ_b,M,P,les cahiers avec la chaise qui étaient là depuis hier ne sont pas très intéressants <eos>,14,intéressants,intéressantes,12,F,S,intéressants,-5.413313,intéressantes,-8.952691,1
7228,P_NOUN_9_ADJ_b,M,P,les cahiers avec la chaise qui étaient là depuis hier ne sont pas très brillants <eos>,14,brillants,brillantes,12,F,S,brillants,-6.8882008,brillantes,-9.636457,1
7229,P_NOUN_9_ADJ_b,M,P,les cahiers avec la chaise qui étaient là depuis hier ne sont pas très compliqués <eos>,14,compliqués,compliquées,12,F,S,compliqués,-6.136813,compliquées,-8.9444065,1
7230,P_NOUN_9_ADJ_b,M,P,les cahiers avec la poubelle qui étaient là depuis hier ne sont pas très verts <eos>,14,verts,vertes,12,F,S,verts,-9.072653,vertes,-13.936522,1
7231,P_NOUN_9_ADJ_b,M,P,les cahiers avec la poubelle qui étaient là depuis hier ne sont pas très bleus <eos>,14,bleus,bleues,12,F,S,bleus,-10.165976,bleues,-14.526471,1
7232,P_NOUN_9_ADJ_b,M,P,les cahiers avec la poubelle qui étaient là depuis hier ne sont pas très noirs <eos>,14,noirs,noires,12,F,S,noirs,-9.867821,noires,-13.223419,1
7233,P_NOUN_9_ADJ_b,M,P,les cahiers avec la poubelle qui étaient là depuis hier ne sont pas très délicats <eos>,14,délicats,délicates,12,F,S,délicats,-7.6697206,délicates,-11.170854,1
7234,P_NOUN_9_ADJ_b,M,P,les cahiers avec la poubelle qui étaient là depuis hier ne sont pas très pointus <eos>,14,pointus,pointues,12,F,S,pointus,-9.927599,pointues,-12.084486,1
7235,P_NOUN_9_ADJ_b,M,P,les cahiers avec la poubelle qui étaient là depuis hier ne sont pas très ronds <eos>,14,ronds,rondes,12,F,S,ronds,-11.606817,rondes,-13.784963,1
7236,P_NOUN_9_ADJ_b,M,P,les cahiers avec la poubelle qui étaient là depuis hier ne sont pas très froids <eos>,14,froids,froides,12,F,S,froids,-8.772121,froides,-9.473141,1
7237,P_NOUN_9_ADJ_b,M,P,les cahiers avec la poubelle qui étaient là depuis hier ne sont pas très chauds <eos>,14,chauds,chaudes,12,F,S,chauds,-7.849603,chaudes,-11.412008,1
7238,P_NOUN_9_ADJ_b,M,P,les cahiers avec la poubelle qui étaient là depuis hier ne sont pas très importants <eos>,14,importants,importantes,12,F,S,importants,-4.896596,importantes,-8.310525,1
7239,P_NOUN_9_ADJ_b,M,P,les cahiers avec la poubelle qui étaient là depuis hier ne sont pas très courts <eos>,14,courts,courtes,12,F,S,courts,-5.836398,courtes,-9.439068,1
7240,P_NOUN_9_ADJ_b,M,P,les cahiers avec la poubelle qui étaient là depuis hier ne sont pas très durs <eos>,14,durs,dures,12,F,S,durs,-5.8821535,dures,-8.891542,1
7241,P_NOUN_9_ADJ_b,M,P,les cahiers avec la poubelle qui étaient là depuis hier ne sont pas très clairs <eos>,14,clairs,claires,12,F,S,clairs,-4.543089,claires,-7.898822,1
7242,P_NOUN_9_ADJ_b,M,P,les cahiers avec la poubelle qui étaient là depuis hier ne sont pas très intéressants <eos>,14,intéressants,intéressantes,12,F,S,intéressants,-5.33851,intéressantes,-8.875872,1
7243,P_NOUN_9_ADJ_b,M,P,les cahiers avec la poubelle qui étaient là depuis hier ne sont pas très brillants <eos>,14,brillants,brillantes,12,F,S,brillants,-6.986465,brillantes,-9.776915,1
7244,P_NOUN_9_ADJ_b,M,P,les cahiers avec la poubelle qui étaient là depuis hier ne sont pas très compliqués <eos>,14,compliqués,compliquées,12,F,S,compliqués,-6.1897907,compliquées,-9.167334,1
7245,P_NOUN_9_ADJ_b,M,P,les cahiers avec la chemise qui étaient là depuis hier ne sont pas très verts <eos>,14,verts,vertes,12,F,S,verts,-8.969668,vertes,-14.149674,1
7246,P_NOUN_9_ADJ_b,M,P,les cahiers avec la chemise qui étaient là depuis hier ne sont pas très bleus <eos>,14,bleus,bleues,12,F,S,bleus,-9.906173,bleues,-14.396006,1
7247,P_NOUN_9_ADJ_b,M,P,les cahiers avec la chemise qui étaient là depuis hier ne sont pas très noirs <eos>,14,noirs,noires,12,F,S,noirs,-9.73754,noires,-13.1262,1
7248,P_NOUN_9_ADJ_b,M,P,les cahiers avec la chemise qui étaient là depuis hier ne sont pas très délicats <eos>,14,délicats,délicates,12,F,S,délicats,-8.071952,délicates,-11.424676,1
7249,P_NOUN_9_ADJ_b,M,P,les cahiers avec la chemise qui étaient là depuis hier ne sont pas très pointus <eos>,14,pointus,pointues,12,F,S,pointus,-9.754993,pointues,-11.880035,1
7250,P_NOUN_9_ADJ_b,M,P,les cahiers avec la chemise qui étaient là depuis hier ne sont pas très ronds <eos>,14,ronds,rondes,12,F,S,ronds,-11.58907,rondes,-13.486978,1
7251,P_NOUN_9_ADJ_b,M,P,les cahiers avec la chemise qui étaient là depuis hier ne sont pas très froids <eos>,14,froids,froides,12,F,S,froids,-9.209605,froides,-9.6999655,1
7252,P_NOUN_9_ADJ_b,M,P,les cahiers avec la chemise qui étaient là depuis hier ne sont pas très chauds <eos>,14,chauds,chaudes,12,F,S,chauds,-7.7415195,chaudes,-11.926735,1
7253,P_NOUN_9_ADJ_b,M,P,les cahiers avec la chemise qui étaient là depuis hier ne sont pas très importants <eos>,14,importants,importantes,12,F,S,importants,-5.059169,importantes,-8.368683,1
7254,P_NOUN_9_ADJ_b,M,P,les cahiers avec la chemise qui étaient là depuis hier ne sont pas très courts <eos>,14,courts,courtes,12,F,S,courts,-5.568863,courtes,-9.039486,1
7255,P_NOUN_9_ADJ_b,M,P,les cahiers avec la chemise qui étaient là depuis hier ne sont pas très durs <eos>,14,durs,dures,12,F,S,durs,-5.87773,dures,-8.900854,1
7256,P_NOUN_9_ADJ_b,M,P,les cahiers avec la chemise qui étaient là depuis hier ne sont pas très clairs <eos>,14,clairs,claires,12,F,S,clairs,-4.223592,claires,-7.8994007,1
7257,P_NOUN_9_ADJ_b,M,P,les cahiers avec la chemise qui étaient là depuis hier ne sont pas très intéressants <eos>,14,intéressants,intéressantes,12,F,S,intéressants,-5.5519805,intéressantes,-9.146631,1
7258,P_NOUN_9_ADJ_b,M,P,les cahiers avec la chemise qui étaient là depuis hier ne sont pas très brillants <eos>,14,brillants,brillantes,12,F,S,brillants,-6.8841777,brillantes,-9.780422,1
7259,P_NOUN_9_ADJ_b,M,P,les cahiers avec la chemise qui étaient là depuis hier ne sont pas très compliqués <eos>,14,compliqués,compliquées,12,F,S,compliqués,-6.3969817,compliquées,-9.258635,1
7260,P_NOUN_9_ADJ_b,M,P,les cahiers avec la recette qui étaient là depuis hier ne sont pas très verts <eos>,14,verts,vertes,12,F,S,verts,-9.6970825,vertes,-14.373329,1
7261,P_NOUN_9_ADJ_b,M,P,les cahiers avec la recette qui étaient là depuis hier ne sont pas très bleus <eos>,14,bleus,bleues,12,F,S,bleus,-11.141451,bleues,-15.50008,1
7262,P_NOUN_9_ADJ_b,M,P,les cahiers avec la recette qui étaient là depuis hier ne sont pas très noirs <eos>,14,noirs,noires,12,F,S,noirs,-10.707743,noires,-14.231361,1
7263,P_NOUN_9_ADJ_b,M,P,les cahiers avec la recette qui étaient là depuis hier ne sont pas très délicats <eos>,14,délicats,délicates,12,F,S,délicats,-7.296607,délicates,-11.089594,1
7264,P_NOUN_9_ADJ_b,M,P,les cahiers avec la recette qui étaient là depuis hier ne sont pas très pointus <eos>,14,pointus,pointues,12,F,S,pointus,-10.790375,pointues,-12.383801,1
7265,P_NOUN_9_ADJ_b,M,P,les cahiers avec la recette qui étaient là depuis hier ne sont pas très ronds <eos>,14,ronds,rondes,12,F,S,ronds,-11.906893,rondes,-14.189675,1
7266,P_NOUN_9_ADJ_b,M,P,les cahiers avec la recette qui étaient là depuis hier ne sont pas très froids <eos>,14,froids,froides,12,F,S,froids,-8.834375,froides,-9.474123,1
7267,P_NOUN_9_ADJ_b,M,P,les cahiers avec la recette qui étaient là depuis hier ne sont pas très chauds <eos>,14,chauds,chaudes,12,F,S,chauds,-7.74979,chaudes,-11.145446,1
7268,P_NOUN_9_ADJ_b,M,P,les cahiers avec la recette qui étaient là depuis hier ne sont pas très importants <eos>,14,importants,importantes,12,F,S,importants,-4.5101113,importantes,-7.3435607,1
7269,P_NOUN_9_ADJ_b,M,P,les cahiers avec la recette qui étaient là depuis hier ne sont pas très courts <eos>,14,courts,courtes,12,F,S,courts,-6.20761,courtes,-9.31176,1
7270,P_NOUN_9_ADJ_b,M,P,les cahiers avec la recette qui étaient là depuis hier ne sont pas très durs <eos>,14,durs,dures,12,F,S,durs,-5.7419996,dures,-8.570508,1
7271,P_NOUN_9_ADJ_b,M,P,les cahiers avec la recette qui étaient là depuis hier ne sont pas très clairs <eos>,14,clairs,claires,12,F,S,clairs,-5.00589,claires,-7.433711,1
7272,P_NOUN_9_ADJ_b,M,P,les cahiers avec la recette qui étaient là depuis hier ne sont pas très intéressants <eos>,14,intéressants,intéressantes,12,F,S,intéressants,-5.5903134,intéressantes,-8.267271,1
7273,P_NOUN_9_ADJ_b,M,P,les cahiers avec la recette qui étaient là depuis hier ne sont pas très brillants <eos>,14,brillants,brillantes,12,F,S,brillants,-7.178302,brillantes,-9.516552,1
7274,P_NOUN_9_ADJ_b,M,P,les cahiers avec la recette qui étaient là depuis hier ne sont pas très compliqués <eos>,14,compliqués,compliquées,12,F,S,compliqués,-6.4270115,compliquées,-9.290248,1
7275,P_NOUN_9_ADJ_b,M,P,les cahiers avec la jupe qui étaient là depuis hier ne sont pas très verts <eos>,14,verts,vertes,12,F,S,verts,-8.810887,vertes,-13.583006,1
7276,P_NOUN_9_ADJ_b,M,P,les cahiers avec la jupe qui étaient là depuis hier ne sont pas très bleus <eos>,14,bleus,bleues,12,F,S,bleus,-9.940152,bleues,-14.012334,1
7277,P_NOUN_9_ADJ_b,M,P,les cahiers avec la jupe qui étaient là depuis hier ne sont pas très noirs <eos>,14,noirs,noires,12,F,S,noirs,-9.744301,noires,-12.860117,1
7278,P_NOUN_9_ADJ_b,M,P,les cahiers avec la jupe qui étaient là depuis hier ne sont pas très délicats <eos>,14,délicats,délicates,12,F,S,délicats,-7.5977955,délicates,-11.06837,1
7279,P_NOUN_9_ADJ_b,M,P,les cahiers avec la jupe qui étaient là depuis hier ne sont pas très pointus <eos>,14,pointus,pointues,12,F,S,pointus,-9.710977,pointues,-11.946187,1
7280,P_NOUN_9_ADJ_b,M,P,les cahiers avec la jupe qui étaient là depuis hier ne sont pas très ronds <eos>,14,ronds,rondes,12,F,S,ronds,-10.987266,rondes,-13.269562,1
7281,P_NOUN_9_ADJ_b,M,P,les cahiers avec la jupe qui étaient là depuis hier ne sont pas très froids <eos>,14,froids,froides,12,F,S,froids,-9.137444,froides,-9.40955,1
7282,P_NOUN_9_ADJ_b,M,P,les cahiers avec la jupe qui étaient là depuis hier ne sont pas très chauds <eos>,14,chauds,chaudes,12,F,S,chauds,-7.797041,chaudes,-11.238852,1
7283,P_NOUN_9_ADJ_b,M,P,les cahiers avec la jupe qui étaient là depuis hier ne sont pas très importants <eos>,14,importants,importantes,12,F,S,importants,-5.0496397,importantes,-8.186994,1
7284,P_NOUN_9_ADJ_b,M,P,les cahiers avec la jupe qui étaient là depuis hier ne sont pas très courts <eos>,14,courts,courtes,12,F,S,courts,-5.683345,courtes,-8.892104,1
7285,P_NOUN_9_ADJ_b,M,P,les cahiers avec la jupe qui étaient là depuis hier ne sont pas très durs <eos>,14,durs,dures,12,F,S,durs,-6.0245485,dures,-8.713473,1
7286,P_NOUN_9_ADJ_b,M,P,les cahiers avec la jupe qui étaient là depuis hier ne sont pas très clairs <eos>,14,clairs,claires,12,F,S,clairs,-4.0709867,claires,-7.649746,1
7287,P_NOUN_9_ADJ_b,M,P,les cahiers avec la jupe qui étaient là depuis hier ne sont pas très intéressants <eos>,14,intéressants,intéressantes,12,F,S,intéressants,-5.492967,intéressantes,-8.836899,1
7288,P_NOUN_9_ADJ_b,M,P,les cahiers avec la jupe qui étaient là depuis hier ne sont pas très brillants <eos>,14,brillants,brillantes,12,F,S,brillants,-6.960717,brillantes,-9.621708,1
7289,P_NOUN_9_ADJ_b,M,P,les cahiers avec la jupe qui étaient là depuis hier ne sont pas très compliqués <eos>,14,compliqués,compliquées,12,F,S,compliqués,-6.2456913,compliquées,-9.248702,1
7290,P_NOUN_9_ADJ_b,M,P,les cahiers avec la colle qui étaient là depuis hier ne sont pas très verts <eos>,14,verts,vertes,12,F,S,verts,-9.183672,vertes,-13.894233,1
7291,P_NOUN_9_ADJ_b,M,P,les cahiers avec la colle qui étaient là depuis hier ne sont pas très bleus <eos>,14,bleus,bleues,12,F,S,bleus,-10.628611,bleues,-14.716749,1
7292,P_NOUN_9_ADJ_b,M,P,les cahiers avec la colle qui étaient là depuis hier ne sont pas très noirs <eos>,14,noirs,noires,12,F,S,noirs,-10.1013,noires,-13.29637,1
7293,P_NOUN_9_ADJ_b,M,P,les cahiers avec la colle qui étaient là depuis hier ne sont pas très délicats <eos>,14,délicats,délicates,12,F,S,délicats,-7.435742,délicates,-11.481413,1
7294,P_NOUN_9_ADJ_b,M,P,les cahiers avec la colle qui étaient là depuis hier ne sont pas très pointus <eos>,14,pointus,pointues,12,F,S,pointus,-10.026267,pointues,-12.023122,1
7295,P_NOUN_9_ADJ_b,M,P,les cahiers avec la colle qui étaient là depuis hier ne sont pas très ronds <eos>,14,ronds,rondes,12,F,S,ronds,-11.202573,rondes,-13.652998,1
7296,P_NOUN_9_ADJ_b,M,P,les cahiers avec la colle qui étaient là depuis hier ne sont pas très froids <eos>,14,froids,froides,12,F,S,froids,-8.979706,froides,-9.314072,1
7297,P_NOUN_9_ADJ_b,M,P,les cahiers avec la colle qui étaient là depuis hier ne sont pas très chauds <eos>,14,chauds,chaudes,12,F,S,chauds,-7.4918375,chaudes,-10.727307,1
7298,P_NOUN_9_ADJ_b,M,P,les cahiers avec la colle qui étaient là depuis hier ne sont pas très importants <eos>,14,importants,importantes,12,F,S,importants,-5.011599,importantes,-8.0737705,1
7299,P_NOUN_9_ADJ_b,M,P,les cahiers avec la colle qui étaient là depuis hier ne sont pas très courts <eos>,14,courts,courtes,12,F,S,courts,-5.829668,courtes,-9.458228,1
7300,P_NOUN_9_ADJ_b,M,P,les cahiers avec la colle qui étaient là depuis hier ne sont pas très durs <eos>,14,durs,dures,12,F,S,durs,-5.8918147,dures,-8.208778,1
7301,P_NOUN_9_ADJ_b,M,P,les cahiers avec la colle qui étaient là depuis hier ne sont pas très clairs <eos>,14,clairs,claires,12,F,S,clairs,-4.77507,claires,-7.4107065,1
7302,P_NOUN_9_ADJ_b,M,P,les cahiers avec la colle qui étaient là depuis hier ne sont pas très intéressants <eos>,14,intéressants,intéressantes,12,F,S,intéressants,-5.6473455,intéressantes,-8.6327305,1
7303,P_NOUN_9_ADJ_b,M,P,les cahiers avec la colle qui étaient là depuis hier ne sont pas très brillants <eos>,14,brillants,brillantes,12,F,S,brillants,-7.0255413,brillantes,-9.712254,1
7304,P_NOUN_9_ADJ_b,M,P,les cahiers avec la colle qui étaient là depuis hier ne sont pas très compliqués <eos>,14,compliqués,compliquées,12,F,S,compliqués,-6.4127946,compliquées,-9.551937,1
7305,P_NOUN_9_ADJ_b,M,P,les cahiers avec la lampe qui étaient là depuis hier ne sont pas très verts <eos>,14,verts,vertes,12,F,S,verts,-9.261578,vertes,-13.596262,1
7306,P_NOUN_9_ADJ_b,M,P,les cahiers avec la lampe qui étaient là depuis hier ne sont pas très bleus <eos>,14,bleus,bleues,12,F,S,bleus,-10.54336,bleues,-14.298063,1
7307,P_NOUN_9_ADJ_b,M,P,les cahiers avec la lampe qui étaient là depuis hier ne sont pas très noirs <eos>,14,noirs,noires,12,F,S,noirs,-10.045238,noires,-13.074083,1
7308,P_NOUN_9_ADJ_b,M,P,les cahiers avec la lampe qui étaient là depuis hier ne sont pas très délicats <eos>,14,délicats,délicates,12,F,S,délicats,-7.6597223,délicates,-11.289483,1
7309,P_NOUN_9_ADJ_b,M,P,les cahiers avec la lampe qui étaient là depuis hier ne sont pas très pointus <eos>,14,pointus,pointues,12,F,S,pointus,-9.926995,pointues,-11.586503,1
7310,P_NOUN_9_ADJ_b,M,P,les cahiers avec la lampe qui étaient là depuis hier ne sont pas très ronds <eos>,14,ronds,rondes,12,F,S,ronds,-11.231388,rondes,-13.559454,1
7311,P_NOUN_9_ADJ_b,M,P,les cahiers avec la lampe qui étaient là depuis hier ne sont pas très froids <eos>,14,froids,froides,12,F,S,froids,-9.149355,froides,-9.467381,1
7312,P_NOUN_9_ADJ_b,M,P,les cahiers avec la lampe qui étaient là depuis hier ne sont pas très chauds <eos>,14,chauds,chaudes,12,F,S,chauds,-7.624207,chaudes,-11.21698,1
7313,P_NOUN_9_ADJ_b,M,P,les cahiers avec la lampe qui étaient là depuis hier ne sont pas très importants <eos>,14,importants,importantes,12,F,S,importants,-4.947423,importantes,-7.920063,1
7314,P_NOUN_9_ADJ_b,M,P,les cahiers avec la lampe qui étaient là depuis hier ne sont pas très courts <eos>,14,courts,courtes,12,F,S,courts,-5.8527284,courtes,-9.02438,1
7315,P_NOUN_9_ADJ_b,M,P,les cahiers avec la lampe qui étaient là depuis hier ne sont pas très durs <eos>,14,durs,dures,12,F,S,durs,-5.678353,dures,-8.699846,1
7316,P_NOUN_9_ADJ_b,M,P,les cahiers avec la lampe qui étaient là depuis hier ne sont pas très clairs <eos>,14,clairs,claires,12,F,S,clairs,-4.5515165,claires,-7.67115,1
7317,P_NOUN_9_ADJ_b,M,P,les cahiers avec la lampe qui étaient là depuis hier ne sont pas très intéressants <eos>,14,intéressants,intéressantes,12,F,S,intéressants,-5.3513484,intéressantes,-8.397831,1
7318,P_NOUN_9_ADJ_b,M,P,les cahiers avec la lampe qui étaient là depuis hier ne sont pas très brillants <eos>,14,brillants,brillantes,12,F,S,brillants,-6.792548,brillantes,-9.226394,1
7319,P_NOUN_9_ADJ_b,M,P,les cahiers avec la lampe qui étaient là depuis hier ne sont pas très compliqués <eos>,14,compliqués,compliquées,12,F,S,compliqués,-6.093483,compliquées,-9.018338,1
7320,P_NOUN_9_ADJ_b,M,P,les cahiers avec la bouteille qui étaient là depuis hier ne sont pas très verts <eos>,14,verts,vertes,12,F,S,verts,-8.920996,vertes,-13.925667,1
7321,P_NOUN_9_ADJ_b,M,P,les cahiers avec la bouteille qui étaient là depuis hier ne sont pas très bleus <eos>,14,bleus,bleues,12,F,S,bleus,-10.342585,bleues,-14.413872,1
7322,P_NOUN_9_ADJ_b,M,P,les cahiers avec la bouteille qui étaient là depuis hier ne sont pas très noirs <eos>,14,noirs,noires,12,F,S,noirs,-9.927538,noires,-13.223833,1
7323,P_NOUN_9_ADJ_b,M,P,les cahiers avec la bouteille qui étaient là depuis hier ne sont pas très délicats <eos>,14,délicats,délicates,12,F,S,délicats,-7.061571,délicates,-10.697135,1
7324,P_NOUN_9_ADJ_b,M,P,les cahiers avec la bouteille qui étaient là depuis hier ne sont pas très pointus <eos>,14,pointus,pointues,12,F,S,pointus,-10.286837,pointues,-12.047768,1
7325,P_NOUN_9_ADJ_b,M,P,les cahiers avec la bouteille qui étaient là depuis hier ne sont pas très ronds <eos>,14,ronds,rondes,12,F,S,ronds,-11.108342,rondes,-13.799373,1
7326,P_NOUN_9_ADJ_b,M,P,les cahiers avec la bouteille qui étaient là depuis hier ne sont pas très froids <eos>,14,froids,froides,12,F,S,froids,-8.59034,froides,-8.557095,0
7327,P_NOUN_9_ADJ_b,M,P,les cahiers avec la bouteille qui étaient là depuis hier ne sont pas très chauds <eos>,14,chauds,chaudes,12,F,S,chauds,-7.5420823,chaudes,-10.386353,1
7328,P_NOUN_9_ADJ_b,M,P,les cahiers avec la bouteille qui étaient là depuis hier ne sont pas très importants <eos>,14,importants,importantes,12,F,S,importants,-4.874297,importantes,-7.8567553,1
7329,P_NOUN_9_ADJ_b,M,P,les cahiers avec la bouteille qui étaient là depuis hier ne sont pas très courts <eos>,14,courts,courtes,12,F,S,courts,-5.61138,courtes,-9.535837,1
7330,P_NOUN_9_ADJ_b,M,P,les cahiers avec la bouteille qui étaient là depuis hier ne sont pas très durs <eos>,14,durs,dures,12,F,S,durs,-5.9178915,dures,-8.442577,1
7331,P_NOUN_9_ADJ_b,M,P,les cahiers avec la bouteille qui étaient là depuis hier ne sont pas très clairs <eos>,14,clairs,claires,12,F,S,clairs,-4.9267597,claires,-7.2201824,1
7332,P_NOUN_9_ADJ_b,M,P,les cahiers avec la bouteille qui étaient là depuis hier ne sont pas très intéressants <eos>,14,intéressants,intéressantes,12,F,S,intéressants,-5.371013,intéressantes,-8.32403,1
7333,P_NOUN_9_ADJ_b,M,P,les cahiers avec la bouteille qui étaient là depuis hier ne sont pas très brillants <eos>,14,brillants,brillantes,12,F,S,brillants,-7.2685404,brillantes,-9.620408,1
7334,P_NOUN_9_ADJ_b,M,P,les cahiers avec la bouteille qui étaient là depuis hier ne sont pas très compliqués <eos>,14,compliqués,compliquées,12,F,S,compliqués,-6.325873,compliquées,-9.219973,1
7335,P_NOUN_9_ADJ_b,M,P,les cahiers avec la boisson qui étaient là depuis hier ne sont pas très verts <eos>,14,verts,vertes,12,F,S,verts,-8.965552,vertes,-14.225741,1
7336,P_NOUN_9_ADJ_b,M,P,les cahiers avec la boisson qui étaient là depuis hier ne sont pas très bleus <eos>,14,bleus,bleues,12,F,S,bleus,-10.490549,bleues,-14.874479,1
7337,P_NOUN_9_ADJ_b,M,P,les cahiers avec la boisson qui étaient là depuis hier ne sont pas très noirs <eos>,14,noirs,noires,12,F,S,noirs,-9.860544,noires,-13.456794,1
7338,P_NOUN_9_ADJ_b,M,P,les cahiers avec la boisson qui étaient là depuis hier ne sont pas très délicats <eos>,14,délicats,délicates,12,F,S,délicats,-7.1991177,délicates,-10.827703,1
7339,P_NOUN_9_ADJ_b,M,P,les cahiers avec la boisson qui étaient là depuis hier ne sont pas très pointus <eos>,14,pointus,pointues,12,F,S,pointus,-10.628153,pointues,-12.456891,1
7340,P_NOUN_9_ADJ_b,M,P,les cahiers avec la boisson qui étaient là depuis hier ne sont pas très ronds <eos>,14,ronds,rondes,12,F,S,ronds,-11.4014225,rondes,-13.78804,1
7341,P_NOUN_9_ADJ_b,M,P,les cahiers avec la boisson qui étaient là depuis hier ne sont pas très froids <eos>,14,froids,froides,12,F,S,froids,-8.117812,froides,-9.012697,1
7342,P_NOUN_9_ADJ_b,M,P,les cahiers avec la boisson qui étaient là depuis hier ne sont pas très chauds <eos>,14,chauds,chaudes,12,F,S,chauds,-7.4216633,chaudes,-10.804431,1
7343,P_NOUN_9_ADJ_b,M,P,les cahiers avec la boisson qui étaient là depuis hier ne sont pas très importants <eos>,14,importants,importantes,12,F,S,importants,-4.7447433,importantes,-7.755191,1
7344,P_NOUN_9_ADJ_b,M,P,les cahiers avec la boisson qui étaient là depuis hier ne sont pas très courts <eos>,14,courts,courtes,12,F,S,courts,-6.1493073,courtes,-9.846037,1
7345,P_NOUN_9_ADJ_b,M,P,les cahiers avec la boisson qui étaient là depuis hier ne sont pas très durs <eos>,14,durs,dures,12,F,S,durs,-5.9659357,dures,-7.758607,1
7346,P_NOUN_9_ADJ_b,M,P,les cahiers avec la boisson qui étaient là depuis hier ne sont pas très clairs <eos>,14,clairs,claires,12,F,S,clairs,-5.1910563,claires,-7.67173,1
7347,P_NOUN_9_ADJ_b,M,P,les cahiers avec la boisson qui étaient là depuis hier ne sont pas très intéressants <eos>,14,intéressants,intéressantes,12,F,S,intéressants,-5.73055,intéressantes,-8.6894045,1
7348,P_NOUN_9_ADJ_b,M,P,les cahiers avec la boisson qui étaient là depuis hier ne sont pas très brillants <eos>,14,brillants,brillantes,12,F,S,brillants,-6.7985253,brillantes,-9.5954685,1
7349,P_NOUN_9_ADJ_b,M,P,les cahiers avec la boisson qui étaient là depuis hier ne sont pas très compliqués <eos>,14,compliqués,compliquées,12,F,S,compliqués,-6.82596,compliquées,-9.993008,1
7350,P_NOUN_9_ADJ_b,M,P,les cahiers avec la pomme qui étaient là depuis hier ne sont pas très verts <eos>,14,verts,vertes,12,F,S,verts,-9.256945,vertes,-14.512039,1
7351,P_NOUN_9_ADJ_b,M,P,les cahiers avec la pomme qui étaient là depuis hier ne sont pas très bleus <eos>,14,bleus,bleues,12,F,S,bleus,-10.76696,bleues,-15.220387,1
7352,P_NOUN_9_ADJ_b,M,P,les cahiers avec la pomme qui étaient là depuis hier ne sont pas très noirs <eos>,14,noirs,noires,12,F,S,noirs,-10.1543665,noires,-14.039908,1
7353,P_NOUN_9_ADJ_b,M,P,les cahiers avec la pomme qui étaient là depuis hier ne sont pas très délicats <eos>,14,délicats,délicates,12,F,S,délicats,-7.2822666,délicates,-11.12482,1
7354,P_NOUN_9_ADJ_b,M,P,les cahiers avec la pomme qui étaient là depuis hier ne sont pas très pointus <eos>,14,pointus,pointues,12,F,S,pointus,-10.342529,pointues,-12.264654,1
7355,P_NOUN_9_ADJ_b,M,P,les cahiers avec la pomme qui étaient là depuis hier ne sont pas très ronds <eos>,14,ronds,rondes,12,F,S,ronds,-11.442217,rondes,-14.283667,1
7356,P_NOUN_9_ADJ_b,M,P,les cahiers avec la pomme qui étaient là depuis hier ne sont pas très froids <eos>,14,froids,froides,12,F,S,froids,-8.230572,froides,-9.079012,1
7357,P_NOUN_9_ADJ_b,M,P,les cahiers avec la pomme qui étaient là depuis hier ne sont pas très chauds <eos>,14,chauds,chaudes,12,F,S,chauds,-7.6836715,chaudes,-11.267099,1
7358,P_NOUN_9_ADJ_b,M,P,les cahiers avec la pomme qui étaient là depuis hier ne sont pas très importants <eos>,14,importants,importantes,12,F,S,importants,-4.4744787,importantes,-7.864485,1
7359,P_NOUN_9_ADJ_b,M,P,les cahiers avec la pomme qui étaient là depuis hier ne sont pas très courts <eos>,14,courts,courtes,12,F,S,courts,-5.9220505,courtes,-9.676043,1
7360,P_NOUN_9_ADJ_b,M,P,les cahiers avec la pomme qui étaient là depuis hier ne sont pas très durs <eos>,14,durs,dures,12,F,S,durs,-5.607323,dures,-8.272879,1
7361,P_NOUN_9_ADJ_b,M,P,les cahiers avec la pomme qui étaient là depuis hier ne sont pas très clairs <eos>,14,clairs,claires,12,F,S,clairs,-5.0206738,claires,-7.9857264,1
7362,P_NOUN_9_ADJ_b,M,P,les cahiers avec la pomme qui étaient là depuis hier ne sont pas très intéressants <eos>,14,intéressants,intéressantes,12,F,S,intéressants,-5.230564,intéressantes,-8.264957,1
7363,P_NOUN_9_ADJ_b,M,P,les cahiers avec la pomme qui étaient là depuis hier ne sont pas très brillants <eos>,14,brillants,brillantes,12,F,S,brillants,-6.841564,brillantes,-9.505656,1
7364,P_NOUN_9_ADJ_b,M,P,les cahiers avec la pomme qui étaient là depuis hier ne sont pas très compliqués <eos>,14,compliqués,compliquées,12,F,S,compliqués,-6.5412016,compliquées,-9.376795,1
7365,P_NOUN_9_ADJ_b,M,P,les cahiers avec la tasse qui étaient là depuis hier ne sont pas très verts <eos>,14,verts,vertes,12,F,S,verts,-8.558138,vertes,-13.404398,1
7366,P_NOUN_9_ADJ_b,M,P,les cahiers avec la tasse qui étaient là depuis hier ne sont pas très bleus <eos>,14,bleus,bleues,12,F,S,bleus,-9.846589,bleues,-14.094177,1
7367,P_NOUN_9_ADJ_b,M,P,les cahiers avec la tasse qui étaient là depuis hier ne sont pas très noirs <eos>,14,noirs,noires,12,F,S,noirs,-9.360244,noires,-12.574478,1
7368,P_NOUN_9_ADJ_b,M,P,les cahiers avec la tasse qui étaient là depuis hier ne sont pas très délicats <eos>,14,délicats,délicates,12,F,S,délicats,-7.4201603,délicates,-10.197958,1
7369,P_NOUN_9_ADJ_b,M,P,les cahiers avec la tasse qui étaient là depuis hier ne sont pas très pointus <eos>,14,pointus,pointues,12,F,S,pointus,-10.453637,pointues,-12.301821,1
7370,P_NOUN_9_ADJ_b,M,P,les cahiers avec la tasse qui étaient là depuis hier ne sont pas très ronds <eos>,14,ronds,rondes,12,F,S,ronds,-10.853392,rondes,-13.342991,1
7371,P_NOUN_9_ADJ_b,M,P,les cahiers avec la tasse qui étaient là depuis hier ne sont pas très froids <eos>,14,froids,froides,12,F,S,froids,-8.286392,froides,-8.478519,1
7372,P_NOUN_9_ADJ_b,M,P,les cahiers avec la tasse qui étaient là depuis hier ne sont pas très chauds <eos>,14,chauds,chaudes,12,F,S,chauds,-7.110619,chaudes,-10.040155,1
7373,P_NOUN_9_ADJ_b,M,P,les cahiers avec la tasse qui étaient là depuis hier ne sont pas très importants <eos>,14,importants,importantes,12,F,S,importants,-4.9047885,importantes,-7.6850343,1
7374,P_NOUN_9_ADJ_b,M,P,les cahiers avec la tasse qui étaient là depuis hier ne sont pas très courts <eos>,14,courts,courtes,12,F,S,courts,-6.2150517,courtes,-10.043412,1
7375,P_NOUN_9_ADJ_b,M,P,les cahiers avec la tasse qui étaient là depuis hier ne sont pas très durs <eos>,14,durs,dures,12,F,S,durs,-6.2768183,dures,-8.771632,1
7376,P_NOUN_9_ADJ_b,M,P,les cahiers avec la tasse qui étaient là depuis hier ne sont pas très clairs <eos>,14,clairs,claires,12,F,S,clairs,-4.704421,claires,-7.1744127,1
7377,P_NOUN_9_ADJ_b,M,P,les cahiers avec la tasse qui étaient là depuis hier ne sont pas très intéressants <eos>,14,intéressants,intéressantes,12,F,S,intéressants,-5.8386593,intéressantes,-8.981505,1
7378,P_NOUN_9_ADJ_b,M,P,les cahiers avec la tasse qui étaient là depuis hier ne sont pas très brillants <eos>,14,brillants,brillantes,12,F,S,brillants,-7.1612473,brillantes,-9.9411745,1
7379,P_NOUN_9_ADJ_b,M,P,les cahiers avec la tasse qui étaient là depuis hier ne sont pas très compliqués <eos>,14,compliqués,compliquées,12,F,S,compliqués,-6.6095147,compliquées,-9.951252,1
7380,P_NOUN_9_ADJ_b,M,P,les cahiers avec la bougie qui étaient là depuis hier ne sont pas très verts <eos>,14,verts,vertes,12,F,S,verts,-9.149111,vertes,-14.117249,1
7381,P_NOUN_9_ADJ_b,M,P,les cahiers avec la bougie qui étaient là depuis hier ne sont pas très bleus <eos>,14,bleus,bleues,12,F,S,bleus,-10.153372,bleues,-14.327285,1
7382,P_NOUN_9_ADJ_b,M,P,les cahiers avec la bougie qui étaient là depuis hier ne sont pas très noirs <eos>,14,noirs,noires,12,F,S,noirs,-9.865927,noires,-13.272305,1
7383,P_NOUN_9_ADJ_b,M,P,les cahiers avec la bougie qui étaient là depuis hier ne sont pas très délicats <eos>,14,délicats,délicates,12,F,S,délicats,-7.436738,délicates,-10.944449,1
7384,P_NOUN_9_ADJ_b,M,P,les cahiers avec la bougie qui étaient là depuis hier ne sont pas très pointus <eos>,14,pointus,pointues,12,F,S,pointus,-10.18406,pointues,-12.021444,1
7385,P_NOUN_9_ADJ_b,M,P,les cahiers avec la bougie qui étaient là depuis hier ne sont pas très ronds <eos>,14,ronds,rondes,12,F,S,ronds,-11.359627,rondes,-14.05703,1
7386,P_NOUN_9_ADJ_b,M,P,les cahiers avec la bougie qui étaient là depuis hier ne sont pas très froids <eos>,14,froids,froides,12,F,S,froids,-8.5849285,froides,-8.870756,1
7387,P_NOUN_9_ADJ_b,M,P,les cahiers avec la bougie qui étaient là depuis hier ne sont pas très chauds <eos>,14,chauds,chaudes,12,F,S,chauds,-7.5581408,chaudes,-10.947364,1
7388,P_NOUN_9_ADJ_b,M,P,les cahiers avec la bougie qui étaient là depuis hier ne sont pas très importants <eos>,14,importants,importantes,12,F,S,importants,-4.9217005,importantes,-8.137908,1
7389,P_NOUN_9_ADJ_b,M,P,les cahiers avec la bougie qui étaient là depuis hier ne sont pas très courts <eos>,14,courts,courtes,12,F,S,courts,-5.759261,courtes,-9.424243,1
7390,P_NOUN_9_ADJ_b,M,P,les cahiers avec la bougie qui étaient là depuis hier ne sont pas très durs <eos>,14,durs,dures,12,F,S,durs,-5.707356,dures,-8.376448,1
7391,P_NOUN_9_ADJ_b,M,P,les cahiers avec la bougie qui étaient là depuis hier ne sont pas très clairs <eos>,14,clairs,claires,12,F,S,clairs,-4.385104,claires,-7.7123604,1
7392,P_NOUN_9_ADJ_b,M,P,les cahiers avec la bougie qui étaient là depuis hier ne sont pas très intéressants <eos>,14,intéressants,intéressantes,12,F,S,intéressants,-5.3609686,intéressantes,-8.527343,1
7393,P_NOUN_9_ADJ_b,M,P,les cahiers avec la bougie qui étaient là depuis hier ne sont pas très brillants <eos>,14,brillants,brillantes,12,F,S,brillants,-6.741061,brillantes,-9.464866,1
7394,P_NOUN_9_ADJ_b,M,P,les cahiers avec la bougie qui étaient là depuis hier ne sont pas très compliqués <eos>,14,compliqués,compliquées,12,F,S,compliqués,-6.039967,compliquées,-8.947985,1
7395,P_NOUN_9_ADJ_b,M,P,les cahiers avec la pochette qui étaient là depuis hier ne sont pas très verts <eos>,14,verts,vertes,12,F,S,verts,-8.980527,vertes,-13.6767235,1
7396,P_NOUN_9_ADJ_b,M,P,les cahiers avec la pochette qui étaient là depuis hier ne sont pas très bleus <eos>,14,bleus,bleues,12,F,S,bleus,-10.406699,bleues,-13.898461,1
7397,P_NOUN_9_ADJ_b,M,P,les cahiers avec la pochette qui étaient là depuis hier ne sont pas très noirs <eos>,14,noirs,noires,12,F,S,noirs,-9.93664,noires,-13.167074,1
7398,P_NOUN_9_ADJ_b,M,P,les cahiers avec la pochette qui étaient là depuis hier ne sont pas très délicats <eos>,14,délicats,délicates,12,F,S,délicats,-7.7784424,délicates,-10.810828,1
7399,P_NOUN_9_ADJ_b,M,P,les cahiers avec la pochette qui étaient là depuis hier ne sont pas très pointus <eos>,14,pointus,pointues,12,F,S,pointus,-10.115178,pointues,-12.042457,1
7400,P_NOUN_9_ADJ_b,M,P,les cahiers avec la pochette qui étaient là depuis hier ne sont pas très ronds <eos>,14,ronds,rondes,12,F,S,ronds,-10.77239,rondes,-13.518896,1
7401,P_NOUN_9_ADJ_b,M,P,les cahiers avec la pochette qui étaient là depuis hier ne sont pas très froids <eos>,14,froids,froides,12,F,S,froids,-9.987858,froides,-9.547207,0
7402,P_NOUN_9_ADJ_b,M,P,les cahiers avec la pochette qui étaient là depuis hier ne sont pas très chauds <eos>,14,chauds,chaudes,12,F,S,chauds,-8.9099455,chaudes,-12.281896,1
7403,P_NOUN_9_ADJ_b,M,P,les cahiers avec la pochette qui étaient là depuis hier ne sont pas très importants <eos>,14,importants,importantes,12,F,S,importants,-5.26879,importantes,-8.705561,1
7404,P_NOUN_9_ADJ_b,M,P,les cahiers avec la pochette qui étaient là depuis hier ne sont pas très courts <eos>,14,courts,courtes,12,F,S,courts,-5.274781,courtes,-9.004566,1
7405,P_NOUN_9_ADJ_b,M,P,les cahiers avec la pochette qui étaient là depuis hier ne sont pas très durs <eos>,14,durs,dures,12,F,S,durs,-5.751114,dures,-9.149968,1
7406,P_NOUN_9_ADJ_b,M,P,les cahiers avec la pochette qui étaient là depuis hier ne sont pas très clairs <eos>,14,clairs,claires,12,F,S,clairs,-4.695977,claires,-7.507597,1
7407,P_NOUN_9_ADJ_b,M,P,les cahiers avec la pochette qui étaient là depuis hier ne sont pas très intéressants <eos>,14,intéressants,intéressantes,12,F,S,intéressants,-4.818014,intéressantes,-8.421499,1
7408,P_NOUN_9_ADJ_b,M,P,les cahiers avec la pochette qui étaient là depuis hier ne sont pas très brillants <eos>,14,brillants,brillantes,12,F,S,brillants,-7.3040147,brillantes,-9.870871,1
7409,P_NOUN_9_ADJ_b,M,P,les cahiers avec la pochette qui étaient là depuis hier ne sont pas très compliqués <eos>,14,compliqués,compliquées,12,F,S,compliqués,-6.1619883,compliquées,-8.891547,1
7410,P_NOUN_9_ADJ_b,M,P,les cahiers avec la banane qui étaient là depuis hier ne sont pas très verts <eos>,14,verts,vertes,12,F,S,verts,-9.006557,vertes,-13.802458,1
7411,P_NOUN_9_ADJ_b,M,P,les cahiers avec la banane qui étaient là depuis hier ne sont pas très bleus <eos>,14,bleus,bleues,12,F,S,bleus,-10.364428,bleues,-14.224525,1
7412,P_NOUN_9_ADJ_b,M,P,les cahiers avec la banane qui étaient là depuis hier ne sont pas très noirs <eos>,14,noirs,noires,12,F,S,noirs,-9.475732,noires,-13.167396,1
7413,P_NOUN_9_ADJ_b,M,P,les cahiers avec la banane qui étaient là depuis hier ne sont pas très délicats <eos>,14,délicats,délicates,12,F,S,délicats,-7.224049,délicates,-10.603954,1
7414,P_NOUN_9_ADJ_b,M,P,les cahiers avec la banane qui étaient là depuis hier ne sont pas très pointus <eos>,14,pointus,pointues,12,F,S,pointus,-10.032042,pointues,-12.288115,1
7415,P_NOUN_9_ADJ_b,M,P,les cahiers avec la banane qui étaient là depuis hier ne sont pas très ronds <eos>,14,ronds,rondes,12,F,S,ronds,-10.60945,rondes,-13.775147,1
7416,P_NOUN_9_ADJ_b,M,P,les cahiers avec la banane qui étaient là depuis hier ne sont pas très froids <eos>,14,froids,froides,12,F,S,froids,-8.157262,froides,-9.09401,1
7417,P_NOUN_9_ADJ_b,M,P,les cahiers avec la banane qui étaient là depuis hier ne sont pas très chauds <eos>,14,chauds,chaudes,12,F,S,chauds,-7.5864925,chaudes,-10.368158,1
7418,P_NOUN_9_ADJ_b,M,P,les cahiers avec la banane qui étaient là depuis hier ne sont pas très importants <eos>,14,importants,importantes,12,F,S,importants,-4.726885,importantes,-7.893203,1
7419,P_NOUN_9_ADJ_b,M,P,les cahiers avec la banane qui étaient là depuis hier ne sont pas très courts <eos>,14,courts,courtes,12,F,S,courts,-5.5225925,courtes,-9.586013,1
7420,P_NOUN_9_ADJ_b,M,P,les cahiers avec la banane qui étaient là depuis hier ne sont pas très durs <eos>,14,durs,dures,12,F,S,durs,-5.5722246,dures,-7.5293255,1
7421,P_NOUN_9_ADJ_b,M,P,les cahiers avec la banane qui étaient là depuis hier ne sont pas très clairs <eos>,14,clairs,claires,12,F,S,clairs,-4.5358076,claires,-7.6442785,1
7422,P_NOUN_9_ADJ_b,M,P,les cahiers avec la banane qui étaient là depuis hier ne sont pas très intéressants <eos>,14,intéressants,intéressantes,12,F,S,intéressants,-5.5210114,intéressantes,-8.535584,1
7423,P_NOUN_9_ADJ_b,M,P,les cahiers avec la banane qui étaient là depuis hier ne sont pas très brillants <eos>,14,brillants,brillantes,12,F,S,brillants,-6.7996187,brillantes,-9.020073,1
7424,P_NOUN_9_ADJ_b,M,P,les cahiers avec la banane qui étaient là depuis hier ne sont pas très compliqués <eos>,14,compliqués,compliquées,12,F,S,compliqués,-6.280204,compliquées,-9.389376,1
7425,P_NOUN_9_ADJ_b,M,P,les cahiers avec la robe qui étaient là depuis hier ne sont pas très verts <eos>,14,verts,vertes,12,F,S,verts,-8.623135,vertes,-13.7063265,1
7426,P_NOUN_9_ADJ_b,M,P,les cahiers avec la robe qui étaient là depuis hier ne sont pas très bleus <eos>,14,bleus,bleues,12,F,S,bleus,-9.613152,bleues,-13.8103895,1
7427,P_NOUN_9_ADJ_b,M,P,les cahiers avec la robe qui étaient là depuis hier ne sont pas très noirs <eos>,14,noirs,noires,12,F,S,noirs,-9.402495,noires,-12.794647,1
7428,P_NOUN_9_ADJ_b,M,P,les cahiers avec la robe qui étaient là depuis hier ne sont pas très délicats <eos>,14,délicats,délicates,12,F,S,délicats,-7.9498606,délicates,-11.222863,1
7429,P_NOUN_9_ADJ_b,M,P,les cahiers avec la robe qui étaient là depuis hier ne sont pas très pointus <eos>,14,pointus,pointues,12,F,S,pointus,-10.2379265,pointues,-12.261698,1
7430,P_NOUN_9_ADJ_b,M,P,les cahiers avec la robe qui étaient là depuis hier ne sont pas très ronds <eos>,14,ronds,rondes,12,F,S,ronds,-11.524648,rondes,-14.0306635,1
7431,P_NOUN_9_ADJ_b,M,P,les cahiers avec la robe qui étaient là depuis hier ne sont pas très froids <eos>,14,froids,froides,12,F,S,froids,-8.591305,froides,-8.92389,1
7432,P_NOUN_9_ADJ_b,M,P,les cahiers avec la robe qui étaient là depuis hier ne sont pas très chauds <eos>,14,chauds,chaudes,12,F,S,chauds,-7.1729546,chaudes,-10.910754,1
7433,P_NOUN_9_ADJ_b,M,P,les cahiers avec la robe qui étaient là depuis hier ne sont pas très importants <eos>,14,importants,importantes,12,F,S,importants,-4.9393196,importantes,-7.986229,1
7434,P_NOUN_9_ADJ_b,M,P,les cahiers avec la robe qui étaient là depuis hier ne sont pas très courts <eos>,14,courts,courtes,12,F,S,courts,-5.813557,courtes,-9.1816635,1
7435,P_NOUN_9_ADJ_b,M,P,les cahiers avec la robe qui étaient là depuis hier ne sont pas très durs <eos>,14,durs,dures,12,F,S,durs,-5.906675,dures,-8.295351,1
7436,P_NOUN_9_ADJ_b,M,P,les cahiers avec la robe qui étaient là depuis hier ne sont pas très clairs <eos>,14,clairs,claires,12,F,S,clairs,-3.4315283,claires,-7.416444,1
7437,P_NOUN_9_ADJ_b,M,P,les cahiers avec la robe qui étaient là depuis hier ne sont pas très intéressants <eos>,14,intéressants,intéressantes,12,F,S,intéressants,-5.7204266,intéressantes,-8.885389,1
7438,P_NOUN_9_ADJ_b,M,P,les cahiers avec la robe qui étaient là depuis hier ne sont pas très brillants <eos>,14,brillants,brillantes,12,F,S,brillants,-6.595131,brillantes,-8.946411,1
7439,P_NOUN_9_ADJ_b,M,P,les cahiers avec la robe qui étaient là depuis hier ne sont pas très compliqués <eos>,14,compliqués,compliquées,12,F,S,compliqués,-6.4311037,compliquées,-9.74068,1
7440,P_NOUN_9_ADJ_b,M,P,les cahiers avec la valise qui étaient là depuis hier ne sont pas très verts <eos>,14,verts,vertes,12,F,S,verts,-9.094727,vertes,-13.631893,1
7441,P_NOUN_9_ADJ_b,M,P,les cahiers avec la valise qui étaient là depuis hier ne sont pas très bleus <eos>,14,bleus,bleues,12,F,S,bleus,-9.862905,bleues,-14.320363,1
7442,P_NOUN_9_ADJ_b,M,P,les cahiers avec la valise qui étaient là depuis hier ne sont pas très noirs <eos>,14,noirs,noires,12,F,S,noirs,-10.154705,noires,-13.264696,1
7443,P_NOUN_9_ADJ_b,M,P,les cahiers avec la valise qui étaient là depuis hier ne sont pas très délicats <eos>,14,délicats,délicates,12,F,S,délicats,-8.227806,délicates,-10.741758,1
7444,P_NOUN_9_ADJ_b,M,P,les cahiers avec la valise qui étaient là depuis hier ne sont pas très pointus <eos>,14,pointus,pointues,12,F,S,pointus,-9.773525,pointues,-11.970173,1
7445,P_NOUN_9_ADJ_b,M,P,les cahiers avec la valise qui étaient là depuis hier ne sont pas très ronds <eos>,14,ronds,rondes,12,F,S,ronds,-11.896257,rondes,-14.003767,1
7446,P_NOUN_9_ADJ_b,M,P,les cahiers avec la valise qui étaient là depuis hier ne sont pas très froids <eos>,14,froids,froides,12,F,S,froids,-9.20058,froides,-9.357784,1
7447,P_NOUN_9_ADJ_b,M,P,les cahiers avec la valise qui étaient là depuis hier ne sont pas très chauds <eos>,14,chauds,chaudes,12,F,S,chauds,-7.985075,chaudes,-11.983213,1
7448,P_NOUN_9_ADJ_b,M,P,les cahiers avec la valise qui étaient là depuis hier ne sont pas très importants <eos>,14,importants,importantes,12,F,S,importants,-5.176198,importantes,-8.354702,1
7449,P_NOUN_9_ADJ_b,M,P,les cahiers avec la valise qui étaient là depuis hier ne sont pas très courts <eos>,14,courts,courtes,12,F,S,courts,-6.0517464,courtes,-9.340694,1
7450,P_NOUN_9_ADJ_b,M,P,les cahiers avec la valise qui étaient là depuis hier ne sont pas très durs <eos>,14,durs,dures,12,F,S,durs,-5.500397,dures,-8.97151,1
7451,P_NOUN_9_ADJ_b,M,P,les cahiers avec la valise qui étaient là depuis hier ne sont pas très clairs <eos>,14,clairs,claires,12,F,S,clairs,-4.749628,claires,-8.235261,1
7452,P_NOUN_9_ADJ_b,M,P,les cahiers avec la valise qui étaient là depuis hier ne sont pas très intéressants <eos>,14,intéressants,intéressantes,12,F,S,intéressants,-4.914323,intéressantes,-8.719576,1
7453,P_NOUN_9_ADJ_b,M,P,les cahiers avec la valise qui étaient là depuis hier ne sont pas très brillants <eos>,14,brillants,brillantes,12,F,S,brillants,-6.8347254,brillantes,-10.031031,1
7454,P_NOUN_9_ADJ_b,M,P,les cahiers avec la valise qui étaient là depuis hier ne sont pas très compliqués <eos>,14,compliqués,compliquées,12,F,S,compliqués,-5.9171286,compliquées,-8.861406,1
7455,P_NOUN_9_ADJ_b,M,P,les cahiers avec la pendule qui étaient là depuis hier ne sont pas très verts <eos>,14,verts,vertes,12,F,S,verts,-9.239195,vertes,-14.092487,1
7456,P_NOUN_9_ADJ_b,M,P,les cahiers avec la pendule qui étaient là depuis hier ne sont pas très bleus <eos>,14,bleus,bleues,12,F,S,bleus,-10.812584,bleues,-14.843779,1
7457,P_NOUN_9_ADJ_b,M,P,les cahiers avec la pendule qui étaient là depuis hier ne sont pas très noirs <eos>,14,noirs,noires,12,F,S,noirs,-10.488643,noires,-13.936601,1
7458,P_NOUN_9_ADJ_b,M,P,les cahiers avec la pendule qui étaient là depuis hier ne sont pas très délicats <eos>,14,délicats,délicates,12,F,S,délicats,-7.8043475,délicates,-11.455313,1
7459,P_NOUN_9_ADJ_b,M,P,les cahiers avec la pendule qui étaient là depuis hier ne sont pas très pointus <eos>,14,pointus,pointues,12,F,S,pointus,-9.944923,pointues,-11.914797,1
7460,P_NOUN_9_ADJ_b,M,P,les cahiers avec la pendule qui étaient là depuis hier ne sont pas très ronds <eos>,14,ronds,rondes,12,F,S,ronds,-11.92696,rondes,-14.287106,1
7461,P_NOUN_9_ADJ_b,M,P,les cahiers avec la pendule qui étaient là depuis hier ne sont pas très froids <eos>,14,froids,froides,12,F,S,froids,-8.991671,froides,-9.544428,1
7462,P_NOUN_9_ADJ_b,M,P,les cahiers avec la pendule qui étaient là depuis hier ne sont pas très chauds <eos>,14,chauds,chaudes,12,F,S,chauds,-7.8575983,chaudes,-11.563041,1
7463,P_NOUN_9_ADJ_b,M,P,les cahiers avec la pendule qui étaient là depuis hier ne sont pas très importants <eos>,14,importants,importantes,12,F,S,importants,-4.8520956,importantes,-8.090397,1
7464,P_NOUN_9_ADJ_b,M,P,les cahiers avec la pendule qui étaient là depuis hier ne sont pas très courts <eos>,14,courts,courtes,12,F,S,courts,-5.7385387,courtes,-9.357088,1
7465,P_NOUN_9_ADJ_b,M,P,les cahiers avec la pendule qui étaient là depuis hier ne sont pas très durs <eos>,14,durs,dures,12,F,S,durs,-5.530133,dures,-8.782204,1
7466,P_NOUN_9_ADJ_b,M,P,les cahiers avec la pendule qui étaient là depuis hier ne sont pas très clairs <eos>,14,clairs,claires,12,F,S,clairs,-4.730179,claires,-7.960121,1
7467,P_NOUN_9_ADJ_b,M,P,les cahiers avec la pendule qui étaient là depuis hier ne sont pas très intéressants <eos>,14,intéressants,intéressantes,12,F,S,intéressants,-5.189125,intéressantes,-8.433892,1
7468,P_NOUN_9_ADJ_b,M,P,les cahiers avec la pendule qui étaient là depuis hier ne sont pas très brillants <eos>,14,brillants,brillantes,12,F,S,brillants,-6.5807533,brillantes,-9.215281,1
7469,P_NOUN_9_ADJ_b,M,P,les cahiers avec la pendule qui étaient là depuis hier ne sont pas très compliqués <eos>,14,compliqués,compliquées,12,F,S,compliqués,-5.957222,compliquées,-8.954645,1
7470,P_NOUN_9_ADJ_b,M,P,les cahiers avec la cloche qui étaient là depuis hier ne sont pas très verts <eos>,14,verts,vertes,12,F,S,verts,-9.271564,vertes,-14.210324,1
7471,P_NOUN_9_ADJ_b,M,P,les cahiers avec la cloche qui étaient là depuis hier ne sont pas très bleus <eos>,14,bleus,bleues,12,F,S,bleus,-10.681436,bleues,-15.026332,1
7472,P_NOUN_9_ADJ_b,M,P,les cahiers avec la cloche qui étaient là depuis hier ne sont pas très noirs <eos>,14,noirs,noires,12,F,S,noirs,-10.420208,noires,-13.981907,1
7473,P_NOUN_9_ADJ_b,M,P,les cahiers avec la cloche qui étaient là depuis hier ne sont pas très délicats <eos>,14,délicats,délicates,12,F,S,délicats,-7.659816,délicates,-11.255562,1
7474,P_NOUN_9_ADJ_b,M,P,les cahiers avec la cloche qui étaient là depuis hier ne sont pas très pointus <eos>,14,pointus,pointues,12,F,S,pointus,-9.9033375,pointues,-12.081911,1
7475,P_NOUN_9_ADJ_b,M,P,les cahiers avec la cloche qui étaient là depuis hier ne sont pas très ronds <eos>,14,ronds,rondes,12,F,S,ronds,-11.533551,rondes,-13.933931,1
7476,P_NOUN_9_ADJ_b,M,P,les cahiers avec la cloche qui étaient là depuis hier ne sont pas très froids <eos>,14,froids,froides,12,F,S,froids,-9.316099,froides,-10.2005825,1
7477,P_NOUN_9_ADJ_b,M,P,les cahiers avec la cloche qui étaient là depuis hier ne sont pas très chauds <eos>,14,chauds,chaudes,12,F,S,chauds,-8.169356,chaudes,-11.692994,1
7478,P_NOUN_9_ADJ_b,M,P,les cahiers avec la cloche qui étaient là depuis hier ne sont pas très importants <eos>,14,importants,importantes,12,F,S,importants,-4.472988,importantes,-7.933343,1
7479,P_NOUN_9_ADJ_b,M,P,les cahiers avec la cloche qui étaient là depuis hier ne sont pas très courts <eos>,14,courts,courtes,12,F,S,courts,-5.657214,courtes,-9.315717,1
7480,P_NOUN_9_ADJ_b,M,P,les cahiers avec la cloche qui étaient là depuis hier ne sont pas très durs <eos>,14,durs,dures,12,F,S,durs,-5.8660164,dures,-8.97315,1
7481,P_NOUN_9_ADJ_b,M,P,les cahiers avec la cloche qui étaient là depuis hier ne sont pas très clairs <eos>,14,clairs,claires,12,F,S,clairs,-4.4344726,claires,-8.093777,1
7482,P_NOUN_9_ADJ_b,M,P,les cahiers avec la cloche qui étaient là depuis hier ne sont pas très intéressants <eos>,14,intéressants,intéressantes,12,F,S,intéressants,-4.9424515,intéressantes,-8.493957,1
7483,P_NOUN_9_ADJ_b,M,P,les cahiers avec la cloche qui étaient là depuis hier ne sont pas très brillants <eos>,14,brillants,brillantes,12,F,S,brillants,-6.779421,brillantes,-9.689034,1
7484,P_NOUN_9_ADJ_b,M,P,les cahiers avec la cloche qui étaient là depuis hier ne sont pas très compliqués <eos>,14,compliqués,compliquées,12,F,S,compliqués,-6.1949797,compliquées,-9.18642,1
7485,P_NOUN_9_ADJ_b,M,P,les cahiers avec la cerise qui étaient là depuis hier ne sont pas très verts <eos>,14,verts,vertes,12,F,S,verts,-8.8371935,vertes,-13.739076,1
7486,P_NOUN_9_ADJ_b,M,P,les cahiers avec la cerise qui étaient là depuis hier ne sont pas très bleus <eos>,14,bleus,bleues,12,F,S,bleus,-10.582929,bleues,-14.891456,1
7487,P_NOUN_9_ADJ_b,M,P,les cahiers avec la cerise qui étaient là depuis hier ne sont pas très noirs <eos>,14,noirs,noires,12,F,S,noirs,-10.264601,noires,-13.896481,1
7488,P_NOUN_9_ADJ_b,M,P,les cahiers avec la cerise qui étaient là depuis hier ne sont pas très délicats <eos>,14,délicats,délicates,12,F,S,délicats,-6.8796782,délicates,-10.500765,1
7489,P_NOUN_9_ADJ_b,M,P,les cahiers avec la cerise qui étaient là depuis hier ne sont pas très pointus <eos>,14,pointus,pointues,12,F,S,pointus,-10.46505,pointues,-12.508693,1
7490,P_NOUN_9_ADJ_b,M,P,les cahiers avec la cerise qui étaient là depuis hier ne sont pas très ronds <eos>,14,ronds,rondes,12,F,S,ronds,-10.968649,rondes,-14.283938,1
7491,P_NOUN_9_ADJ_b,M,P,les cahiers avec la cerise qui étaient là depuis hier ne sont pas très froids <eos>,14,froids,froides,12,F,S,froids,-7.9306684,froides,-8.780802,1
7492,P_NOUN_9_ADJ_b,M,P,les cahiers avec la cerise qui étaient là depuis hier ne sont pas très chauds <eos>,14,chauds,chaudes,12,F,S,chauds,-7.4040823,chaudes,-10.60884,1
7493,P_NOUN_9_ADJ_b,M,P,les cahiers avec la cerise qui étaient là depuis hier ne sont pas très importants <eos>,14,importants,importantes,12,F,S,importants,-4.7255254,importantes,-7.912873,1
7494,P_NOUN_9_ADJ_b,M,P,les cahiers avec la cerise qui étaient là depuis hier ne sont pas très courts <eos>,14,courts,courtes,12,F,S,courts,-6.3279595,courtes,-10.132973,1
7495,P_NOUN_9_ADJ_b,M,P,les cahiers avec la cerise qui étaient là depuis hier ne sont pas très durs <eos>,14,durs,dures,12,F,S,durs,-5.6147594,dures,-8.2801695,1
7496,P_NOUN_9_ADJ_b,M,P,les cahiers avec la cerise qui étaient là depuis hier ne sont pas très clairs <eos>,14,clairs,claires,12,F,S,clairs,-4.781192,claires,-7.766243,1
7497,P_NOUN_9_ADJ_b,M,P,les cahiers avec la cerise qui étaient là depuis hier ne sont pas très intéressants <eos>,14,intéressants,intéressantes,12,F,S,intéressants,-5.4351296,intéressantes,-8.327368,1
7498,P_NOUN_9_ADJ_b,M,P,les cahiers avec la cerise qui étaient là depuis hier ne sont pas très brillants <eos>,14,brillants,brillantes,12,F,S,brillants,-6.510336,brillantes,-9.2561865,1
7499,P_NOUN_9_ADJ_b,M,P,les cahiers avec la cerise qui étaient là depuis hier ne sont pas très compliqués <eos>,14,compliqués,compliquées,12,F,S,compliqués,-6.393361,compliquées,-9.641499,1
7500,P_NOUN_9_ADJ_b,M,P,les micros avec la gemme qui étaient là depuis hier ne sont pas très verts <eos>,14,verts,vertes,12,F,S,verts,-7.879587,vertes,-13.649273,1
7501,P_NOUN_9_ADJ_b,M,P,les micros avec la gemme qui étaient là depuis hier ne sont pas très bleus <eos>,14,bleus,bleues,12,F,S,bleus,-9.637541,bleues,-14.121693,1
7502,P_NOUN_9_ADJ_b,M,P,les micros avec la gemme qui étaient là depuis hier ne sont pas très noirs <eos>,14,noirs,noires,12,F,S,noirs,-9.714864,noires,-12.76675,1
7503,P_NOUN_9_ADJ_b,M,P,les micros avec la gemme qui étaient là depuis hier ne sont pas très délicats <eos>,14,délicats,délicates,12,F,S,délicats,-7.035814,délicates,-10.612558,1
7504,P_NOUN_9_ADJ_b,M,P,les micros avec la gemme qui étaient là depuis hier ne sont pas très pointus <eos>,14,pointus,pointues,12,F,S,pointus,-10.338267,pointues,-12.32082,1
7505,P_NOUN_9_ADJ_b,M,P,les micros avec la gemme qui étaient là depuis hier ne sont pas très ronds <eos>,14,ronds,rondes,12,F,S,ronds,-10.419043,rondes,-13.45733,1
7506,P_NOUN_9_ADJ_b,M,P,les micros avec la gemme qui étaient là depuis hier ne sont pas très froids <eos>,14,froids,froides,12,F,S,froids,-8.0168,froides,-8.595503,1
7507,P_NOUN_9_ADJ_b,M,P,les micros avec la gemme qui étaient là depuis hier ne sont pas très chauds <eos>,14,chauds,chaudes,12,F,S,chauds,-7.277437,chaudes,-10.083852,1
7508,P_NOUN_9_ADJ_b,M,P,les micros avec la gemme qui étaient là depuis hier ne sont pas très importants <eos>,14,importants,importantes,12,F,S,importants,-5.385127,importantes,-8.6925745,1
7509,P_NOUN_9_ADJ_b,M,P,les micros avec la gemme qui étaient là depuis hier ne sont pas très courts <eos>,14,courts,courtes,12,F,S,courts,-5.470553,courtes,-9.5727825,1
7510,P_NOUN_9_ADJ_b,M,P,les micros avec la gemme qui étaient là depuis hier ne sont pas très durs <eos>,14,durs,dures,12,F,S,durs,-4.9008555,dures,-7.5809913,1
7511,P_NOUN_9_ADJ_b,M,P,les micros avec la gemme qui étaient là depuis hier ne sont pas très clairs <eos>,14,clairs,claires,12,F,S,clairs,-3.825104,claires,-6.7634306,1
7512,P_NOUN_9_ADJ_b,M,P,les micros avec la gemme qui étaient là depuis hier ne sont pas très intéressants <eos>,14,intéressants,intéressantes,12,F,S,intéressants,-5.739156,intéressantes,-9.398877,1
7513,P_NOUN_9_ADJ_b,M,P,les micros avec la gemme qui étaient là depuis hier ne sont pas très brillants <eos>,14,brillants,brillantes,12,F,S,brillants,-6.620391,brillantes,-9.719198,1
7514,P_NOUN_9_ADJ_b,M,P,les micros avec la gemme qui étaient là depuis hier ne sont pas très compliqués <eos>,14,compliqués,compliquées,12,F,S,compliqués,-5.263578,compliquées,-8.859098,1
7515,P_NOUN_9_ADJ_b,M,P,les micros avec la chaise qui étaient là depuis hier ne sont pas très verts <eos>,14,verts,vertes,12,F,S,verts,-8.182558,vertes,-14.008909,1
7516,P_NOUN_9_ADJ_b,M,P,les micros avec la chaise qui étaient là depuis hier ne sont pas très bleus <eos>,14,bleus,bleues,12,F,S,bleus,-10.178802,bleues,-14.398986,1
7517,P_NOUN_9_ADJ_b,M,P,les micros avec la chaise qui étaient là depuis hier ne sont pas très noirs <eos>,14,noirs,noires,12,F,S,noirs,-9.912625,noires,-12.852383,1
7518,P_NOUN_9_ADJ_b,M,P,les micros avec la chaise qui étaient là depuis hier ne sont pas très délicats <eos>,14,délicats,délicates,12,F,S,délicats,-7.6236563,délicates,-11.052238,1
7519,P_NOUN_9_ADJ_b,M,P,les micros avec la chaise qui étaient là depuis hier ne sont pas très pointus <eos>,14,pointus,pointues,12,F,S,pointus,-10.336874,pointues,-12.1265545,1
7520,P_NOUN_9_ADJ_b,M,P,les micros avec la chaise qui étaient là depuis hier ne sont pas très ronds <eos>,14,ronds,rondes,12,F,S,ronds,-10.281492,rondes,-12.898462,1
7521,P_NOUN_9_ADJ_b,M,P,les micros avec la chaise qui étaient là depuis hier ne sont pas très froids <eos>,14,froids,froides,12,F,S,froids,-8.9387245,froides,-9.115626,1
7522,P_NOUN_9_ADJ_b,M,P,les micros avec la chaise qui étaient là depuis hier ne sont pas très chauds <eos>,14,chauds,chaudes,12,F,S,chauds,-7.8305225,chaudes,-11.034297,1
7523,P_NOUN_9_ADJ_b,M,P,les micros avec la chaise qui étaient là depuis hier ne sont pas très importants <eos>,14,importants,importantes,12,F,S,importants,-5.76377,importantes,-9.269078,1
7524,P_NOUN_9_ADJ_b,M,P,les micros avec la chaise qui étaient là depuis hier ne sont pas très courts <eos>,14,courts,courtes,12,F,S,courts,-5.641943,courtes,-9.264798,1
7525,P_NOUN_9_ADJ_b,M,P,les micros avec la chaise qui étaient là depuis hier ne sont pas très durs <eos>,14,durs,dures,12,F,S,durs,-4.927347,dures,-8.002374,1
7526,P_NOUN_9_ADJ_b,M,P,les micros avec la chaise qui étaient là depuis hier ne sont pas très clairs <eos>,14,clairs,claires,12,F,S,clairs,-4.1448836,claires,-6.9251237,1
7527,P_NOUN_9_ADJ_b,M,P,les micros avec la chaise qui étaient là depuis hier ne sont pas très intéressants <eos>,14,intéressants,intéressantes,12,F,S,intéressants,-6.0467806,intéressantes,-9.968245,1
7528,P_NOUN_9_ADJ_b,M,P,les micros avec la chaise qui étaient là depuis hier ne sont pas très brillants <eos>,14,brillants,brillantes,12,F,S,brillants,-7.3372784,brillantes,-10.287365,1
7529,P_NOUN_9_ADJ_b,M,P,les micros avec la chaise qui étaient là depuis hier ne sont pas très compliqués <eos>,14,compliqués,compliquées,12,F,S,compliqués,-5.1879644,compliquées,-8.649129,1
7530,P_NOUN_9_ADJ_b,M,P,les micros avec la poubelle qui étaient là depuis hier ne sont pas très verts <eos>,14,verts,vertes,12,F,S,verts,-8.081587,vertes,-13.572586,1
7531,P_NOUN_9_ADJ_b,M,P,les micros avec la poubelle qui étaient là depuis hier ne sont pas très bleus <eos>,14,bleus,bleues,12,F,S,bleus,-9.786871,bleues,-14.1534,1
7532,P_NOUN_9_ADJ_b,M,P,les micros avec la poubelle qui étaient là depuis hier ne sont pas très noirs <eos>,14,noirs,noires,12,F,S,noirs,-9.961397,noires,-12.860327,1
7533,P_NOUN_9_ADJ_b,M,P,les micros avec la poubelle qui étaient là depuis hier ne sont pas très délicats <eos>,14,délicats,délicates,12,F,S,délicats,-7.3767676,délicates,-10.898245,1
7534,P_NOUN_9_ADJ_b,M,P,les micros avec la poubelle qui étaient là depuis hier ne sont pas très pointus <eos>,14,pointus,pointues,12,F,S,pointus,-10.129557,pointues,-12.042887,1
7535,P_NOUN_9_ADJ_b,M,P,les micros avec la poubelle qui étaient là depuis hier ne sont pas très ronds <eos>,14,ronds,rondes,12,F,S,ronds,-10.589036,rondes,-13.343628,1
7536,P_NOUN_9_ADJ_b,M,P,les micros avec la poubelle qui étaient là depuis hier ne sont pas très froids <eos>,14,froids,froides,12,F,S,froids,-8.437226,froides,-8.525931,1
7537,P_NOUN_9_ADJ_b,M,P,les micros avec la poubelle qui étaient là depuis hier ne sont pas très chauds <eos>,14,chauds,chaudes,12,F,S,chauds,-7.24858,chaudes,-10.546413,1
7538,P_NOUN_9_ADJ_b,M,P,les micros avec la poubelle qui étaient là depuis hier ne sont pas très importants <eos>,14,importants,importantes,12,F,S,importants,-5.730684,importantes,-9.211563,1
7539,P_NOUN_9_ADJ_b,M,P,les micros avec la poubelle qui étaient là depuis hier ne sont pas très courts <eos>,14,courts,courtes,12,F,S,courts,-5.8203936,courtes,-9.540891,1
7540,P_NOUN_9_ADJ_b,M,P,les micros avec la poubelle qui étaient là depuis hier ne sont pas très durs <eos>,14,durs,dures,12,F,S,durs,-5.010117,dures,-8.178797,1
7541,P_NOUN_9_ADJ_b,M,P,les micros avec la poubelle qui étaient là depuis hier ne sont pas très clairs <eos>,14,clairs,claires,12,F,S,clairs,-4.402999,claires,-7.26159,1
7542,P_NOUN_9_ADJ_b,M,P,les micros avec la poubelle qui étaient là depuis hier ne sont pas très intéressants <eos>,14,intéressants,intéressantes,12,F,S,intéressants,-5.7872305,intéressantes,-9.59983,1
7543,P_NOUN_9_ADJ_b,M,P,les micros avec la poubelle qui étaient là depuis hier ne sont pas très brillants <eos>,14,brillants,brillantes,12,F,S,brillants,-7.1858006,brillantes,-10.344761,1
7544,P_NOUN_9_ADJ_b,M,P,les micros avec la poubelle qui étaient là depuis hier ne sont pas très compliqués <eos>,14,compliqués,compliquées,12,F,S,compliqués,-5.1937246,compliquées,-8.8360195,1
7545,P_NOUN_9_ADJ_b,M,P,les micros avec la chemise qui étaient là depuis hier ne sont pas très verts <eos>,14,verts,vertes,12,F,S,verts,-7.927557,vertes,-13.77121,1
7546,P_NOUN_9_ADJ_b,M,P,les micros avec la chemise qui étaient là depuis hier ne sont pas très bleus <eos>,14,bleus,bleues,12,F,S,bleus,-9.638887,bleues,-14.079958,1
7547,P_NOUN_9_ADJ_b,M,P,les micros avec la chemise qui étaient là depuis hier ne sont pas très noirs <eos>,14,noirs,noires,12,F,S,noirs,-9.577089,noires,-12.569283,1
7548,P_NOUN_9_ADJ_b,M,P,les micros avec la chemise qui étaient là depuis hier ne sont pas très délicats <eos>,14,délicats,délicates,12,F,S,délicats,-7.699982,délicates,-11.120865,1
7549,P_NOUN_9_ADJ_b,M,P,les micros avec la chemise qui étaient là depuis hier ne sont pas très pointus <eos>,14,pointus,pointues,12,F,S,pointus,-10.158492,pointues,-12.20698,1
7550,P_NOUN_9_ADJ_b,M,P,les micros avec la chemise qui étaient là depuis hier ne sont pas très ronds <eos>,14,ronds,rondes,12,F,S,ronds,-10.508449,rondes,-12.852984,1
7551,P_NOUN_9_ADJ_b,M,P,les micros avec la chemise qui étaient là depuis hier ne sont pas très froids <eos>,14,froids,froides,12,F,S,froids,-8.903173,froides,-9.001244,1
7552,P_NOUN_9_ADJ_b,M,P,les micros avec la chemise qui étaient là depuis hier ne sont pas très chauds <eos>,14,chauds,chaudes,12,F,S,chauds,-7.4969254,chaudes,-11.122654,1
7553,P_NOUN_9_ADJ_b,M,P,les micros avec la chemise qui étaient là depuis hier ne sont pas très importants <eos>,14,importants,importantes,12,F,S,importants,-5.768031,importantes,-9.175766,1
7554,P_NOUN_9_ADJ_b,M,P,les micros avec la chemise qui étaient là depuis hier ne sont pas très courts <eos>,14,courts,courtes,12,F,S,courts,-5.5618324,courtes,-9.150064,1
7555,P_NOUN_9_ADJ_b,M,P,les micros avec la chemise qui étaient là depuis hier ne sont pas très durs <eos>,14,durs,dures,12,F,S,durs,-5.12137,dures,-8.101303,1
7556,P_NOUN_9_ADJ_b,M,P,les micros avec la chemise qui étaient là depuis hier ne sont pas très clairs <eos>,14,clairs,claires,12,F,S,clairs,-4.0103083,claires,-7.21758,1
7557,P_NOUN_9_ADJ_b,M,P,les micros avec la chemise qui étaient là depuis hier ne sont pas très intéressants <eos>,14,intéressants,intéressantes,12,F,S,intéressants,-6.05692,intéressantes,-10.060864,1
7558,P_NOUN_9_ADJ_b,M,P,les micros avec la chemise qui étaient là depuis hier ne sont pas très brillants <eos>,14,brillants,brillantes,12,F,S,brillants,-7.378257,brillantes,-10.645581,1
7559,P_NOUN_9_ADJ_b,M,P,les micros avec la chemise qui étaient là depuis hier ne sont pas très compliqués <eos>,14,compliqués,compliquées,12,F,S,compliqués,-5.5640593,compliquées,-9.024407,1
7560,P_NOUN_9_ADJ_b,M,P,les micros avec la recette qui étaient là depuis hier ne sont pas très verts <eos>,14,verts,vertes,12,F,S,verts,-8.592086,vertes,-14.078175,1
7561,P_NOUN_9_ADJ_b,M,P,les micros avec la recette qui étaient là depuis hier ne sont pas très bleus <eos>,14,bleus,bleues,12,F,S,bleus,-10.677994,bleues,-15.024603,1
7562,P_NOUN_9_ADJ_b,M,P,les micros avec la recette qui étaient là depuis hier ne sont pas très noirs <eos>,14,noirs,noires,12,F,S,noirs,-10.603622,noires,-13.612642,1
7563,P_NOUN_9_ADJ_b,M,P,les micros avec la recette qui étaient là depuis hier ne sont pas très délicats <eos>,14,délicats,délicates,12,F,S,délicats,-7.040903,délicates,-10.653216,1
7564,P_NOUN_9_ADJ_b,M,P,les micros avec la recette qui étaient là depuis hier ne sont pas très pointus <eos>,14,pointus,pointues,12,F,S,pointus,-11.271098,pointues,-12.875554,1
7565,P_NOUN_9_ADJ_b,M,P,les micros avec la recette qui étaient là depuis hier ne sont pas très ronds <eos>,14,ronds,rondes,12,F,S,ronds,-10.960964,rondes,-13.719236,1
7566,P_NOUN_9_ADJ_b,M,P,les micros avec la recette qui étaient là depuis hier ne sont pas très froids <eos>,14,froids,froides,12,F,S,froids,-8.45265,froides,-8.632536,1
7567,P_NOUN_9_ADJ_b,M,P,les micros avec la recette qui étaient là depuis hier ne sont pas très chauds <eos>,14,chauds,chaudes,12,F,S,chauds,-7.5452013,chaudes,-10.38105,1
7568,P_NOUN_9_ADJ_b,M,P,les micros avec la recette qui étaient là depuis hier ne sont pas très importants <eos>,14,importants,importantes,12,F,S,importants,-5.31006,importantes,-8.268284,1
7569,P_NOUN_9_ADJ_b,M,P,les micros avec la recette qui étaient là depuis hier ne sont pas très courts <eos>,14,courts,courtes,12,F,S,courts,-6.2494946,courtes,-9.440991,1
7570,P_NOUN_9_ADJ_b,M,P,les micros avec la recette qui étaient là depuis hier ne sont pas très durs <eos>,14,durs,dures,12,F,S,durs,-5.095783,dures,-7.8162804,1
7571,P_NOUN_9_ADJ_b,M,P,les micros avec la recette qui étaient là depuis hier ne sont pas très clairs <eos>,14,clairs,claires,12,F,S,clairs,-4.780115,claires,-6.9692945,1
7572,P_NOUN_9_ADJ_b,M,P,les micros avec la recette qui étaient là depuis hier ne sont pas très intéressants <eos>,14,intéressants,intéressantes,12,F,S,intéressants,-5.9596972,intéressantes,-9.060318,1
7573,P_NOUN_9_ADJ_b,M,P,les micros avec la recette qui étaient là depuis hier ne sont pas très brillants <eos>,14,brillants,brillantes,12,F,S,brillants,-7.565524,brillantes,-10.156782,1
7574,P_NOUN_9_ADJ_b,M,P,les micros avec la recette qui étaient là depuis hier ne sont pas très compliqués <eos>,14,compliqués,compliquées,12,F,S,compliqués,-5.5230002,compliquées,-8.867987,1
7575,P_NOUN_9_ADJ_b,M,P,les micros avec la jupe qui étaient là depuis hier ne sont pas très verts <eos>,14,verts,vertes,12,F,S,verts,-8.137519,vertes,-13.469701,1
7576,P_NOUN_9_ADJ_b,M,P,les micros avec la jupe qui étaient là depuis hier ne sont pas très bleus <eos>,14,bleus,bleues,12,F,S,bleus,-9.908924,bleues,-14.049988,1
7577,P_NOUN_9_ADJ_b,M,P,les micros avec la jupe qui étaient là depuis hier ne sont pas très noirs <eos>,14,noirs,noires,12,F,S,noirs,-9.848896,noires,-12.614547,1
7578,P_NOUN_9_ADJ_b,M,P,les micros avec la jupe qui étaient là depuis hier ne sont pas très délicats <eos>,14,délicats,délicates,12,F,S,délicats,-7.3925314,délicates,-10.788498,1
7579,P_NOUN_9_ADJ_b,M,P,les micros avec la jupe qui étaient là depuis hier ne sont pas très pointus <eos>,14,pointus,pointues,12,F,S,pointus,-10.098039,pointues,-12.234815,1
7580,P_NOUN_9_ADJ_b,M,P,les micros avec la jupe qui étaient là depuis hier ne sont pas très ronds <eos>,14,ronds,rondes,12,F,S,ronds,-10.092962,rondes,-13.10646,1
7581,P_NOUN_9_ADJ_b,M,P,les micros avec la jupe qui étaient là depuis hier ne sont pas très froids <eos>,14,froids,froides,12,F,S,froids,-8.980211,froides,-8.861818,0
7582,P_NOUN_9_ADJ_b,M,P,les micros avec la jupe qui étaient là depuis hier ne sont pas très chauds <eos>,14,chauds,chaudes,12,F,S,chauds,-7.5980196,chaudes,-10.698032,1
7583,P_NOUN_9_ADJ_b,M,P,les micros avec la jupe qui étaient là depuis hier ne sont pas très importants <eos>,14,importants,importantes,12,F,S,importants,-5.6927304,importantes,-8.9191475,1
7584,P_NOUN_9_ADJ_b,M,P,les micros avec la jupe qui étaient là depuis hier ne sont pas très courts <eos>,14,courts,courtes,12,F,S,courts,-5.7331047,courtes,-9.271317,1
7585,P_NOUN_9_ADJ_b,M,P,les micros avec la jupe qui étaient là depuis hier ne sont pas très durs <eos>,14,durs,dures,12,F,S,durs,-5.203554,dures,-8.23812,1
7586,P_NOUN_9_ADJ_b,M,P,les micros avec la jupe qui étaient là depuis hier ne sont pas très clairs <eos>,14,clairs,claires,12,F,S,clairs,-4.0090613,claires,-6.9211974,1
7587,P_NOUN_9_ADJ_b,M,P,les micros avec la jupe qui étaient là depuis hier ne sont pas très intéressants <eos>,14,intéressants,intéressantes,12,F,S,intéressants,-6.12197,intéressantes,-9.726886,1
7588,P_NOUN_9_ADJ_b,M,P,les micros avec la jupe qui étaient là depuis hier ne sont pas très brillants <eos>,14,brillants,brillantes,12,F,S,brillants,-7.382245,brillantes,-10.483343,1
7589,P_NOUN_9_ADJ_b,M,P,les micros avec la jupe qui étaient là depuis hier ne sont pas très compliqués <eos>,14,compliqués,compliquées,12,F,S,compliqués,-5.3663807,compliquées,-8.844813,1
7590,P_NOUN_9_ADJ_b,M,P,les micros avec la colle qui étaient là depuis hier ne sont pas très verts <eos>,14,verts,vertes,12,F,S,verts,-8.176119,vertes,-13.54421,1
7591,P_NOUN_9_ADJ_b,M,P,les micros avec la colle qui étaient là depuis hier ne sont pas très bleus <eos>,14,bleus,bleues,12,F,S,bleus,-10.142323,bleues,-14.46995,1
7592,P_NOUN_9_ADJ_b,M,P,les micros avec la colle qui étaient là depuis hier ne sont pas très noirs <eos>,14,noirs,noires,12,F,S,noirs,-10.100494,noires,-12.862692,1
7593,P_NOUN_9_ADJ_b,M,P,les micros avec la colle qui étaient là depuis hier ne sont pas très délicats <eos>,14,délicats,délicates,12,F,S,délicats,-7.0287523,délicates,-11.07544,1
7594,P_NOUN_9_ADJ_b,M,P,les micros avec la colle qui étaient là depuis hier ne sont pas très pointus <eos>,14,pointus,pointues,12,F,S,pointus,-10.424955,pointues,-12.345391,1
7595,P_NOUN_9_ADJ_b,M,P,les micros avec la colle qui étaient là depuis hier ne sont pas très ronds <eos>,14,ronds,rondes,12,F,S,ronds,-10.395421,rondes,-13.457954,1
7596,P_NOUN_9_ADJ_b,M,P,les micros avec la colle qui étaient là depuis hier ne sont pas très froids <eos>,14,froids,froides,12,F,S,froids,-8.455364,froides,-8.43584,0
7597,P_NOUN_9_ADJ_b,M,P,les micros avec la colle qui étaient là depuis hier ne sont pas très chauds <eos>,14,chauds,chaudes,12,F,S,chauds,-7.1036158,chaudes,-10.017917,1
7598,P_NOUN_9_ADJ_b,M,P,les micros avec la colle qui étaient là depuis hier ne sont pas très importants <eos>,14,importants,importantes,12,F,S,importants,-5.63564,importantes,-8.690984,1
7599,P_NOUN_9_ADJ_b,M,P,les micros avec la colle qui étaient là depuis hier ne sont pas très courts <eos>,14,courts,courtes,12,F,S,courts,-5.960902,courtes,-9.778906,1
7600,P_NOUN_9_ADJ_b,M,P,les micros avec la colle qui étaient là depuis hier ne sont pas très durs <eos>,14,durs,dures,12,F,S,durs,-4.9896946,dures,-7.804927,1
7601,P_NOUN_9_ADJ_b,M,P,les micros avec la colle qui étaient là depuis hier ne sont pas très clairs <eos>,14,clairs,claires,12,F,S,clairs,-4.6168604,claires,-6.7747517,1
7602,P_NOUN_9_ADJ_b,M,P,les micros avec la colle qui étaient là depuis hier ne sont pas très intéressants <eos>,14,intéressants,intéressantes,12,F,S,intéressants,-6.1092525,intéressantes,-9.309431,1
7603,P_NOUN_9_ADJ_b,M,P,les micros avec la colle qui étaient là depuis hier ne sont pas très brillants <eos>,14,brillants,brillantes,12,F,S,brillants,-7.0799136,brillantes,-10.320082,1
7604,P_NOUN_9_ADJ_b,M,P,les micros avec la colle qui étaient là depuis hier ne sont pas très compliqués <eos>,14,compliqués,compliquées,12,F,S,compliqués,-5.4998207,compliquées,-9.309652,1
7605,P_NOUN_9_ADJ_b,M,P,les micros avec la lampe qui étaient là depuis hier ne sont pas très verts <eos>,14,verts,vertes,12,F,S,verts,-8.188099,vertes,-13.282631,1
7606,P_NOUN_9_ADJ_b,M,P,les micros avec la lampe qui étaient là depuis hier ne sont pas très bleus <eos>,14,bleus,bleues,12,F,S,bleus,-10.182873,bleues,-13.996525,1
7607,P_NOUN_9_ADJ_b,M,P,les micros avec la lampe qui étaient là depuis hier ne sont pas très noirs <eos>,14,noirs,noires,12,F,S,noirs,-10.191846,noires,-12.791553,1
7608,P_NOUN_9_ADJ_b,M,P,les micros avec la lampe qui étaient là depuis hier ne sont pas très délicats <eos>,14,délicats,délicates,12,F,S,délicats,-7.25177,délicates,-10.775548,1
7609,P_NOUN_9_ADJ_b,M,P,les micros avec la lampe qui étaient là depuis hier ne sont pas très pointus <eos>,14,pointus,pointues,12,F,S,pointus,-10.2734995,pointues,-11.941668,1
7610,P_NOUN_9_ADJ_b,M,P,les micros avec la lampe qui étaient là depuis hier ne sont pas très ronds <eos>,14,ronds,rondes,12,F,S,ronds,-10.365937,rondes,-13.612436,1
7611,P_NOUN_9_ADJ_b,M,P,les micros avec la lampe qui étaient là depuis hier ne sont pas très froids <eos>,14,froids,froides,12,F,S,froids,-8.50632,froides,-8.397453,0
7612,P_NOUN_9_ADJ_b,M,P,les micros avec la lampe qui étaient là depuis hier ne sont pas très chauds <eos>,14,chauds,chaudes,12,F,S,chauds,-7.001891,chaudes,-10.183996,1
7613,P_NOUN_9_ADJ_b,M,P,les micros avec la lampe qui étaient là depuis hier ne sont pas très importants <eos>,14,importants,importantes,12,F,S,importants,-5.632675,importantes,-8.721258,1
7614,P_NOUN_9_ADJ_b,M,P,les micros avec la lampe qui étaient là depuis hier ne sont pas très courts <eos>,14,courts,courtes,12,F,S,courts,-6.0387735,courtes,-9.323302,1
7615,P_NOUN_9_ADJ_b,M,P,les micros avec la lampe qui étaient là depuis hier ne sont pas très durs <eos>,14,durs,dures,12,F,S,durs,-4.8011627,dures,-8.135884,1
7616,P_NOUN_9_ADJ_b,M,P,les micros avec la lampe qui étaient là depuis hier ne sont pas très clairs <eos>,14,clairs,claires,12,F,S,clairs,-4.3214173,claires,-7.023606,1
7617,P_NOUN_9_ADJ_b,M,P,les micros avec la lampe qui étaient là depuis hier ne sont pas très intéressants <eos>,14,intéressants,intéressantes,12,F,S,intéressants,-5.726715,intéressantes,-9.034887,1
7618,P_NOUN_9_ADJ_b,M,P,les micros avec la lampe qui étaient là depuis hier ne sont pas très brillants <eos>,14,brillants,brillantes,12,F,S,brillants,-6.8507533,brillantes,-9.748585,1
7619,P_NOUN_9_ADJ_b,M,P,les micros avec la lampe qui étaient là depuis hier ne sont pas très compliqués <eos>,14,compliqués,compliquées,12,F,S,compliqués,-5.0357447,compliquées,-8.803594,1
7620,P_NOUN_9_ADJ_b,M,P,les micros avec la bouteille qui étaient là depuis hier ne sont pas très verts <eos>,14,verts,vertes,12,F,S,verts,-8.085326,vertes,-13.802203,1
7621,P_NOUN_9_ADJ_b,M,P,les micros avec la bouteille qui étaient là depuis hier ne sont pas très bleus <eos>,14,bleus,bleues,12,F,S,bleus,-9.93594,bleues,-14.437326,1
7622,P_NOUN_9_ADJ_b,M,P,les micros avec la bouteille qui étaient là depuis hier ne sont pas très noirs <eos>,14,noirs,noires,12,F,S,noirs,-9.707788,noires,-12.856691,1
7623,P_NOUN_9_ADJ_b,M,P,les micros avec la bouteille qui étaient là depuis hier ne sont pas très délicats <eos>,14,délicats,délicates,12,F,S,délicats,-6.7452545,délicates,-10.64082,1
7624,P_NOUN_9_ADJ_b,M,P,les micros avec la bouteille qui étaient là depuis hier ne sont pas très pointus <eos>,14,pointus,pointues,12,F,S,pointus,-10.673852,pointues,-12.416094,1
7625,P_NOUN_9_ADJ_b,M,P,les micros avec la bouteille qui étaient là depuis hier ne sont pas très ronds <eos>,14,ronds,rondes,12,F,S,ronds,-10.39623,rondes,-13.549238,1
7626,P_NOUN_9_ADJ_b,M,P,les micros avec la bouteille qui étaient là depuis hier ne sont pas très froids <eos>,14,froids,froides,12,F,S,froids,-8.230151,froides,-7.9784317,0
7627,P_NOUN_9_ADJ_b,M,P,les micros avec la bouteille qui étaient là depuis hier ne sont pas très chauds <eos>,14,chauds,chaudes,12,F,S,chauds,-7.1590295,chaudes,-9.895023,1
7628,P_NOUN_9_ADJ_b,M,P,les micros avec la bouteille qui étaient là depuis hier ne sont pas très importants <eos>,14,importants,importantes,12,F,S,importants,-5.1939697,importantes,-8.22217,1
7629,P_NOUN_9_ADJ_b,M,P,les micros avec la bouteille qui étaient là depuis hier ne sont pas très courts <eos>,14,courts,courtes,12,F,S,courts,-5.85093,courtes,-9.9010315,1
7630,P_NOUN_9_ADJ_b,M,P,les micros avec la bouteille qui étaient là depuis hier ne sont pas très durs <eos>,14,durs,dures,12,F,S,durs,-5.0646935,dures,-7.9579725,1
7631,P_NOUN_9_ADJ_b,M,P,les micros avec la bouteille qui étaient là depuis hier ne sont pas très clairs <eos>,14,clairs,claires,12,F,S,clairs,-4.79206,claires,-6.9643574,1
7632,P_NOUN_9_ADJ_b,M,P,les micros avec la bouteille qui étaient là depuis hier ne sont pas très intéressants <eos>,14,intéressants,intéressantes,12,F,S,intéressants,-5.820606,intéressantes,-9.013994,1
7633,P_NOUN_9_ADJ_b,M,P,les micros avec la bouteille qui étaient là depuis hier ne sont pas très brillants <eos>,14,brillants,brillantes,12,F,S,brillants,-7.2076335,brillantes,-10.210701,1
7634,P_NOUN_9_ADJ_b,M,P,les micros avec la bouteille qui étaient là depuis hier ne sont pas très compliqués <eos>,14,compliqués,compliquées,12,F,S,compliqués,-5.59688,compliquées,-9.240767,1
7635,P_NOUN_9_ADJ_b,M,P,les micros avec la boisson qui étaient là depuis hier ne sont pas très verts <eos>,14,verts,vertes,12,F,S,verts,-7.9680786,vertes,-13.77009,1
7636,P_NOUN_9_ADJ_b,M,P,les micros avec la boisson qui étaient là depuis hier ne sont pas très bleus <eos>,14,bleus,bleues,12,F,S,bleus,-10.042606,bleues,-14.485537,1
7637,P_NOUN_9_ADJ_b,M,P,les micros avec la boisson qui étaient là depuis hier ne sont pas très noirs <eos>,14,noirs,noires,12,F,S,noirs,-10.01128,noires,-13.039324,1
7638,P_NOUN_9_ADJ_b,M,P,les micros avec la boisson qui étaient là depuis hier ne sont pas très délicats <eos>,14,délicats,délicates,12,F,S,délicats,-6.7156353,délicates,-10.484068,1
7639,P_NOUN_9_ADJ_b,M,P,les micros avec la boisson qui étaient là depuis hier ne sont pas très pointus <eos>,14,pointus,pointues,12,F,S,pointus,-10.943295,pointues,-12.755663,1
7640,P_NOUN_9_ADJ_b,M,P,les micros avec la boisson qui étaient là depuis hier ne sont pas très ronds <eos>,14,ronds,rondes,12,F,S,ronds,-10.350944,rondes,-13.507962,1
7641,P_NOUN_9_ADJ_b,M,P,les micros avec la boisson qui étaient là depuis hier ne sont pas très froids <eos>,14,froids,froides,12,F,S,froids,-7.783469,froides,-8.143602,1
7642,P_NOUN_9_ADJ_b,M,P,les micros avec la boisson qui étaient là depuis hier ne sont pas très chauds <eos>,14,chauds,chaudes,12,F,S,chauds,-6.9686527,chaudes,-9.758802,1
7643,P_NOUN_9_ADJ_b,M,P,les micros avec la boisson qui étaient là depuis hier ne sont pas très importants <eos>,14,importants,importantes,12,F,S,importants,-5.2730007,importantes,-8.360331,1
7644,P_NOUN_9_ADJ_b,M,P,les micros avec la boisson qui étaient là depuis hier ne sont pas très courts <eos>,14,courts,courtes,12,F,S,courts,-6.114378,courtes,-10.132475,1
7645,P_NOUN_9_ADJ_b,M,P,les micros avec la boisson qui étaient là depuis hier ne sont pas très durs <eos>,14,durs,dures,12,F,S,durs,-5.476323,dures,-7.5488405,1
7646,P_NOUN_9_ADJ_b,M,P,les micros avec la boisson qui étaient là depuis hier ne sont pas très clairs <eos>,14,clairs,claires,12,F,S,clairs,-4.9020987,claires,-6.92266,1
7647,P_NOUN_9_ADJ_b,M,P,les micros avec la boisson qui étaient là depuis hier ne sont pas très intéressants <eos>,14,intéressants,intéressantes,12,F,S,intéressants,-5.974707,intéressantes,-9.224478,1
7648,P_NOUN_9_ADJ_b,M,P,les micros avec la boisson qui étaient là depuis hier ne sont pas très brillants <eos>,14,brillants,brillantes,12,F,S,brillants,-7.2118206,brillantes,-10.487221,1
7649,P_NOUN_9_ADJ_b,M,P,les micros avec la boisson qui étaient là depuis hier ne sont pas très compliqués <eos>,14,compliqués,compliquées,12,F,S,compliqués,-5.893752,compliquées,-9.683318,1
7650,P_NOUN_9_ADJ_b,M,P,les micros avec la pomme qui étaient là depuis hier ne sont pas très verts <eos>,14,verts,vertes,12,F,S,verts,-8.391888,vertes,-13.935734,1
7651,P_NOUN_9_ADJ_b,M,P,les micros avec la pomme qui étaient là depuis hier ne sont pas très bleus <eos>,14,bleus,bleues,12,F,S,bleus,-10.21474,bleues,-14.672938,1
7652,P_NOUN_9_ADJ_b,M,P,les micros avec la pomme qui étaient là depuis hier ne sont pas très noirs <eos>,14,noirs,noires,12,F,S,noirs,-9.868224,noires,-13.1562805,1
7653,P_NOUN_9_ADJ_b,M,P,les micros avec la pomme qui étaient là depuis hier ne sont pas très délicats <eos>,14,délicats,délicates,12,F,S,délicats,-6.9784355,délicates,-10.685281,1
7654,P_NOUN_9_ADJ_b,M,P,les micros avec la pomme qui étaient là depuis hier ne sont pas très pointus <eos>,14,pointus,pointues,12,F,S,pointus,-10.692329,pointues,-12.422623,1
7655,P_NOUN_9_ADJ_b,M,P,les micros avec la pomme qui étaient là depuis hier ne sont pas très ronds <eos>,14,ronds,rondes,12,F,S,ronds,-10.176035,rondes,-13.593201,1
7656,P_NOUN_9_ADJ_b,M,P,les micros avec la pomme qui étaient là depuis hier ne sont pas très froids <eos>,14,froids,froides,12,F,S,froids,-8.244521,froides,-8.3958645,1
7657,P_NOUN_9_ADJ_b,M,P,les micros avec la pomme qui étaient là depuis hier ne sont pas très chauds <eos>,14,chauds,chaudes,12,F,S,chauds,-7.1451416,chaudes,-10.217202,1
7658,P_NOUN_9_ADJ_b,M,P,les micros avec la pomme qui étaient là depuis hier ne sont pas très importants <eos>,14,importants,importantes,12,F,S,importants,-5.2123528,importantes,-8.571145,1
7659,P_NOUN_9_ADJ_b,M,P,les micros avec la pomme qui étaient là depuis hier ne sont pas très courts <eos>,14,courts,courtes,12,F,S,courts,-6.0356903,courtes,-9.912256,1
7660,P_NOUN_9_ADJ_b,M,P,les micros avec la pomme qui étaient là depuis hier ne sont pas très durs <eos>,14,durs,dures,12,F,S,durs,-5.001985,dures,-7.8648086,1
7661,P_NOUN_9_ADJ_b,M,P,les micros avec la pomme qui étaient là depuis hier ne sont pas très clairs <eos>,14,clairs,claires,12,F,S,clairs,-4.772237,claires,-7.1900234,1
7662,P_NOUN_9_ADJ_b,M,P,les micros avec la pomme qui étaient là depuis hier ne sont pas très intéressants <eos>,14,intéressants,intéressantes,12,F,S,intéressants,-5.6500654,intéressantes,-9.009169,1
7663,P_NOUN_9_ADJ_b,M,P,les micros avec la pomme qui étaient là depuis hier ne sont pas très brillants <eos>,14,brillants,brillantes,12,F,S,brillants,-7.1126966,brillantes,-10.24619,1
7664,P_NOUN_9_ADJ_b,M,P,les micros avec la pomme qui étaient là depuis hier ne sont pas très compliqués <eos>,14,compliqués,compliquées,12,F,S,compliqués,-5.579767,compliquées,-9.086091,1
7665,P_NOUN_9_ADJ_b,M,P,les micros avec la tasse qui étaient là depuis hier ne sont pas très verts <eos>,14,verts,vertes,12,F,S,verts,-7.7220073,vertes,-13.324408,1
7666,P_NOUN_9_ADJ_b,M,P,les micros avec la tasse qui étaient là depuis hier ne sont pas très bleus <eos>,14,bleus,bleues,12,F,S,bleus,-9.509957,bleues,-13.999468,1
7667,P_NOUN_9_ADJ_b,M,P,les micros avec la tasse qui étaient là depuis hier ne sont pas très noirs <eos>,14,noirs,noires,12,F,S,noirs,-9.422994,noires,-12.47664,1
7668,P_NOUN_9_ADJ_b,M,P,les micros avec la tasse qui étaient là depuis hier ne sont pas très délicats <eos>,14,délicats,délicates,12,F,S,délicats,-6.7781286,délicates,-9.726202,1
7669,P_NOUN_9_ADJ_b,M,P,les micros avec la tasse qui étaient là depuis hier ne sont pas très pointus <eos>,14,pointus,pointues,12,F,S,pointus,-10.661662,pointues,-12.607784,1
7670,P_NOUN_9_ADJ_b,M,P,les micros avec la tasse qui étaient là depuis hier ne sont pas très ronds <eos>,14,ronds,rondes,12,F,S,ronds,-9.968265,rondes,-13.400448,1
7671,P_NOUN_9_ADJ_b,M,P,les micros avec la tasse qui étaient là depuis hier ne sont pas très froids <eos>,14,froids,froides,12,F,S,froids,-7.921463,froides,-7.695364,0
7672,P_NOUN_9_ADJ_b,M,P,les micros avec la tasse qui étaient là depuis hier ne sont pas très chauds <eos>,14,chauds,chaudes,12,F,S,chauds,-6.8372025,chaudes,-9.352625,1
7673,P_NOUN_9_ADJ_b,M,P,les micros avec la tasse qui étaient là depuis hier ne sont pas très importants <eos>,14,importants,importantes,12,F,S,importants,-5.3709335,importantes,-8.34728,1
7674,P_NOUN_9_ADJ_b,M,P,les micros avec la tasse qui étaient là depuis hier ne sont pas très courts <eos>,14,courts,courtes,12,F,S,courts,-6.168251,courtes,-10.20792,1
7675,P_NOUN_9_ADJ_b,M,P,les micros avec la tasse qui étaient là depuis hier ne sont pas très durs <eos>,14,durs,dures,12,F,S,durs,-5.5981536,dures,-8.171707,1
7676,P_NOUN_9_ADJ_b,M,P,les micros avec la tasse qui étaient là depuis hier ne sont pas très clairs <eos>,14,clairs,claires,12,F,S,clairs,-4.435841,claires,-6.6738925,1
7677,P_NOUN_9_ADJ_b,M,P,les micros avec la tasse qui étaient là depuis hier ne sont pas très intéressants <eos>,14,intéressants,intéressantes,12,F,S,intéressants,-6.0720696,intéressantes,-9.575291,1
7678,P_NOUN_9_ADJ_b,M,P,les micros avec la tasse qui étaient là depuis hier ne sont pas très brillants <eos>,14,brillants,brillantes,12,F,S,brillants,-7.552923,brillantes,-10.563148,1
7679,P_NOUN_9_ADJ_b,M,P,les micros avec la tasse qui étaient là depuis hier ne sont pas très compliqués <eos>,14,compliqués,compliquées,12,F,S,compliqués,-5.693886,compliquées,-9.625081,1
7680,P_NOUN_9_ADJ_b,M,P,les micros avec la bougie qui étaient là depuis hier ne sont pas très verts <eos>,14,verts,vertes,12,F,S,verts,-8.497208,vertes,-13.951152,1
7681,P_NOUN_9_ADJ_b,M,P,les micros avec la bougie qui étaient là depuis hier ne sont pas très bleus <eos>,14,bleus,bleues,12,F,S,bleus,-10.062353,bleues,-14.3748665,1
7682,P_NOUN_9_ADJ_b,M,P,les micros avec la bougie qui étaient là depuis hier ne sont pas très noirs <eos>,14,noirs,noires,12,F,S,noirs,-10.055451,noires,-13.166378,1
7683,P_NOUN_9_ADJ_b,M,P,les micros avec la bougie qui étaient là depuis hier ne sont pas très délicats <eos>,14,délicats,délicates,12,F,S,délicats,-7.0194097,délicates,-10.602428,1
7684,P_NOUN_9_ADJ_b,M,P,les micros avec la bougie qui étaient là depuis hier ne sont pas très pointus <eos>,14,pointus,pointues,12,F,S,pointus,-10.525213,pointues,-12.156075,1
7685,P_NOUN_9_ADJ_b,M,P,les micros avec la bougie qui étaient là depuis hier ne sont pas très ronds <eos>,14,ronds,rondes,12,F,S,ronds,-10.477231,rondes,-13.810146,1
7686,P_NOUN_9_ADJ_b,M,P,les micros avec la bougie qui étaient là depuis hier ne sont pas très froids <eos>,14,froids,froides,12,F,S,froids,-8.230398,froides,-8.275829,1
7687,P_NOUN_9_ADJ_b,M,P,les micros avec la bougie qui étaient là depuis hier ne sont pas très chauds <eos>,14,chauds,chaudes,12,F,S,chauds,-7.156619,chaudes,-10.145874,1
7688,P_NOUN_9_ADJ_b,M,P,les micros avec la bougie qui étaient là depuis hier ne sont pas très importants <eos>,14,importants,importantes,12,F,S,importants,-5.444989,importantes,-8.807521,1
7689,P_NOUN_9_ADJ_b,M,P,les micros avec la bougie qui étaient là depuis hier ne sont pas très courts <eos>,14,courts,courtes,12,F,S,courts,-5.987631,courtes,-9.62886,1
7690,P_NOUN_9_ADJ_b,M,P,les micros avec la bougie qui étaient là depuis hier ne sont pas très durs <eos>,14,durs,dures,12,F,S,durs,-4.748149,dures,-7.771223,1
7691,P_NOUN_9_ADJ_b,M,P,les micros avec la bougie qui étaient là depuis hier ne sont pas très clairs <eos>,14,clairs,claires,12,F,S,clairs,-4.3338194,claires,-6.9769554,1
7692,P_NOUN_9_ADJ_b,M,P,les micros avec la bougie qui étaient là depuis hier ne sont pas très intéressants <eos>,14,intéressants,intéressantes,12,F,S,intéressants,-5.8092995,intéressantes,-9.270247,1
7693,P_NOUN_9_ADJ_b,M,P,les micros avec la bougie qui étaient là depuis hier ne sont pas très brillants <eos>,14,brillants,brillantes,12,F,S,brillants,-6.8336754,brillantes,-10.007855,1
7694,P_NOUN_9_ADJ_b,M,P,les micros avec la bougie qui étaient là depuis hier ne sont pas très compliqués <eos>,14,compliqués,compliquées,12,F,S,compliqués,-5.2082205,compliquées,-8.687833,1
7695,P_NOUN_9_ADJ_b,M,P,les micros avec la pochette qui étaient là depuis hier ne sont pas très verts <eos>,14,verts,vertes,12,F,S,verts,-8.248215,vertes,-13.259453,1
7696,P_NOUN_9_ADJ_b,M,P,les micros avec la pochette qui étaient là depuis hier ne sont pas très bleus <eos>,14,bleus,bleues,12,F,S,bleus,-9.976765,bleues,-13.567066,1
7697,P_NOUN_9_ADJ_b,M,P,les micros avec la pochette qui étaient là depuis hier ne sont pas très noirs <eos>,14,noirs,noires,12,F,S,noirs,-9.796912,noires,-12.592996,1
7698,P_NOUN_9_ADJ_b,M,P,les micros avec la pochette qui étaient là depuis hier ne sont pas très délicats <eos>,14,délicats,délicates,12,F,S,délicats,-7.6394033,délicates,-10.5908,1
7699,P_NOUN_9_ADJ_b,M,P,les micros avec la pochette qui étaient là depuis hier ne sont pas très pointus <eos>,14,pointus,pointues,12,F,S,pointus,-10.170475,pointues,-12.229002,1
7700,P_NOUN_9_ADJ_b,M,P,les micros avec la pochette qui étaient là depuis hier ne sont pas très ronds <eos>,14,ronds,rondes,12,F,S,ronds,-9.879993,rondes,-13.425471,1
7701,P_NOUN_9_ADJ_b,M,P,les micros avec la pochette qui étaient là depuis hier ne sont pas très froids <eos>,14,froids,froides,12,F,S,froids,-9.683275,froides,-9.066122,0
7702,P_NOUN_9_ADJ_b,M,P,les micros avec la pochette qui étaient là depuis hier ne sont pas très chauds <eos>,14,chauds,chaudes,12,F,S,chauds,-8.344051,chaudes,-11.4982605,1
7703,P_NOUN_9_ADJ_b,M,P,les micros avec la pochette qui étaient là depuis hier ne sont pas très importants <eos>,14,importants,importantes,12,F,S,importants,-5.831929,importantes,-9.361197,1
7704,P_NOUN_9_ADJ_b,M,P,les micros avec la pochette qui étaient là depuis hier ne sont pas très courts <eos>,14,courts,courtes,12,F,S,courts,-5.707974,courtes,-9.305412,1
7705,P_NOUN_9_ADJ_b,M,P,les micros avec la pochette qui étaient là depuis hier ne sont pas très durs <eos>,14,durs,dures,12,F,S,durs,-5.633665,dures,-8.7308655,1
7706,P_NOUN_9_ADJ_b,M,P,les micros avec la pochette qui étaient là depuis hier ne sont pas très clairs <eos>,14,clairs,claires,12,F,S,clairs,-4.5557528,claires,-7.0851936,1
7707,P_NOUN_9_ADJ_b,M,P,les micros avec la pochette qui étaient là depuis hier ne sont pas très intéressants <eos>,14,intéressants,intéressantes,12,F,S,intéressants,-5.4572506,intéressantes,-9.349678,1
7708,P_NOUN_9_ADJ_b,M,P,les micros avec la pochette qui étaient là depuis hier ne sont pas très brillants <eos>,14,brillants,brillantes,12,F,S,brillants,-7.5236225,brillantes,-10.441076,1
7709,P_NOUN_9_ADJ_b,M,P,les micros avec la pochette qui étaient là depuis hier ne sont pas très compliqués <eos>,14,compliqués,compliquées,12,F,S,compliqués,-5.3447294,compliquées,-8.782313,1
7710,P_NOUN_9_ADJ_b,M,P,les micros avec la banane qui étaient là depuis hier ne sont pas très verts <eos>,14,verts,vertes,12,F,S,verts,-8.389578,vertes,-13.533144,1
7711,P_NOUN_9_ADJ_b,M,P,les micros avec la banane qui étaient là depuis hier ne sont pas très bleus <eos>,14,bleus,bleues,12,F,S,bleus,-10.021236,bleues,-14.150122,1
7712,P_NOUN_9_ADJ_b,M,P,les micros avec la banane qui étaient là depuis hier ne sont pas très noirs <eos>,14,noirs,noires,12,F,S,noirs,-9.773491,noires,-12.975641,1
7713,P_NOUN_9_ADJ_b,M,P,les micros avec la banane qui étaient là depuis hier ne sont pas très délicats <eos>,14,délicats,délicates,12,F,S,délicats,-6.848031,délicates,-10.392209,1
7714,P_NOUN_9_ADJ_b,M,P,les micros avec la banane qui étaient là depuis hier ne sont pas très pointus <eos>,14,pointus,pointues,12,F,S,pointus,-10.358225,pointues,-12.748516,1
7715,P_NOUN_9_ADJ_b,M,P,les micros avec la banane qui étaient là depuis hier ne sont pas très ronds <eos>,14,ronds,rondes,12,F,S,ronds,-9.834994,rondes,-13.892676,1
7716,P_NOUN_9_ADJ_b,M,P,les micros avec la banane qui étaient là depuis hier ne sont pas très froids <eos>,14,froids,froides,12,F,S,froids,-7.6175494,froides,-8.494661,1
7717,P_NOUN_9_ADJ_b,M,P,les micros avec la banane qui étaient là depuis hier ne sont pas très chauds <eos>,14,chauds,chaudes,12,F,S,chauds,-7.2081842,chaudes,-9.780915,1
7718,P_NOUN_9_ADJ_b,M,P,les micros avec la banane qui étaient là depuis hier ne sont pas très importants <eos>,14,importants,importantes,12,F,S,importants,-5.206524,importantes,-8.392498,1
7719,P_NOUN_9_ADJ_b,M,P,les micros avec la banane qui étaient là depuis hier ne sont pas très courts <eos>,14,courts,courtes,12,F,S,courts,-5.6765223,courtes,-9.889348,1
7720,P_NOUN_9_ADJ_b,M,P,les micros avec la banane qui étaient là depuis hier ne sont pas très durs <eos>,14,durs,dures,12,F,S,durs,-5.0117106,dures,-7.3735614,1
7721,P_NOUN_9_ADJ_b,M,P,les micros avec la banane qui étaient là depuis hier ne sont pas très clairs <eos>,14,clairs,claires,12,F,S,clairs,-4.1721535,claires,-7.2025433,1
7722,P_NOUN_9_ADJ_b,M,P,les micros avec la banane qui étaient là depuis hier ne sont pas très intéressants <eos>,14,intéressants,intéressantes,12,F,S,intéressants,-5.9873543,intéressantes,-9.248231,1
7723,P_NOUN_9_ADJ_b,M,P,les micros avec la banane qui étaient là depuis hier ne sont pas très brillants <eos>,14,brillants,brillantes,12,F,S,brillants,-6.9079623,brillantes,-9.879255,1
7724,P_NOUN_9_ADJ_b,M,P,les micros avec la banane qui étaient là depuis hier ne sont pas très compliqués <eos>,14,compliqués,compliquées,12,F,S,compliqués,-5.576128,compliquées,-9.439942,1
7725,P_NOUN_9_ADJ_b,M,P,les micros avec la robe qui étaient là depuis hier ne sont pas très verts <eos>,14,verts,vertes,12,F,S,verts,-7.9593363,vertes,-13.518373,1
7726,P_NOUN_9_ADJ_b,M,P,les micros avec la robe qui étaient là depuis hier ne sont pas très bleus <eos>,14,bleus,bleues,12,F,S,bleus,-9.182425,bleues,-13.637432,1
7727,P_NOUN_9_ADJ_b,M,P,les micros avec la robe qui étaient là depuis hier ne sont pas très noirs <eos>,14,noirs,noires,12,F,S,noirs,-9.23739,noires,-12.479137,1
7728,P_NOUN_9_ADJ_b,M,P,les micros avec la robe qui étaient là depuis hier ne sont pas très délicats <eos>,14,délicats,délicates,12,F,S,délicats,-7.6201296,délicates,-11.057943,1
7729,P_NOUN_9_ADJ_b,M,P,les micros avec la robe qui étaient là depuis hier ne sont pas très pointus <eos>,14,pointus,pointues,12,F,S,pointus,-10.595549,pointues,-12.597574,1
7730,P_NOUN_9_ADJ_b,M,P,les micros avec la robe qui étaient là depuis hier ne sont pas très ronds <eos>,14,ronds,rondes,12,F,S,ronds,-10.658437,rondes,-13.768806,1
7731,P_NOUN_9_ADJ_b,M,P,les micros avec la robe qui étaient là depuis hier ne sont pas très froids <eos>,14,froids,froides,12,F,S,froids,-8.426352,froides,-8.415542,0
7732,P_NOUN_9_ADJ_b,M,P,les micros avec la robe qui étaient là depuis hier ne sont pas très chauds <eos>,14,chauds,chaudes,12,F,S,chauds,-6.9567466,chaudes,-10.363413,1
7733,P_NOUN_9_ADJ_b,M,P,les micros avec la robe qui étaient là depuis hier ne sont pas très importants <eos>,14,importants,importantes,12,F,S,importants,-5.472288,importantes,-8.669826,1
7734,P_NOUN_9_ADJ_b,M,P,les micros avec la robe qui étaient là depuis hier ne sont pas très courts <eos>,14,courts,courtes,12,F,S,courts,-5.810913,courtes,-9.368973,1
7735,P_NOUN_9_ADJ_b,M,P,les micros avec la robe qui étaient là depuis hier ne sont pas très durs <eos>,14,durs,dures,12,F,S,durs,-5.182791,dures,-7.9990125,1
7736,P_NOUN_9_ADJ_b,M,P,les micros avec la robe qui étaient là depuis hier ne sont pas très clairs <eos>,14,clairs,claires,12,F,S,clairs,-3.1222737,claires,-6.6434383,1
7737,P_NOUN_9_ADJ_b,M,P,les micros avec la robe qui étaient là depuis hier ne sont pas très intéressants <eos>,14,intéressants,intéressantes,12,F,S,intéressants,-6.21515,intéressantes,-9.696358,1
7738,P_NOUN_9_ADJ_b,M,P,les micros avec la robe qui étaient là depuis hier ne sont pas très brillants <eos>,14,brillants,brillantes,12,F,S,brillants,-7.136861,brillantes,-9.878444,1
7739,P_NOUN_9_ADJ_b,M,P,les micros avec la robe qui étaient là depuis hier ne sont pas très compliqués <eos>,14,compliqués,compliquées,12,F,S,compliqués,-5.6310396,compliquées,-9.337069,1
7740,P_NOUN_9_ADJ_b,M,P,les micros avec la valise qui étaient là depuis hier ne sont pas très verts <eos>,14,verts,vertes,12,F,S,verts,-8.646751,vertes,-13.330652,1
7741,P_NOUN_9_ADJ_b,M,P,les micros avec la valise qui étaient là depuis hier ne sont pas très bleus <eos>,14,bleus,bleues,12,F,S,bleus,-9.775305,bleues,-14.222935,1
7742,P_NOUN_9_ADJ_b,M,P,les micros avec la valise qui étaient là depuis hier ne sont pas très noirs <eos>,14,noirs,noires,12,F,S,noirs,-10.025258,noires,-12.8694105,1
7743,P_NOUN_9_ADJ_b,M,P,les micros avec la valise qui étaient là depuis hier ne sont pas très délicats <eos>,14,délicats,délicates,12,F,S,délicats,-7.8964095,délicates,-10.645662,1
7744,P_NOUN_9_ADJ_b,M,P,les micros avec la valise qui étaient là depuis hier ne sont pas très pointus <eos>,14,pointus,pointues,12,F,S,pointus,-9.921612,pointues,-12.139656,1
7745,P_NOUN_9_ADJ_b,M,P,les micros avec la valise qui étaient là depuis hier ne sont pas très ronds <eos>,14,ronds,rondes,12,F,S,ronds,-11.103512,rondes,-13.8913965,1
7746,P_NOUN_9_ADJ_b,M,P,les micros avec la valise qui étaient là depuis hier ne sont pas très froids <eos>,14,froids,froides,12,F,S,froids,-9.104888,froides,-8.57458,0
7747,P_NOUN_9_ADJ_b,M,P,les micros avec la valise qui étaient là depuis hier ne sont pas très chauds <eos>,14,chauds,chaudes,12,F,S,chauds,-7.327627,chaudes,-10.901288,1
7748,P_NOUN_9_ADJ_b,M,P,les micros avec la valise qui étaient là depuis hier ne sont pas très importants <eos>,14,importants,importantes,12,F,S,importants,-5.748675,importantes,-9.057318,1
7749,P_NOUN_9_ADJ_b,M,P,les micros avec la valise qui étaient là depuis hier ne sont pas très courts <eos>,14,courts,courtes,12,F,S,courts,-6.000862,courtes,-9.367901,1
7750,P_NOUN_9_ADJ_b,M,P,les micros avec la valise qui étaient là depuis hier ne sont pas très durs <eos>,14,durs,dures,12,F,S,durs,-5.187642,dures,-8.756644,1
7751,P_NOUN_9_ADJ_b,M,P,les micros avec la valise qui étaient là depuis hier ne sont pas très clairs <eos>,14,clairs,claires,12,F,S,clairs,-4.669674,claires,-7.620535,1
7752,P_NOUN_9_ADJ_b,M,P,les micros avec la valise qui étaient là depuis hier ne sont pas très intéressants <eos>,14,intéressants,intéressantes,12,F,S,intéressants,-5.2923627,intéressantes,-9.565697,1
7753,P_NOUN_9_ADJ_b,M,P,les micros avec la valise qui étaient là depuis hier ne sont pas très brillants <eos>,14,brillants,brillantes,12,F,S,brillants,-7.34869,brillantes,-10.885084,1
7754,P_NOUN_9_ADJ_b,M,P,les micros avec la valise qui étaient là depuis hier ne sont pas très compliqués <eos>,14,compliqués,compliquées,12,F,S,compliqués,-5.027523,compliquées,-8.658999,1
7755,P_NOUN_9_ADJ_b,M,P,les micros avec la pendule qui étaient là depuis hier ne sont pas très verts <eos>,14,verts,vertes,12,F,S,verts,-8.085037,vertes,-13.685694,1
7756,P_NOUN_9_ADJ_b,M,P,les micros avec la pendule qui étaient là depuis hier ne sont pas très bleus <eos>,14,bleus,bleues,12,F,S,bleus,-10.349441,bleues,-14.524883,1
7757,P_NOUN_9_ADJ_b,M,P,les micros avec la pendule qui étaient là depuis hier ne sont pas très noirs <eos>,14,noirs,noires,12,F,S,noirs,-10.372999,noires,-13.248587,1
7758,P_NOUN_9_ADJ_b,M,P,les micros avec la pendule qui étaient là depuis hier ne sont pas très délicats <eos>,14,délicats,délicates,12,F,S,délicats,-7.5513363,délicates,-11.21492,1
7759,P_NOUN_9_ADJ_b,M,P,les micros avec la pendule qui étaient là depuis hier ne sont pas très pointus <eos>,14,pointus,pointues,12,F,S,pointus,-10.14971,pointues,-11.97436,1
7760,P_NOUN_9_ADJ_b,M,P,les micros avec la pendule qui étaient là depuis hier ne sont pas très ronds <eos>,14,ronds,rondes,12,F,S,ronds,-10.7822,rondes,-13.726429,1
7761,P_NOUN_9_ADJ_b,M,P,les micros avec la pendule qui étaient là depuis hier ne sont pas très froids <eos>,14,froids,froides,12,F,S,froids,-8.477821,froides,-8.560802,1
7762,P_NOUN_9_ADJ_b,M,P,les micros avec la pendule qui étaient là depuis hier ne sont pas très chauds <eos>,14,chauds,chaudes,12,F,S,chauds,-6.9757266,chaudes,-10.411442,1
7763,P_NOUN_9_ADJ_b,M,P,les micros avec la pendule qui étaient là depuis hier ne sont pas très importants <eos>,14,importants,importantes,12,F,S,importants,-5.624134,importantes,-8.971332,1
7764,P_NOUN_9_ADJ_b,M,P,les micros avec la pendule qui étaient là depuis hier ne sont pas très courts <eos>,14,courts,courtes,12,F,S,courts,-5.891514,courtes,-9.452086,1
7765,P_NOUN_9_ADJ_b,M,P,les micros avec la pendule qui étaient là depuis hier ne sont pas très durs <eos>,14,durs,dures,12,F,S,durs,-4.60185,dures,-8.118452,1
7766,P_NOUN_9_ADJ_b,M,P,les micros avec la pendule qui étaient là depuis hier ne sont pas très clairs <eos>,14,clairs,claires,12,F,S,clairs,-4.586191,claires,-7.171812,1
7767,P_NOUN_9_ADJ_b,M,P,les micros avec la pendule qui étaient là depuis hier ne sont pas très intéressants <eos>,14,intéressants,intéressantes,12,F,S,intéressants,-5.9134545,intéressantes,-9.459158,1
7768,P_NOUN_9_ADJ_b,M,P,les micros avec la pendule qui étaient là depuis hier ne sont pas très brillants <eos>,14,brillants,brillantes,12,F,S,brillants,-6.8149776,brillantes,-9.893528,1
7769,P_NOUN_9_ADJ_b,M,P,les micros avec la pendule qui étaient là depuis hier ne sont pas très compliqués <eos>,14,compliqués,compliquées,12,F,S,compliqués,-4.9929104,compliquées,-8.81592,1
7770,P_NOUN_9_ADJ_b,M,P,les micros avec la cloche qui étaient là depuis hier ne sont pas très verts <eos>,14,verts,vertes,12,F,S,verts,-8.2524395,vertes,-13.944408,1
7771,P_NOUN_9_ADJ_b,M,P,les micros avec la cloche qui étaient là depuis hier ne sont pas très bleus <eos>,14,bleus,bleues,12,F,S,bleus,-10.235445,bleues,-14.607548,1
7772,P_NOUN_9_ADJ_b,M,P,les micros avec la cloche qui étaient là depuis hier ne sont pas très noirs <eos>,14,noirs,noires,12,F,S,noirs,-10.4063015,noires,-13.390971,1
7773,P_NOUN_9_ADJ_b,M,P,les micros avec la cloche qui étaient là depuis hier ne sont pas très délicats <eos>,14,délicats,délicates,12,F,S,délicats,-7.3438816,délicates,-10.8226795,1
7774,P_NOUN_9_ADJ_b,M,P,les micros avec la cloche qui étaient là depuis hier ne sont pas très pointus <eos>,14,pointus,pointues,12,F,S,pointus,-10.642559,pointues,-12.461084,1
7775,P_NOUN_9_ADJ_b,M,P,les micros avec la cloche qui étaient là depuis hier ne sont pas très ronds <eos>,14,ronds,rondes,12,F,S,ronds,-10.44042,rondes,-13.599361,1
7776,P_NOUN_9_ADJ_b,M,P,les micros avec la cloche qui étaient là depuis hier ne sont pas très froids <eos>,14,froids,froides,12,F,S,froids,-8.981894,froides,-9.402802,1
7777,P_NOUN_9_ADJ_b,M,P,les micros avec la cloche qui étaient là depuis hier ne sont pas très chauds <eos>,14,chauds,chaudes,12,F,S,chauds,-7.7616577,chaudes,-10.707918,1
7778,P_NOUN_9_ADJ_b,M,P,les micros avec la cloche qui étaient là depuis hier ne sont pas très importants <eos>,14,importants,importantes,12,F,S,importants,-5.3485193,importantes,-8.77999,1
7779,P_NOUN_9_ADJ_b,M,P,les micros avec la cloche qui étaient là depuis hier ne sont pas très courts <eos>,14,courts,courtes,12,F,S,courts,-5.7266746,courtes,-9.396349,1
7780,P_NOUN_9_ADJ_b,M,P,les micros avec la cloche qui étaient là depuis hier ne sont pas très durs <eos>,14,durs,dures,12,F,S,durs,-5.089739,dures,-8.212376,1
7781,P_NOUN_9_ADJ_b,M,P,les micros avec la cloche qui étaient là depuis hier ne sont pas très clairs <eos>,14,clairs,claires,12,F,S,clairs,-4.1539793,claires,-7.311719,1
7782,P_NOUN_9_ADJ_b,M,P,les micros avec la cloche qui étaient là depuis hier ne sont pas très intéressants <eos>,14,intéressants,intéressantes,12,F,S,intéressants,-5.578553,intéressantes,-9.345172,1
7783,P_NOUN_9_ADJ_b,M,P,les micros avec la cloche qui étaient là depuis hier ne sont pas très brillants <eos>,14,brillants,brillantes,12,F,S,brillants,-7.223238,brillantes,-10.342183,1
7784,P_NOUN_9_ADJ_b,M,P,les micros avec la cloche qui étaient là depuis hier ne sont pas très compliqués <eos>,14,compliqués,compliquées,12,F,S,compliqués,-5.3255644,compliquées,-8.770893,1
7785,P_NOUN_9_ADJ_b,M,P,les micros avec la cerise qui étaient là depuis hier ne sont pas très verts <eos>,14,verts,vertes,12,F,S,verts,-7.996955,vertes,-13.2359705,1
7786,P_NOUN_9_ADJ_b,M,P,les micros avec la cerise qui étaient là depuis hier ne sont pas très bleus <eos>,14,bleus,bleues,12,F,S,bleus,-9.982773,bleues,-14.428572,1
7787,P_NOUN_9_ADJ_b,M,P,les micros avec la cerise qui étaient là depuis hier ne sont pas très noirs <eos>,14,noirs,noires,12,F,S,noirs,-9.94329,noires,-13.097401,1
7788,P_NOUN_9_ADJ_b,M,P,les micros avec la cerise qui étaient là depuis hier ne sont pas très délicats <eos>,14,délicats,délicates,12,F,S,délicats,-6.5005255,délicates,-10.268796,1
7789,P_NOUN_9_ADJ_b,M,P,les micros avec la cerise qui étaient là depuis hier ne sont pas très pointus <eos>,14,pointus,pointues,12,F,S,pointus,-10.685496,pointues,-12.680879,1
7790,P_NOUN_9_ADJ_b,M,P,les micros avec la cerise qui étaient là depuis hier ne sont pas très ronds <eos>,14,ronds,rondes,12,F,S,ronds,-9.759367,rondes,-13.77223,1
7791,P_NOUN_9_ADJ_b,M,P,les micros avec la cerise qui étaient là depuis hier ne sont pas très froids <eos>,14,froids,froides,12,F,S,froids,-7.6637754,froides,-8.099826,1
7792,P_NOUN_9_ADJ_b,M,P,les micros avec la cerise qui étaient là depuis hier ne sont pas très chauds <eos>,14,chauds,chaudes,12,F,S,chauds,-6.8377714,chaudes,-9.585008,1
7793,P_NOUN_9_ADJ_b,M,P,les micros avec la cerise qui étaient là depuis hier ne sont pas très importants <eos>,14,importants,importantes,12,F,S,importants,-5.4666324,importantes,-8.694557,1
7794,P_NOUN_9_ADJ_b,M,P,les micros avec la cerise qui étaient là depuis hier ne sont pas très courts <eos>,14,courts,courtes,12,F,S,courts,-6.1812286,courtes,-10.39438,1
7795,P_NOUN_9_ADJ_b,M,P,les micros avec la cerise qui étaient là depuis hier ne sont pas très durs <eos>,14,durs,dures,12,F,S,durs,-4.9672155,dures,-7.7898903,1
7796,P_NOUN_9_ADJ_b,M,P,les micros avec la cerise qui étaient là depuis hier ne sont pas très clairs <eos>,14,clairs,claires,12,F,S,clairs,-4.3013105,claires,-6.946741,1
7797,P_NOUN_9_ADJ_b,M,P,les micros avec la cerise qui étaient là depuis hier ne sont pas très intéressants <eos>,14,intéressants,intéressantes,12,F,S,intéressants,-5.970824,intéressantes,-9.110809,1
7798,P_NOUN_9_ADJ_b,M,P,les micros avec la cerise qui étaient là depuis hier ne sont pas très brillants <eos>,14,brillants,brillantes,12,F,S,brillants,-6.7253857,brillantes,-9.924698,1
7799,P_NOUN_9_ADJ_b,M,P,les micros avec la cerise qui étaient là depuis hier ne sont pas très compliqués <eos>,14,compliqués,compliquées,12,F,S,compliqués,-5.615904,compliquées,-9.325949,1
7800,P_NOUN_9_ADJ_b,M,P,les sacs avec la gemme qui étaient là depuis hier ne sont pas très verts <eos>,14,verts,vertes,12,F,S,verts,-7.6871457,vertes,-12.862043,1
7801,P_NOUN_9_ADJ_b,M,P,les sacs avec la gemme qui étaient là depuis hier ne sont pas très bleus <eos>,14,bleus,bleues,12,F,S,bleus,-9.437503,bleues,-14.054086,1
7802,P_NOUN_9_ADJ_b,M,P,les sacs avec la gemme qui étaient là depuis hier ne sont pas très noirs <eos>,14,noirs,noires,12,F,S,noirs,-9.666392,noires,-12.009716,1
7803,P_NOUN_9_ADJ_b,M,P,les sacs avec la gemme qui étaient là depuis hier ne sont pas très délicats <eos>,14,délicats,délicates,12,F,S,délicats,-6.985416,délicates,-10.529781,1
7804,P_NOUN_9_ADJ_b,M,P,les sacs avec la gemme qui étaient là depuis hier ne sont pas très pointus <eos>,14,pointus,pointues,12,F,S,pointus,-9.483275,pointues,-11.796854,1
7805,P_NOUN_9_ADJ_b,M,P,les sacs avec la gemme qui étaient là depuis hier ne sont pas très ronds <eos>,14,ronds,rondes,12,F,S,ronds,-10.1167965,rondes,-12.873726,1
7806,P_NOUN_9_ADJ_b,M,P,les sacs avec la gemme qui étaient là depuis hier ne sont pas très froids <eos>,14,froids,froides,12,F,S,froids,-7.830845,froides,-8.20244,1
7807,P_NOUN_9_ADJ_b,M,P,les sacs avec la gemme qui étaient là depuis hier ne sont pas très chauds <eos>,14,chauds,chaudes,12,F,S,chauds,-5.9897404,chaudes,-9.053009,1
7808,P_NOUN_9_ADJ_b,M,P,les sacs avec la gemme qui étaient là depuis hier ne sont pas très importants <eos>,14,importants,importantes,12,F,S,importants,-5.5247464,importantes,-8.4006195,1
7809,P_NOUN_9_ADJ_b,M,P,les sacs avec la gemme qui étaient là depuis hier ne sont pas très courts <eos>,14,courts,courtes,12,F,S,courts,-5.820364,courtes,-9.942556,1
7810,P_NOUN_9_ADJ_b,M,P,les sacs avec la gemme qui étaient là depuis hier ne sont pas très durs <eos>,14,durs,dures,12,F,S,durs,-5.141928,dures,-7.4300475,1
7811,P_NOUN_9_ADJ_b,M,P,les sacs avec la gemme qui étaient là depuis hier ne sont pas très clairs <eos>,14,clairs,claires,12,F,S,clairs,-4.6247063,claires,-7.4986916,1
7812,P_NOUN_9_ADJ_b,M,P,les sacs avec la gemme qui étaient là depuis hier ne sont pas très intéressants <eos>,14,intéressants,intéressantes,12,F,S,intéressants,-6.292646,intéressantes,-9.506359,1
7813,P_NOUN_9_ADJ_b,M,P,les sacs avec la gemme qui étaient là depuis hier ne sont pas très brillants <eos>,14,brillants,brillantes,12,F,S,brillants,-6.834653,brillantes,-10.682049,1
7814,P_NOUN_9_ADJ_b,M,P,les sacs avec la gemme qui étaient là depuis hier ne sont pas très compliqués <eos>,14,compliqués,compliquées,12,F,S,compliqués,-6.2441487,compliquées,-10.476744,1
7815,P_NOUN_9_ADJ_b,M,P,les sacs avec la chaise qui étaient là depuis hier ne sont pas très verts <eos>,14,verts,vertes,12,F,S,verts,-8.005661,vertes,-13.419712,1
7816,P_NOUN_9_ADJ_b,M,P,les sacs avec la chaise qui étaient là depuis hier ne sont pas très bleus <eos>,14,bleus,bleues,12,F,S,bleus,-9.834045,bleues,-14.383833,1
7817,P_NOUN_9_ADJ_b,M,P,les sacs avec la chaise qui étaient là depuis hier ne sont pas très noirs <eos>,14,noirs,noires,12,F,S,noirs,-9.6994095,noires,-12.311222,1
7818,P_NOUN_9_ADJ_b,M,P,les sacs avec la chaise qui étaient là depuis hier ne sont pas très délicats <eos>,14,délicats,délicates,12,F,S,délicats,-7.43521,délicates,-10.917961,1
7819,P_NOUN_9_ADJ_b,M,P,les sacs avec la chaise qui étaient là depuis hier ne sont pas très pointus <eos>,14,pointus,pointues,12,F,S,pointus,-9.414322,pointues,-11.5451565,1
7820,P_NOUN_9_ADJ_b,M,P,les sacs avec la chaise qui étaient là depuis hier ne sont pas très ronds <eos>,14,ronds,rondes,12,F,S,ronds,-9.629235,rondes,-12.347246,1
7821,P_NOUN_9_ADJ_b,M,P,les sacs avec la chaise qui étaient là depuis hier ne sont pas très froids <eos>,14,froids,froides,12,F,S,froids,-8.711264,froides,-9.108883,1
7822,P_NOUN_9_ADJ_b,M,P,les sacs avec la chaise qui étaient là depuis hier ne sont pas très chauds <eos>,14,chauds,chaudes,12,F,S,chauds,-6.7542257,chaudes,-10.285773,1
7823,P_NOUN_9_ADJ_b,M,P,les sacs avec la chaise qui étaient là depuis hier ne sont pas très importants <eos>,14,importants,importantes,12,F,S,importants,-5.757075,importantes,-8.889706,1
7824,P_NOUN_9_ADJ_b,M,P,les sacs avec la chaise qui étaient là depuis hier ne sont pas très courts <eos>,14,courts,courtes,12,F,S,courts,-5.7257967,courtes,-9.673951,1
7825,P_NOUN_9_ADJ_b,M,P,les sacs avec la chaise qui étaient là depuis hier ne sont pas très durs <eos>,14,durs,dures,12,F,S,durs,-5.052925,dures,-7.9738417,1
7826,P_NOUN_9_ADJ_b,M,P,les sacs avec la chaise qui étaient là depuis hier ne sont pas très clairs <eos>,14,clairs,claires,12,F,S,clairs,-5.0240445,claires,-7.99544,1
7827,P_NOUN_9_ADJ_b,M,P,les sacs avec la chaise qui étaient là depuis hier ne sont pas très intéressants <eos>,14,intéressants,intéressantes,12,F,S,intéressants,-6.3867865,intéressantes,-9.83327,1
7828,P_NOUN_9_ADJ_b,M,P,les sacs avec la chaise qui étaient là depuis hier ne sont pas très brillants <eos>,14,brillants,brillantes,12,F,S,brillants,-7.3534427,brillantes,-11.12389,1
7829,P_NOUN_9_ADJ_b,M,P,les sacs avec la chaise qui étaient là depuis hier ne sont pas très compliqués <eos>,14,compliqués,compliquées,12,F,S,compliqués,-6.1306763,compliquées,-10.007051,1
7830,P_NOUN_9_ADJ_b,M,P,les sacs avec la poubelle qui étaient là depuis hier ne sont pas très verts <eos>,14,verts,vertes,12,F,S,verts,-7.9585056,vertes,-13.036214,1
7831,P_NOUN_9_ADJ_b,M,P,les sacs avec la poubelle qui étaient là depuis hier ne sont pas très bleus <eos>,14,bleus,bleues,12,F,S,bleus,-9.76881,bleues,-14.334009,1
7832,P_NOUN_9_ADJ_b,M,P,les sacs avec la poubelle qui étaient là depuis hier ne sont pas très noirs <eos>,14,noirs,noires,12,F,S,noirs,-9.8552,noires,-12.335564,1
7833,P_NOUN_9_ADJ_b,M,P,les sacs avec la poubelle qui étaient là depuis hier ne sont pas très délicats <eos>,14,délicats,délicates,12,F,S,délicats,-7.4485407,délicates,-11.011626,1
7834,P_NOUN_9_ADJ_b,M,P,les sacs avec la poubelle qui étaient là depuis hier ne sont pas très pointus <eos>,14,pointus,pointues,12,F,S,pointus,-9.615487,pointues,-11.855994,1
7835,P_NOUN_9_ADJ_b,M,P,les sacs avec la poubelle qui étaient là depuis hier ne sont pas très ronds <eos>,14,ronds,rondes,12,F,S,ronds,-10.526804,rondes,-13.051233,1
7836,P_NOUN_9_ADJ_b,M,P,les sacs avec la poubelle qui étaient là depuis hier ne sont pas très froids <eos>,14,froids,froides,12,F,S,froids,-8.369839,froides,-8.424873,1
7837,P_NOUN_9_ADJ_b,M,P,les sacs avec la poubelle qui étaient là depuis hier ne sont pas très chauds <eos>,14,chauds,chaudes,12,F,S,chauds,-6.267045,chaudes,-9.77054,1
7838,P_NOUN_9_ADJ_b,M,P,les sacs avec la poubelle qui étaient là depuis hier ne sont pas très importants <eos>,14,importants,importantes,12,F,S,importants,-5.758139,importantes,-8.835203,1
7839,P_NOUN_9_ADJ_b,M,P,les sacs avec la poubelle qui étaient là depuis hier ne sont pas très courts <eos>,14,courts,courtes,12,F,S,courts,-6.0202184,courtes,-9.9479885,1
7840,P_NOUN_9_ADJ_b,M,P,les sacs avec la poubelle qui étaient là depuis hier ne sont pas très durs <eos>,14,durs,dures,12,F,S,durs,-5.1437864,dures,-8.130045,1
7841,P_NOUN_9_ADJ_b,M,P,les sacs avec la poubelle qui étaient là depuis hier ne sont pas très clairs <eos>,14,clairs,claires,12,F,S,clairs,-5.2150564,claires,-8.002394,1
7842,P_NOUN_9_ADJ_b,M,P,les sacs avec la poubelle qui étaient là depuis hier ne sont pas très intéressants <eos>,14,intéressants,intéressantes,12,F,S,intéressants,-6.2271967,intéressantes,-9.7078285,1
7843,P_NOUN_9_ADJ_b,M,P,les sacs avec la poubelle qui étaient là depuis hier ne sont pas très brillants <eos>,14,brillants,brillantes,12,F,S,brillants,-7.5341563,brillantes,-11.378252,1
7844,P_NOUN_9_ADJ_b,M,P,les sacs avec la poubelle qui étaient là depuis hier ne sont pas très compliqués <eos>,14,compliqués,compliquées,12,F,S,compliqués,-6.2313085,compliquées,-10.4133835,1
7845,P_NOUN_9_ADJ_b,M,P,les sacs avec la chemise qui étaient là depuis hier ne sont pas très verts <eos>,14,verts,vertes,12,F,S,verts,-7.8185587,vertes,-13.180766,1
7846,P_NOUN_9_ADJ_b,M,P,les sacs avec la chemise qui étaient là depuis hier ne sont pas très bleus <eos>,14,bleus,bleues,12,F,S,bleus,-9.279505,bleues,-14.045425,1
7847,P_NOUN_9_ADJ_b,M,P,les sacs avec la chemise qui étaient là depuis hier ne sont pas très noirs <eos>,14,noirs,noires,12,F,S,noirs,-9.369532,noires,-12.087196,1
7848,P_NOUN_9_ADJ_b,M,P,les sacs avec la chemise qui étaient là depuis hier ne sont pas très délicats <eos>,14,délicats,délicates,12,F,S,délicats,-7.5684667,délicates,-11.0608635,1
7849,P_NOUN_9_ADJ_b,M,P,les sacs avec la chemise qui étaient là depuis hier ne sont pas très pointus <eos>,14,pointus,pointues,12,F,S,pointus,-9.219904,pointues,-11.758988,1
7850,P_NOUN_9_ADJ_b,M,P,les sacs avec la chemise qui étaient là depuis hier ne sont pas très ronds <eos>,14,ronds,rondes,12,F,S,ronds,-10.035006,rondes,-12.64423,1
7851,P_NOUN_9_ADJ_b,M,P,les sacs avec la chemise qui étaient là depuis hier ne sont pas très froids <eos>,14,froids,froides,12,F,S,froids,-8.67647,froides,-8.855966,1
7852,P_NOUN_9_ADJ_b,M,P,les sacs avec la chemise qui étaient là depuis hier ne sont pas très chauds <eos>,14,chauds,chaudes,12,F,S,chauds,-6.2232523,chaudes,-10.383567,1
7853,P_NOUN_9_ADJ_b,M,P,les sacs avec la chemise qui étaient là depuis hier ne sont pas très importants <eos>,14,importants,importantes,12,F,S,importants,-5.870005,importantes,-8.923325,1
7854,P_NOUN_9_ADJ_b,M,P,les sacs avec la chemise qui étaient là depuis hier ne sont pas très courts <eos>,14,courts,courtes,12,F,S,courts,-5.6030474,courtes,-9.522655,1
7855,P_NOUN_9_ADJ_b,M,P,les sacs avec la chemise qui étaient là depuis hier ne sont pas très durs <eos>,14,durs,dures,12,F,S,durs,-5.175778,dures,-8.0515785,1
7856,P_NOUN_9_ADJ_b,M,P,les sacs avec la chemise qui étaient là depuis hier ne sont pas très clairs <eos>,14,clairs,claires,12,F,S,clairs,-4.634905,claires,-8.073842,1
7857,P_NOUN_9_ADJ_b,M,P,les sacs avec la chemise qui étaient là depuis hier ne sont pas très intéressants <eos>,14,intéressants,intéressantes,12,F,S,intéressants,-6.5193896,intéressantes,-9.945177,1
7858,P_NOUN_9_ADJ_b,M,P,les sacs avec la chemise qui étaient là depuis hier ne sont pas très brillants <eos>,14,brillants,brillantes,12,F,S,brillants,-7.2711706,brillantes,-11.440782,1
7859,P_NOUN_9_ADJ_b,M,P,les sacs avec la chemise qui étaient là depuis hier ne sont pas très compliqués <eos>,14,compliqués,compliquées,12,F,S,compliqués,-6.494766,compliquées,-10.446574,1
7860,P_NOUN_9_ADJ_b,M,P,les sacs avec la recette qui étaient là depuis hier ne sont pas très verts <eos>,14,verts,vertes,12,F,S,verts,-8.546877,vertes,-13.294491,1
7861,P_NOUN_9_ADJ_b,M,P,les sacs avec la recette qui étaient là depuis hier ne sont pas très bleus <eos>,14,bleus,bleues,12,F,S,bleus,-10.221654,bleues,-14.795875,1
7862,P_NOUN_9_ADJ_b,M,P,les sacs avec la recette qui étaient là depuis hier ne sont pas très noirs <eos>,14,noirs,noires,12,F,S,noirs,-10.449749,noires,-13.082981,1
7863,P_NOUN_9_ADJ_b,M,P,les sacs avec la recette qui étaient là depuis hier ne sont pas très délicats <eos>,14,délicats,délicates,12,F,S,délicats,-7.0443354,délicates,-10.458784,1
7864,P_NOUN_9_ADJ_b,M,P,les sacs avec la recette qui étaient là depuis hier ne sont pas très pointus <eos>,14,pointus,pointues,12,F,S,pointus,-10.506119,pointues,-12.309349,1
7865,P_NOUN_9_ADJ_b,M,P,les sacs avec la recette qui étaient là depuis hier ne sont pas très ronds <eos>,14,ronds,rondes,12,F,S,ronds,-10.32499,rondes,-13.335373,1
7866,P_NOUN_9_ADJ_b,M,P,les sacs avec la recette qui étaient là depuis hier ne sont pas très froids <eos>,14,froids,froides,12,F,S,froids,-8.156881,froides,-8.33577,1
7867,P_NOUN_9_ADJ_b,M,P,les sacs avec la recette qui étaient là depuis hier ne sont pas très chauds <eos>,14,chauds,chaudes,12,F,S,chauds,-6.0829864,chaudes,-9.225458,1
7868,P_NOUN_9_ADJ_b,M,P,les sacs avec la recette qui étaient là depuis hier ne sont pas très importants <eos>,14,importants,importantes,12,F,S,importants,-5.5155277,importantes,-7.825781,1
7869,P_NOUN_9_ADJ_b,M,P,les sacs avec la recette qui étaient là depuis hier ne sont pas très courts <eos>,14,courts,courtes,12,F,S,courts,-6.584188,courtes,-9.746428,1
7870,P_NOUN_9_ADJ_b,M,P,les sacs avec la recette qui étaient là depuis hier ne sont pas très durs <eos>,14,durs,dures,12,F,S,durs,-5.375127,dures,-7.7279444,1
7871,P_NOUN_9_ADJ_b,M,P,les sacs avec la recette qui étaient là depuis hier ne sont pas très clairs <eos>,14,clairs,claires,12,F,S,clairs,-5.390854,claires,-7.486847,1
7872,P_NOUN_9_ADJ_b,M,P,les sacs avec la recette qui étaient là depuis hier ne sont pas très intéressants <eos>,14,intéressants,intéressantes,12,F,S,intéressants,-6.495667,intéressantes,-8.956245,1
7873,P_NOUN_9_ADJ_b,M,P,les sacs avec la recette qui étaient là depuis hier ne sont pas très brillants <eos>,14,brillants,brillantes,12,F,S,brillants,-7.66339,brillantes,-10.724885,1
7874,P_NOUN_9_ADJ_b,M,P,les sacs avec la recette qui étaient là depuis hier ne sont pas très compliqués <eos>,14,compliqués,compliquées,12,F,S,compliqués,-6.429529,compliquées,-10.219011,1
7875,P_NOUN_9_ADJ_b,M,P,les sacs avec la jupe qui étaient là depuis hier ne sont pas très verts <eos>,14,verts,vertes,12,F,S,verts,-7.9732227,vertes,-12.9049225,1
7876,P_NOUN_9_ADJ_b,M,P,les sacs avec la jupe qui étaient là depuis hier ne sont pas très bleus <eos>,14,bleus,bleues,12,F,S,bleus,-9.52976,bleues,-13.878498,1
7877,P_NOUN_9_ADJ_b,M,P,les sacs avec la jupe qui étaient là depuis hier ne sont pas très noirs <eos>,14,noirs,noires,12,F,S,noirs,-9.510499,noires,-11.961287,1
7878,P_NOUN_9_ADJ_b,M,P,les sacs avec la jupe qui étaient là depuis hier ne sont pas très délicats <eos>,14,délicats,délicates,12,F,S,délicats,-7.159759,délicates,-10.5633335,1
7879,P_NOUN_9_ADJ_b,M,P,les sacs avec la jupe qui étaient là depuis hier ne sont pas très pointus <eos>,14,pointus,pointues,12,F,S,pointus,-9.315307,pointues,-11.614066,1
7880,P_NOUN_9_ADJ_b,M,P,les sacs avec la jupe qui étaient là depuis hier ne sont pas très ronds <eos>,14,ronds,rondes,12,F,S,ronds,-9.546663,rondes,-12.44668,1
7881,P_NOUN_9_ADJ_b,M,P,les sacs avec la jupe qui étaient là depuis hier ne sont pas très froids <eos>,14,froids,froides,12,F,S,froids,-8.784262,froides,-8.700141,0
7882,P_NOUN_9_ADJ_b,M,P,les sacs avec la jupe qui étaient là depuis hier ne sont pas très chauds <eos>,14,chauds,chaudes,12,F,S,chauds,-6.5202417,chaudes,-9.9705715,1
7883,P_NOUN_9_ADJ_b,M,P,les sacs avec la jupe qui étaient là depuis hier ne sont pas très importants <eos>,14,importants,importantes,12,F,S,importants,-5.7848806,importantes,-8.544634,1
7884,P_NOUN_9_ADJ_b,M,P,les sacs avec la jupe qui étaient là depuis hier ne sont pas très courts <eos>,14,courts,courtes,12,F,S,courts,-5.668537,courtes,-9.292309,1
7885,P_NOUN_9_ADJ_b,M,P,les sacs avec la jupe qui étaient là depuis hier ne sont pas très durs <eos>,14,durs,dures,12,F,S,durs,-5.1875114,dures,-7.992406,1
7886,P_NOUN_9_ADJ_b,M,P,les sacs avec la jupe qui étaient là depuis hier ne sont pas très clairs <eos>,14,clairs,claires,12,F,S,clairs,-4.442192,claires,-7.495302,1
7887,P_NOUN_9_ADJ_b,M,P,les sacs avec la jupe qui étaient là depuis hier ne sont pas très intéressants <eos>,14,intéressants,intéressantes,12,F,S,intéressants,-6.4919596,intéressantes,-9.590257,1
7888,P_NOUN_9_ADJ_b,M,P,les sacs avec la jupe qui étaient là depuis hier ne sont pas très brillants <eos>,14,brillants,brillantes,12,F,S,brillants,-7.274804,brillantes,-10.87777,1
7889,P_NOUN_9_ADJ_b,M,P,les sacs avec la jupe qui étaient là depuis hier ne sont pas très compliqués <eos>,14,compliqués,compliquées,12,F,S,compliqués,-6.1823435,compliquées,-10.060051,1
7890,P_NOUN_9_ADJ_b,M,P,les sacs avec la colle qui étaient là depuis hier ne sont pas très verts <eos>,14,verts,vertes,12,F,S,verts,-8.057181,vertes,-12.859279,1
7891,P_NOUN_9_ADJ_b,M,P,les sacs avec la colle qui étaient là depuis hier ne sont pas très bleus <eos>,14,bleus,bleues,12,F,S,bleus,-10.090334,bleues,-14.54563,1
7892,P_NOUN_9_ADJ_b,M,P,les sacs avec la colle qui étaient là depuis hier ne sont pas très noirs <eos>,14,noirs,noires,12,F,S,noirs,-10.118827,noires,-12.327043,1
7893,P_NOUN_9_ADJ_b,M,P,les sacs avec la colle qui étaient là depuis hier ne sont pas très délicats <eos>,14,délicats,délicates,12,F,S,délicats,-7.2290573,délicates,-11.292987,1
7894,P_NOUN_9_ADJ_b,M,P,les sacs avec la colle qui étaient là depuis hier ne sont pas très pointus <eos>,14,pointus,pointues,12,F,S,pointus,-9.81303,pointues,-12.113382,1
7895,P_NOUN_9_ADJ_b,M,P,les sacs avec la colle qui étaient là depuis hier ne sont pas très ronds <eos>,14,ronds,rondes,12,F,S,ronds,-10.411106,rondes,-13.177484,1
7896,P_NOUN_9_ADJ_b,M,P,les sacs avec la colle qui étaient là depuis hier ne sont pas très froids <eos>,14,froids,froides,12,F,S,froids,-8.387388,froides,-8.303861,0
7897,P_NOUN_9_ADJ_b,M,P,les sacs avec la colle qui étaient là depuis hier ne sont pas très chauds <eos>,14,chauds,chaudes,12,F,S,chauds,-5.9746065,chaudes,-9.16075,1
7898,P_NOUN_9_ADJ_b,M,P,les sacs avec la colle qui étaient là depuis hier ne sont pas très importants <eos>,14,importants,importantes,12,F,S,importants,-5.786726,importantes,-8.369521,1
7899,P_NOUN_9_ADJ_b,M,P,les sacs avec la colle qui étaient là depuis hier ne sont pas très courts <eos>,14,courts,courtes,12,F,S,courts,-6.194749,courtes,-10.085265,1
7900,P_NOUN_9_ADJ_b,M,P,les sacs avec la colle qui étaient là depuis hier ne sont pas très durs <eos>,14,durs,dures,12,F,S,durs,-5.063566,dures,-7.731573,1
7901,P_NOUN_9_ADJ_b,M,P,les sacs avec la colle qui étaient là depuis hier ne sont pas très clairs <eos>,14,clairs,claires,12,F,S,clairs,-5.2872696,claires,-7.4078283,1
7902,P_NOUN_9_ADJ_b,M,P,les sacs avec la colle qui étaient là depuis hier ne sont pas très intéressants <eos>,14,intéressants,intéressantes,12,F,S,intéressants,-6.684025,intéressantes,-9.472695,1
7903,P_NOUN_9_ADJ_b,M,P,les sacs avec la colle qui étaient là depuis hier ne sont pas très brillants <eos>,14,brillants,brillantes,12,F,S,brillants,-7.3177867,brillantes,-11.17082,1
7904,P_NOUN_9_ADJ_b,M,P,les sacs avec la colle qui étaient là depuis hier ne sont pas très compliqués <eos>,14,compliqués,compliquées,12,F,S,compliqués,-6.481263,compliquées,-10.869796,1
7905,P_NOUN_9_ADJ_b,M,P,les sacs avec la lampe qui étaient là depuis hier ne sont pas très verts <eos>,14,verts,vertes,12,F,S,verts,-7.9887395,vertes,-12.498465,1
7906,P_NOUN_9_ADJ_b,M,P,les sacs avec la lampe qui étaient là depuis hier ne sont pas très bleus <eos>,14,bleus,bleues,12,F,S,bleus,-10.100711,bleues,-13.944909,1
7907,P_NOUN_9_ADJ_b,M,P,les sacs avec la lampe qui étaient là depuis hier ne sont pas très noirs <eos>,14,noirs,noires,12,F,S,noirs,-10.223923,noires,-12.229139,1
7908,P_NOUN_9_ADJ_b,M,P,les sacs avec la lampe qui étaient là depuis hier ne sont pas très délicats <eos>,14,délicats,délicates,12,F,S,délicats,-7.281558,délicates,-10.834127,1
7909,P_NOUN_9_ADJ_b,M,P,les sacs avec la lampe qui étaient là depuis hier ne sont pas très pointus <eos>,14,pointus,pointues,12,F,S,pointus,-9.691458,pointues,-11.627413,1
7910,P_NOUN_9_ADJ_b,M,P,les sacs avec la lampe qui étaient là depuis hier ne sont pas très ronds <eos>,14,ronds,rondes,12,F,S,ronds,-10.291229,rondes,-13.1225395,1
7911,P_NOUN_9_ADJ_b,M,P,les sacs avec la lampe qui étaient là depuis hier ne sont pas très froids <eos>,14,froids,froides,12,F,S,froids,-8.495568,froides,-8.291538,0
7912,P_NOUN_9_ADJ_b,M,P,les sacs avec la lampe qui étaient là depuis hier ne sont pas très chauds <eos>,14,chauds,chaudes,12,F,S,chauds,-5.951297,chaudes,-9.318125,1
7913,P_NOUN_9_ADJ_b,M,P,les sacs avec la lampe qui étaient là depuis hier ne sont pas très importants <eos>,14,importants,importantes,12,F,S,importants,-5.650489,importantes,-8.205847,1
7914,P_NOUN_9_ADJ_b,M,P,les sacs avec la lampe qui étaient là depuis hier ne sont pas très courts <eos>,14,courts,courtes,12,F,S,courts,-6.2317514,courtes,-9.555992,1
7915,P_NOUN_9_ADJ_b,M,P,les sacs avec la lampe qui étaient là depuis hier ne sont pas très durs <eos>,14,durs,dures,12,F,S,durs,-4.883016,dures,-8.137669,1
7916,P_NOUN_9_ADJ_b,M,P,les sacs avec la lampe qui étaient là depuis hier ne sont pas très clairs <eos>,14,clairs,claires,12,F,S,clairs,-5.033659,claires,-7.612694,1
7917,P_NOUN_9_ADJ_b,M,P,les sacs avec la lampe qui étaient là depuis hier ne sont pas très intéressants <eos>,14,intéressants,intéressantes,12,F,S,intéressants,-6.1896744,intéressantes,-9.109305,1
7918,P_NOUN_9_ADJ_b,M,P,les sacs avec la lampe qui étaient là depuis hier ne sont pas très brillants <eos>,14,brillants,brillantes,12,F,S,brillants,-6.9433527,brillantes,-10.38847,1
7919,P_NOUN_9_ADJ_b,M,P,les sacs avec la lampe qui étaient là depuis hier ne sont pas très compliqués <eos>,14,compliqués,compliquées,12,F,S,compliqués,-5.9139824,compliquées,-10.238035,1
7920,P_NOUN_9_ADJ_b,M,P,les sacs avec la bouteille qui étaient là depuis hier ne sont pas très verts <eos>,14,verts,vertes,12,F,S,verts,-8.069607,vertes,-13.070398,1
7921,P_NOUN_9_ADJ_b,M,P,les sacs avec la bouteille qui étaient là depuis hier ne sont pas très bleus <eos>,14,bleus,bleues,12,F,S,bleus,-9.816399,bleues,-14.360034,1
7922,P_NOUN_9_ADJ_b,M,P,les sacs avec la bouteille qui étaient là depuis hier ne sont pas très noirs <eos>,14,noirs,noires,12,F,S,noirs,-9.755005,noires,-12.270882,1
7923,P_NOUN_9_ADJ_b,M,P,les sacs avec la bouteille qui étaient là depuis hier ne sont pas très délicats <eos>,14,délicats,délicates,12,F,S,délicats,-6.756245,délicates,-10.494013,1
7924,P_NOUN_9_ADJ_b,M,P,les sacs avec la bouteille qui étaient là depuis hier ne sont pas très pointus <eos>,14,pointus,pointues,12,F,S,pointus,-10.101917,pointues,-12.121384,1
7925,P_NOUN_9_ADJ_b,M,P,les sacs avec la bouteille qui étaient là depuis hier ne sont pas très ronds <eos>,14,ronds,rondes,12,F,S,ronds,-10.182066,rondes,-13.227566,1
7926,P_NOUN_9_ADJ_b,M,P,les sacs avec la bouteille qui étaient là depuis hier ne sont pas très froids <eos>,14,froids,froides,12,F,S,froids,-8.140305,froides,-7.656119,0
7927,P_NOUN_9_ADJ_b,M,P,les sacs avec la bouteille qui étaient là depuis hier ne sont pas très chauds <eos>,14,chauds,chaudes,12,F,S,chauds,-6.158683,chaudes,-8.8922205,1
7928,P_NOUN_9_ADJ_b,M,P,les sacs avec la bouteille qui étaient là depuis hier ne sont pas très importants <eos>,14,importants,importantes,12,F,S,importants,-5.4294724,importantes,-7.9235787,1
7929,P_NOUN_9_ADJ_b,M,P,les sacs avec la bouteille qui étaient là depuis hier ne sont pas très courts <eos>,14,courts,courtes,12,F,S,courts,-6.093486,courtes,-10.012178,1
7930,P_NOUN_9_ADJ_b,M,P,les sacs avec la bouteille qui étaient là depuis hier ne sont pas très durs <eos>,14,durs,dures,12,F,S,durs,-5.3199816,dures,-7.9549694,1
7931,P_NOUN_9_ADJ_b,M,P,les sacs avec la bouteille qui étaient là depuis hier ne sont pas très clairs <eos>,14,clairs,claires,12,F,S,clairs,-5.6509676,claires,-7.517085,1
7932,P_NOUN_9_ADJ_b,M,P,les sacs avec la bouteille qui étaient là depuis hier ne sont pas très intéressants <eos>,14,intéressants,intéressantes,12,F,S,intéressants,-6.368449,intéressantes,-9.205253,1
7933,P_NOUN_9_ADJ_b,M,P,les sacs avec la bouteille qui étaient là depuis hier ne sont pas très brillants <eos>,14,brillants,brillantes,12,F,S,brillants,-7.5862494,brillantes,-11.17996,1
7934,P_NOUN_9_ADJ_b,M,P,les sacs avec la bouteille qui étaient là depuis hier ne sont pas très compliqués <eos>,14,compliqués,compliquées,12,F,S,compliqués,-6.563006,compliquées,-10.6894455,1
7935,P_NOUN_9_ADJ_b,M,P,les sacs avec la boisson qui étaient là depuis hier ne sont pas très verts <eos>,14,verts,vertes,12,F,S,verts,-7.774544,vertes,-13.145752,1
7936,P_NOUN_9_ADJ_b,M,P,les sacs avec la boisson qui étaient là depuis hier ne sont pas très bleus <eos>,14,bleus,bleues,12,F,S,bleus,-10.02338,bleues,-14.566505,1
7937,P_NOUN_9_ADJ_b,M,P,les sacs avec la boisson qui étaient là depuis hier ne sont pas très noirs <eos>,14,noirs,noires,12,F,S,noirs,-10.011263,noires,-12.666485,1
7938,P_NOUN_9_ADJ_b,M,P,les sacs avec la boisson qui étaient là depuis hier ne sont pas très délicats <eos>,14,délicats,délicates,12,F,S,délicats,-6.975026,délicates,-10.788839,1
7939,P_NOUN_9_ADJ_b,M,P,les sacs avec la boisson qui étaient là depuis hier ne sont pas très pointus <eos>,14,pointus,pointues,12,F,S,pointus,-10.51676,pointues,-12.690243,1
7940,P_NOUN_9_ADJ_b,M,P,les sacs avec la boisson qui étaient là depuis hier ne sont pas très ronds <eos>,14,ronds,rondes,12,F,S,ronds,-10.490497,rondes,-13.259826,1
7941,P_NOUN_9_ADJ_b,M,P,les sacs avec la boisson qui étaient là depuis hier ne sont pas très froids <eos>,14,froids,froides,12,F,S,froids,-7.8587317,froides,-8.200291,1
7942,P_NOUN_9_ADJ_b,M,P,les sacs avec la boisson qui étaient là depuis hier ne sont pas très chauds <eos>,14,chauds,chaudes,12,F,S,chauds,-6.061591,chaudes,-9.126855,1
7943,P_NOUN_9_ADJ_b,M,P,les sacs avec la boisson qui étaient là depuis hier ne sont pas très importants <eos>,14,importants,importantes,12,F,S,importants,-5.4128633,importantes,-8.067488,1
7944,P_NOUN_9_ADJ_b,M,P,les sacs avec la boisson qui étaient là depuis hier ne sont pas très courts <eos>,14,courts,courtes,12,F,S,courts,-6.541525,courtes,-10.621547,1
7945,P_NOUN_9_ADJ_b,M,P,les sacs avec la boisson qui étaient là depuis hier ne sont pas très durs <eos>,14,durs,dures,12,F,S,durs,-5.5446386,dures,-7.544898,1
7946,P_NOUN_9_ADJ_b,M,P,les sacs avec la boisson qui étaient là depuis hier ne sont pas très clairs <eos>,14,clairs,claires,12,F,S,clairs,-5.4051437,claires,-7.592208,1
7947,P_NOUN_9_ADJ_b,M,P,les sacs avec la boisson qui étaient là depuis hier ne sont pas très intéressants <eos>,14,intéressants,intéressantes,12,F,S,intéressants,-6.437114,intéressantes,-9.335229,1
7948,P_NOUN_9_ADJ_b,M,P,les sacs avec la boisson qui étaient là depuis hier ne sont pas très brillants <eos>,14,brillants,brillantes,12,F,S,brillants,-7.5064993,brillantes,-11.310903,1
7949,P_NOUN_9_ADJ_b,M,P,les sacs avec la boisson qui étaient là depuis hier ne sont pas très compliqués <eos>,14,compliqués,compliquées,12,F,S,compliqués,-6.856508,compliquées,-11.100328,1
7950,P_NOUN_9_ADJ_b,M,P,les sacs avec la pomme qui étaient là depuis hier ne sont pas très verts <eos>,14,verts,vertes,12,F,S,verts,-8.312136,vertes,-13.474407,1
7951,P_NOUN_9_ADJ_b,M,P,les sacs avec la pomme qui étaient là depuis hier ne sont pas très bleus <eos>,14,bleus,bleues,12,F,S,bleus,-10.137818,bleues,-14.960086,1
7952,P_NOUN_9_ADJ_b,M,P,les sacs avec la pomme qui étaient là depuis hier ne sont pas très noirs <eos>,14,noirs,noires,12,F,S,noirs,-9.777374,noires,-12.790337,1
7953,P_NOUN_9_ADJ_b,M,P,les sacs avec la pomme qui étaient là depuis hier ne sont pas très délicats <eos>,14,délicats,délicates,12,F,S,délicats,-6.980613,délicates,-11.031059,1
7954,P_NOUN_9_ADJ_b,M,P,les sacs avec la pomme qui étaient là depuis hier ne sont pas très pointus <eos>,14,pointus,pointues,12,F,S,pointus,-9.926184,pointues,-12.244684,1
7955,P_NOUN_9_ADJ_b,M,P,les sacs avec la pomme qui étaient là depuis hier ne sont pas très ronds <eos>,14,ronds,rondes,12,F,S,ronds,-10.170872,rondes,-13.29286,1
7956,P_NOUN_9_ADJ_b,M,P,les sacs avec la pomme qui étaient là depuis hier ne sont pas très froids <eos>,14,froids,froides,12,F,S,froids,-8.2286,froides,-8.586161,1
7957,P_NOUN_9_ADJ_b,M,P,les sacs avec la pomme qui étaient là depuis hier ne sont pas très chauds <eos>,14,chauds,chaudes,12,F,S,chauds,-6.156558,chaudes,-9.580315,1
7958,P_NOUN_9_ADJ_b,M,P,les sacs avec la pomme qui étaient là depuis hier ne sont pas très importants <eos>,14,importants,importantes,12,F,S,importants,-5.230315,importantes,-8.174228,1
7959,P_NOUN_9_ADJ_b,M,P,les sacs avec la pomme qui étaient là depuis hier ne sont pas très courts <eos>,14,courts,courtes,12,F,S,courts,-6.236065,courtes,-10.300592,1
7960,P_NOUN_9_ADJ_b,M,P,les sacs avec la pomme qui étaient là depuis hier ne sont pas très durs <eos>,14,durs,dures,12,F,S,durs,-5.013097,dures,-7.767555,1
7961,P_NOUN_9_ADJ_b,M,P,les sacs avec la pomme qui étaient là depuis hier ne sont pas très clairs <eos>,14,clairs,claires,12,F,S,clairs,-5.2740164,claires,-7.980381,1
7962,P_NOUN_9_ADJ_b,M,P,les sacs avec la pomme qui étaient là depuis hier ne sont pas très intéressants <eos>,14,intéressants,intéressantes,12,F,S,intéressants,-6.152749,intéressantes,-9.051449,1
7963,P_NOUN_9_ADJ_b,M,P,les sacs avec la pomme qui étaient là depuis hier ne sont pas très brillants <eos>,14,brillants,brillantes,12,F,S,brillants,-7.4114003,brillantes,-11.236769,1
7964,P_NOUN_9_ADJ_b,M,P,les sacs avec la pomme qui étaient là depuis hier ne sont pas très compliqués <eos>,14,compliqués,compliquées,12,F,S,compliqués,-6.5797443,compliquées,-10.710495,1
7965,P_NOUN_9_ADJ_b,M,P,les sacs avec la tasse qui étaient là depuis hier ne sont pas très verts <eos>,14,verts,vertes,12,F,S,verts,-7.5478964,vertes,-12.793391,1
7966,P_NOUN_9_ADJ_b,M,P,les sacs avec la tasse qui étaient là depuis hier ne sont pas très bleus <eos>,14,bleus,bleues,12,F,S,bleus,-9.2844095,bleues,-13.955487,1
7967,P_NOUN_9_ADJ_b,M,P,les sacs avec la tasse qui étaient là depuis hier ne sont pas très noirs <eos>,14,noirs,noires,12,F,S,noirs,-9.074785,noires,-11.910254,1
7968,P_NOUN_9_ADJ_b,M,P,les sacs avec la tasse qui étaient là depuis hier ne sont pas très délicats <eos>,14,délicats,délicates,12,F,S,délicats,-6.947335,délicates,-9.731062,1
7969,P_NOUN_9_ADJ_b,M,P,les sacs avec la tasse qui étaient là depuis hier ne sont pas très pointus <eos>,14,pointus,pointues,12,F,S,pointus,-10.061343,pointues,-12.308899,1
7970,P_NOUN_9_ADJ_b,M,P,les sacs avec la tasse qui étaient là depuis hier ne sont pas très ronds <eos>,14,ronds,rondes,12,F,S,ronds,-9.777215,rondes,-12.909818,1
7971,P_NOUN_9_ADJ_b,M,P,les sacs avec la tasse qui étaient là depuis hier ne sont pas très froids <eos>,14,froids,froides,12,F,S,froids,-7.748553,froides,-7.6303163,0
7972,P_NOUN_9_ADJ_b,M,P,les sacs avec la tasse qui étaient là depuis hier ne sont pas très chauds <eos>,14,chauds,chaudes,12,F,S,chauds,-5.9527597,chaudes,-8.582951,1
7973,P_NOUN_9_ADJ_b,M,P,les sacs avec la tasse qui étaient là depuis hier ne sont pas très importants <eos>,14,importants,importantes,12,F,S,importants,-5.4130936,importantes,-7.9368715,1
7974,P_NOUN_9_ADJ_b,M,P,les sacs avec la tasse qui étaient là depuis hier ne sont pas très courts <eos>,14,courts,courtes,12,F,S,courts,-6.3524756,courtes,-10.522192,1
7975,P_NOUN_9_ADJ_b,M,P,les sacs avec la tasse qui étaient là depuis hier ne sont pas très durs <eos>,14,durs,dures,12,F,S,durs,-5.556252,dures,-8.130278,1
7976,P_NOUN_9_ADJ_b,M,P,les sacs avec la tasse qui étaient là depuis hier ne sont pas très clairs <eos>,14,clairs,claires,12,F,S,clairs,-4.9163113,claires,-7.1847486,1
7977,P_NOUN_9_ADJ_b,M,P,les sacs avec la tasse qui étaient là depuis hier ne sont pas très intéressants <eos>,14,intéressants,intéressantes,12,F,S,intéressants,-6.4435387,intéressantes,-9.652373,1
7978,P_NOUN_9_ADJ_b,M,P,les sacs avec la tasse qui étaient là depuis hier ne sont pas très brillants <eos>,14,brillants,brillantes,12,F,S,brillants,-7.4423814,brillantes,-11.016617,1
7979,P_NOUN_9_ADJ_b,M,P,les sacs avec la tasse qui étaient là depuis hier ne sont pas très compliqués <eos>,14,compliqués,compliquées,12,F,S,compliqués,-6.583083,compliquées,-10.895848,1
7980,P_NOUN_9_ADJ_b,M,P,les sacs avec la bougie qui étaient là depuis hier ne sont pas très verts <eos>,14,verts,vertes,12,F,S,verts,-8.228563,vertes,-13.347334,1
7981,P_NOUN_9_ADJ_b,M,P,les sacs avec la bougie qui étaient là depuis hier ne sont pas très bleus <eos>,14,bleus,bleues,12,F,S,bleus,-9.906237,bleues,-14.434925,1
7982,P_NOUN_9_ADJ_b,M,P,les sacs avec la bougie qui étaient là depuis hier ne sont pas très noirs <eos>,14,noirs,noires,12,F,S,noirs,-9.825691,noires,-12.545598,1
7983,P_NOUN_9_ADJ_b,M,P,les sacs avec la bougie qui étaient là depuis hier ne sont pas très délicats <eos>,14,délicats,délicates,12,F,S,délicats,-7.0274096,délicates,-10.658782,1
7984,P_NOUN_9_ADJ_b,M,P,les sacs avec la bougie qui étaient là depuis hier ne sont pas très pointus <eos>,14,pointus,pointues,12,F,S,pointus,-9.974455,pointues,-11.937958,1
7985,P_NOUN_9_ADJ_b,M,P,les sacs avec la bougie qui étaient là depuis hier ne sont pas très ronds <eos>,14,ronds,rondes,12,F,S,ronds,-10.353069,rondes,-13.372274,1
7986,P_NOUN_9_ADJ_b,M,P,les sacs avec la bougie qui étaient là depuis hier ne sont pas très froids <eos>,14,froids,froides,12,F,S,froids,-8.17095,froides,-7.9796543,0
7987,P_NOUN_9_ADJ_b,M,P,les sacs avec la bougie qui étaient là depuis hier ne sont pas très chauds <eos>,14,chauds,chaudes,12,F,S,chauds,-6.105052,chaudes,-9.371114,1
7988,P_NOUN_9_ADJ_b,M,P,les sacs avec la bougie qui étaient là depuis hier ne sont pas très importants <eos>,14,importants,importantes,12,F,S,importants,-5.496027,importantes,-8.3750515,1
7989,P_NOUN_9_ADJ_b,M,P,les sacs avec la bougie qui étaient là depuis hier ne sont pas très courts <eos>,14,courts,courtes,12,F,S,courts,-6.200411,courtes,-10.018355,1
7990,P_NOUN_9_ADJ_b,M,P,les sacs avec la bougie qui étaient là depuis hier ne sont pas très durs <eos>,14,durs,dures,12,F,S,durs,-4.7946424,dures,-7.678809,1
7991,P_NOUN_9_ADJ_b,M,P,les sacs avec la bougie qui étaient là depuis hier ne sont pas très clairs <eos>,14,clairs,claires,12,F,S,clairs,-5.1559267,claires,-7.7222605,1
7992,P_NOUN_9_ADJ_b,M,P,les sacs avec la bougie qui étaient là depuis hier ne sont pas très intéressants <eos>,14,intéressants,intéressantes,12,F,S,intéressants,-6.2658653,intéressantes,-9.33003,1
7993,P_NOUN_9_ADJ_b,M,P,les sacs avec la bougie qui étaient là depuis hier ne sont pas très brillants <eos>,14,brillants,brillantes,12,F,S,brillants,-7.022667,brillantes,-10.941483,1
7994,P_NOUN_9_ADJ_b,M,P,les sacs avec la bougie qui étaient là depuis hier ne sont pas très compliqués <eos>,14,compliqués,compliquées,12,F,S,compliqués,-6.186615,compliquées,-10.180919,1
7995,P_NOUN_9_ADJ_b,M,P,les sacs avec la pochette qui étaient là depuis hier ne sont pas très verts <eos>,14,verts,vertes,12,F,S,verts,-7.9838724,vertes,-12.835926,1
7996,P_NOUN_9_ADJ_b,M,P,les sacs avec la pochette qui étaient là depuis hier ne sont pas très bleus <eos>,14,bleus,bleues,12,F,S,bleus,-9.543681,bleues,-13.359485,1
7997,P_NOUN_9_ADJ_b,M,P,les sacs avec la pochette qui étaient là depuis hier ne sont pas très noirs <eos>,14,noirs,noires,12,F,S,noirs,-9.493916,noires,-12.130357,1
7998,P_NOUN_9_ADJ_b,M,P,les sacs avec la pochette qui étaient là depuis hier ne sont pas très délicats <eos>,14,délicats,délicates,12,F,S,délicats,-7.4842544,délicates,-10.224432,1
7999,P_NOUN_9_ADJ_b,M,P,les sacs avec la pochette qui étaient là depuis hier ne sont pas très pointus <eos>,14,pointus,pointues,12,F,S,pointus,-9.842354,pointues,-11.950867,1
8000,P_NOUN_9_ADJ_b,M,P,les sacs avec la pochette qui étaient là depuis hier ne sont pas très ronds <eos>,14,ronds,rondes,12,F,S,ronds,-9.711661,rondes,-13.014082,1
8001,P_NOUN_9_ADJ_b,M,P,les sacs avec la pochette qui étaient là depuis hier ne sont pas très froids <eos>,14,froids,froides,12,F,S,froids,-9.537139,froides,-8.830816,0
8002,P_NOUN_9_ADJ_b,M,P,les sacs avec la pochette qui étaient là depuis hier ne sont pas très chauds <eos>,14,chauds,chaudes,12,F,S,chauds,-7.756943,chaudes,-10.787338,1
8003,P_NOUN_9_ADJ_b,M,P,les sacs avec la pochette qui étaient là depuis hier ne sont pas très importants <eos>,14,importants,importantes,12,F,S,importants,-5.8646164,importantes,-9.010542,1
8004,P_NOUN_9_ADJ_b,M,P,les sacs avec la pochette qui étaient là depuis hier ne sont pas très courts <eos>,14,courts,courtes,12,F,S,courts,-5.685952,courtes,-9.404795,1
8005,P_NOUN_9_ADJ_b,M,P,les sacs avec la pochette qui étaient là depuis hier ne sont pas très durs <eos>,14,durs,dures,12,F,S,durs,-5.5950475,dures,-8.726845,1
8006,P_NOUN_9_ADJ_b,M,P,les sacs avec la pochette qui étaient là depuis hier ne sont pas très clairs <eos>,14,clairs,claires,12,F,S,clairs,-4.7335815,claires,-7.180376,1
8007,P_NOUN_9_ADJ_b,M,P,les sacs avec la pochette qui étaient là depuis hier ne sont pas très intéressants <eos>,14,intéressants,intéressantes,12,F,S,intéressants,-5.5288095,intéressantes,-9.2885895,1
8008,P_NOUN_9_ADJ_b,M,P,les sacs avec la pochette qui étaient là depuis hier ne sont pas très brillants <eos>,14,brillants,brillantes,12,F,S,brillants,-7.441587,brillantes,-10.747694,1
8009,P_NOUN_9_ADJ_b,M,P,les sacs avec la pochette qui étaient là depuis hier ne sont pas très compliqués <eos>,14,compliqués,compliquées,12,F,S,compliqués,-5.9176526,compliquées,-9.518597,1
8010,P_NOUN_9_ADJ_b,M,P,les sacs avec la banane qui étaient là depuis hier ne sont pas très verts <eos>,14,verts,vertes,12,F,S,verts,-7.909592,vertes,-12.867458,1
8011,P_NOUN_9_ADJ_b,M,P,les sacs avec la banane qui étaient là depuis hier ne sont pas très bleus <eos>,14,bleus,bleues,12,F,S,bleus,-9.881122,bleues,-14.229655,1
8012,P_NOUN_9_ADJ_b,M,P,les sacs avec la banane qui étaient là depuis hier ne sont pas très noirs <eos>,14,noirs,noires,12,F,S,noirs,-9.519012,noires,-12.583445,1
8013,P_NOUN_9_ADJ_b,M,P,les sacs avec la banane qui étaient là depuis hier ne sont pas très délicats <eos>,14,délicats,délicates,12,F,S,délicats,-7.0429897,délicates,-10.539897,1
8014,P_NOUN_9_ADJ_b,M,P,les sacs avec la banane qui étaient là depuis hier ne sont pas très pointus <eos>,14,pointus,pointues,12,F,S,pointus,-10.008757,pointues,-12.642539,1
8015,P_NOUN_9_ADJ_b,M,P,les sacs avec la banane qui étaient là depuis hier ne sont pas très ronds <eos>,14,ronds,rondes,12,F,S,ronds,-9.8389,rondes,-13.438677,1
8016,P_NOUN_9_ADJ_b,M,P,les sacs avec la banane qui étaient là depuis hier ne sont pas très froids <eos>,14,froids,froides,12,F,S,froids,-7.509202,froides,-8.255573,1
8017,P_NOUN_9_ADJ_b,M,P,les sacs avec la banane qui étaient là depuis hier ne sont pas très chauds <eos>,14,chauds,chaudes,12,F,S,chauds,-6.2767105,chaudes,-9.027735,1
8018,P_NOUN_9_ADJ_b,M,P,les sacs avec la banane qui étaient là depuis hier ne sont pas très importants <eos>,14,importants,importantes,12,F,S,importants,-5.34211,importantes,-8.114748,1
8019,P_NOUN_9_ADJ_b,M,P,les sacs avec la banane qui étaient là depuis hier ne sont pas très courts <eos>,14,courts,courtes,12,F,S,courts,-6.102582,courtes,-10.4106045,1
8020,P_NOUN_9_ADJ_b,M,P,les sacs avec la banane qui étaient là depuis hier ne sont pas très durs <eos>,14,durs,dures,12,F,S,durs,-5.175373,dures,-7.4606323,1
8021,P_NOUN_9_ADJ_b,M,P,les sacs avec la banane qui étaient là depuis hier ne sont pas très clairs <eos>,14,clairs,claires,12,F,S,clairs,-4.907072,claires,-7.6664047,1
8022,P_NOUN_9_ADJ_b,M,P,les sacs avec la banane qui étaient là depuis hier ne sont pas très intéressants <eos>,14,intéressants,intéressantes,12,F,S,intéressants,-6.367744,intéressantes,-9.05851,1
8023,P_NOUN_9_ADJ_b,M,P,les sacs avec la banane qui étaient là depuis hier ne sont pas très brillants <eos>,14,brillants,brillantes,12,F,S,brillants,-7.0818806,brillantes,-10.588992,1
8024,P_NOUN_9_ADJ_b,M,P,les sacs avec la banane qui étaient là depuis hier ne sont pas très compliqués <eos>,14,compliqués,compliquées,12,F,S,compliqués,-6.6559625,compliquées,-10.7255,1
8025,P_NOUN_9_ADJ_b,M,P,les sacs avec la robe qui étaient là depuis hier ne sont pas très verts <eos>,14,verts,vertes,12,F,S,verts,-7.820359,vertes,-12.869788,1
8026,P_NOUN_9_ADJ_b,M,P,les sacs avec la robe qui étaient là depuis hier ne sont pas très bleus <eos>,14,bleus,bleues,12,F,S,bleus,-8.789372,bleues,-13.396098,1
8027,P_NOUN_9_ADJ_b,M,P,les sacs avec la robe qui étaient là depuis hier ne sont pas très noirs <eos>,14,noirs,noires,12,F,S,noirs,-8.978703,noires,-11.89061,1
8028,P_NOUN_9_ADJ_b,M,P,les sacs avec la robe qui étaient là depuis hier ne sont pas très délicats <eos>,14,délicats,délicates,12,F,S,délicats,-7.4142857,délicates,-10.813783,1
8029,P_NOUN_9_ADJ_b,M,P,les sacs avec la robe qui étaient là depuis hier ne sont pas très pointus <eos>,14,pointus,pointues,12,F,S,pointus,-9.909254,pointues,-12.0174,1
8030,P_NOUN_9_ADJ_b,M,P,les sacs avec la robe qui étaient là depuis hier ne sont pas très ronds <eos>,14,ronds,rondes,12,F,S,ronds,-10.182468,rondes,-13.013361,1
8031,P_NOUN_9_ADJ_b,M,P,les sacs avec la robe qui étaient là depuis hier ne sont pas très froids <eos>,14,froids,froides,12,F,S,froids,-8.0542,froides,-8.297519,1
8032,P_NOUN_9_ADJ_b,M,P,les sacs avec la robe qui étaient là depuis hier ne sont pas très chauds <eos>,14,chauds,chaudes,12,F,S,chauds,-5.8522606,chaudes,-9.599855,1
8033,P_NOUN_9_ADJ_b,M,P,les sacs avec la robe qui étaient là depuis hier ne sont pas très importants <eos>,14,importants,importantes,12,F,S,importants,-5.6208024,importantes,-8.322174,1
8034,P_NOUN_9_ADJ_b,M,P,les sacs avec la robe qui étaient là depuis hier ne sont pas très courts <eos>,14,courts,courtes,12,F,S,courts,-5.9470387,courtes,-9.623274,1
8035,P_NOUN_9_ADJ_b,M,P,les sacs avec la robe qui étaient là depuis hier ne sont pas très durs <eos>,14,durs,dures,12,F,S,durs,-5.237645,dures,-7.6918936,1
8036,P_NOUN_9_ADJ_b,M,P,les sacs avec la robe qui étaient là depuis hier ne sont pas très clairs <eos>,14,clairs,claires,12,F,S,clairs,-3.4361522,claires,-7.177294,1
8037,P_NOUN_9_ADJ_b,M,P,les sacs avec la robe qui étaient là depuis hier ne sont pas très intéressants <eos>,14,intéressants,intéressantes,12,F,S,intéressants,-6.6014895,intéressantes,-9.464428,1
8038,P_NOUN_9_ADJ_b,M,P,les sacs avec la robe qui étaient là depuis hier ne sont pas très brillants <eos>,14,brillants,brillantes,12,F,S,brillants,-6.9510384,brillantes,-10.047896,1
8039,P_NOUN_9_ADJ_b,M,P,les sacs avec la robe qui étaient là depuis hier ne sont pas très compliqués <eos>,14,compliqués,compliquées,12,F,S,compliqués,-6.4591875,compliquées,-10.489723,1
8040,P_NOUN_9_ADJ_b,M,P,les sacs avec la valise qui étaient là depuis hier ne sont pas très verts <eos>,14,verts,vertes,12,F,S,verts,-8.437647,vertes,-12.719665,1
8041,P_NOUN_9_ADJ_b,M,P,les sacs avec la valise qui étaient là depuis hier ne sont pas très bleus <eos>,14,bleus,bleues,12,F,S,bleus,-9.405209,bleues,-14.025342,1
8042,P_NOUN_9_ADJ_b,M,P,les sacs avec la valise qui étaient là depuis hier ne sont pas très noirs <eos>,14,noirs,noires,12,F,S,noirs,-9.386047,noires,-12.121177,1
8043,P_NOUN_9_ADJ_b,M,P,les sacs avec la valise qui étaient là depuis hier ne sont pas très délicats <eos>,14,délicats,délicates,12,F,S,délicats,-8.000239,délicates,-10.549595,1
8044,P_NOUN_9_ADJ_b,M,P,les sacs avec la valise qui étaient là depuis hier ne sont pas très pointus <eos>,14,pointus,pointues,12,F,S,pointus,-9.557171,pointues,-12.127662,1
8045,P_NOUN_9_ADJ_b,M,P,les sacs avec la valise qui étaient là depuis hier ne sont pas très ronds <eos>,14,ronds,rondes,12,F,S,ronds,-10.802345,rondes,-13.6107235,1
8046,P_NOUN_9_ADJ_b,M,P,les sacs avec la valise qui étaient là depuis hier ne sont pas très froids <eos>,14,froids,froides,12,F,S,froids,-9.432217,froides,-8.554424,0
8047,P_NOUN_9_ADJ_b,M,P,les sacs avec la valise qui étaient là depuis hier ne sont pas très chauds <eos>,14,chauds,chaudes,12,F,S,chauds,-6.740224,chaudes,-10.320662,1
8048,P_NOUN_9_ADJ_b,M,P,les sacs avec la valise qui étaient là depuis hier ne sont pas très importants <eos>,14,importants,importantes,12,F,S,importants,-5.831004,importantes,-8.675806,1
8049,P_NOUN_9_ADJ_b,M,P,les sacs avec la valise qui étaient là depuis hier ne sont pas très courts <eos>,14,courts,courtes,12,F,S,courts,-6.3429413,courtes,-9.818259,1
8050,P_NOUN_9_ADJ_b,M,P,les sacs avec la valise qui étaient là depuis hier ne sont pas très durs <eos>,14,durs,dures,12,F,S,durs,-5.4142075,dures,-8.798007,1
8051,P_NOUN_9_ADJ_b,M,P,les sacs avec la valise qui étaient là depuis hier ne sont pas très clairs <eos>,14,clairs,claires,12,F,S,clairs,-5.271016,claires,-8.17083,1
8052,P_NOUN_9_ADJ_b,M,P,les sacs avec la valise qui étaient là depuis hier ne sont pas très intéressants <eos>,14,intéressants,intéressantes,12,F,S,intéressants,-5.5979137,intéressantes,-9.578747,1
8053,P_NOUN_9_ADJ_b,M,P,les sacs avec la valise qui étaient là depuis hier ne sont pas très brillants <eos>,14,brillants,brillantes,12,F,S,brillants,-7.4400125,brillantes,-11.451221,1
8054,P_NOUN_9_ADJ_b,M,P,les sacs avec la valise qui étaient là depuis hier ne sont pas très compliqués <eos>,14,compliqués,compliquées,12,F,S,compliqués,-6.0440273,compliquées,-9.9772835,1
8055,P_NOUN_9_ADJ_b,M,P,les sacs avec la pendule qui étaient là depuis hier ne sont pas très verts <eos>,14,verts,vertes,12,F,S,verts,-7.8537188,vertes,-12.9739275,1
8056,P_NOUN_9_ADJ_b,M,P,les sacs avec la pendule qui étaient là depuis hier ne sont pas très bleus <eos>,14,bleus,bleues,12,F,S,bleus,-10.291458,bleues,-14.56299,1
8057,P_NOUN_9_ADJ_b,M,P,les sacs avec la pendule qui étaient là depuis hier ne sont pas très noirs <eos>,14,noirs,noires,12,F,S,noirs,-10.498911,noires,-12.753375,1
8058,P_NOUN_9_ADJ_b,M,P,les sacs avec la pendule qui étaient là depuis hier ne sont pas très délicats <eos>,14,délicats,délicates,12,F,S,délicats,-7.4890866,délicates,-11.152912,1
8059,P_NOUN_9_ADJ_b,M,P,les sacs avec la pendule qui étaient là depuis hier ne sont pas très pointus <eos>,14,pointus,pointues,12,F,S,pointus,-9.453899,pointues,-11.6570425,1
8060,P_NOUN_9_ADJ_b,M,P,les sacs avec la pendule qui étaient là depuis hier ne sont pas très ronds <eos>,14,ronds,rondes,12,F,S,ronds,-10.6777315,rondes,-13.458809,1
8061,P_NOUN_9_ADJ_b,M,P,les sacs avec la pendule qui étaient là depuis hier ne sont pas très froids <eos>,14,froids,froides,12,F,S,froids,-8.385649,froides,-8.1917305,0
8062,P_NOUN_9_ADJ_b,M,P,les sacs avec la pendule qui étaient là depuis hier ne sont pas très chauds <eos>,14,chauds,chaudes,12,F,S,chauds,-5.7748213,chaudes,-9.606299,1
8063,P_NOUN_9_ADJ_b,M,P,les sacs avec la pendule qui étaient là depuis hier ne sont pas très importants <eos>,14,importants,importantes,12,F,S,importants,-5.7189035,importantes,-8.630489,1
8064,P_NOUN_9_ADJ_b,M,P,les sacs avec la pendule qui étaient là depuis hier ne sont pas très courts <eos>,14,courts,courtes,12,F,S,courts,-5.9815493,courtes,-9.790556,1
8065,P_NOUN_9_ADJ_b,M,P,les sacs avec la pendule qui étaient là depuis hier ne sont pas très durs <eos>,14,durs,dures,12,F,S,durs,-4.7596765,dures,-8.032497,1
8066,P_NOUN_9_ADJ_b,M,P,les sacs avec la pendule qui étaient là depuis hier ne sont pas très clairs <eos>,14,clairs,claires,12,F,S,clairs,-5.4842067,claires,-8.100084,1
8067,P_NOUN_9_ADJ_b,M,P,les sacs avec la pendule qui étaient là depuis hier ne sont pas très intéressants <eos>,14,intéressants,intéressantes,12,F,S,intéressants,-6.448523,intéressantes,-9.58725,1
8068,P_NOUN_9_ADJ_b,M,P,les sacs avec la pendule qui étaient là depuis hier ne sont pas très brillants <eos>,14,brillants,brillantes,12,F,S,brillants,-7.034906,brillantes,-10.913305,1
8069,P_NOUN_9_ADJ_b,M,P,les sacs avec la pendule qui étaient là depuis hier ne sont pas très compliqués <eos>,14,compliqués,compliquées,12,F,S,compliqués,-5.9868164,compliquées,-10.378891,1
8070,P_NOUN_9_ADJ_b,M,P,les sacs avec la cloche qui étaient là depuis hier ne sont pas très verts <eos>,14,verts,vertes,12,F,S,verts,-8.032987,vertes,-13.29131,1
8071,P_NOUN_9_ADJ_b,M,P,les sacs avec la cloche qui étaient là depuis hier ne sont pas très bleus <eos>,14,bleus,bleues,12,F,S,bleus,-10.0512295,bleues,-14.543077,1
8072,P_NOUN_9_ADJ_b,M,P,les sacs avec la cloche qui étaient là depuis hier ne sont pas très noirs <eos>,14,noirs,noires,12,F,S,noirs,-10.168886,noires,-12.79071,1
8073,P_NOUN_9_ADJ_b,M,P,les sacs avec la cloche qui étaient là depuis hier ne sont pas très délicats <eos>,14,délicats,délicates,12,F,S,délicats,-6.979496,délicates,-10.567561,1
8074,P_NOUN_9_ADJ_b,M,P,les sacs avec la cloche qui étaient là depuis hier ne sont pas très pointus <eos>,14,pointus,pointues,12,F,S,pointus,-9.802149,pointues,-11.948488,1
8075,P_NOUN_9_ADJ_b,M,P,les sacs avec la cloche qui étaient là depuis hier ne sont pas très ronds <eos>,14,ronds,rondes,12,F,S,ronds,-9.863711,rondes,-12.969213,1
8076,P_NOUN_9_ADJ_b,M,P,les sacs avec la cloche qui étaient là depuis hier ne sont pas très froids <eos>,14,froids,froides,12,F,S,froids,-8.632414,froides,-9.230913,1
8077,P_NOUN_9_ADJ_b,M,P,les sacs avec la cloche qui étaient là depuis hier ne sont pas très chauds <eos>,14,chauds,chaudes,12,F,S,chauds,-6.6137247,chaudes,-9.902911,1
8078,P_NOUN_9_ADJ_b,M,P,les sacs avec la cloche qui étaient là depuis hier ne sont pas très importants <eos>,14,importants,importantes,12,F,S,importants,-5.3790035,importantes,-8.510831,1
8079,P_NOUN_9_ADJ_b,M,P,les sacs avec la cloche qui étaient là depuis hier ne sont pas très courts <eos>,14,courts,courtes,12,F,S,courts,-5.9080687,courtes,-9.87507,1
8080,P_NOUN_9_ADJ_b,M,P,les sacs avec la cloche qui étaient là depuis hier ne sont pas très durs <eos>,14,durs,dures,12,F,S,durs,-5.093801,dures,-7.7950273,1
8081,P_NOUN_9_ADJ_b,M,P,les sacs avec la cloche qui étaient là depuis hier ne sont pas très clairs <eos>,14,clairs,claires,12,F,S,clairs,-4.6864214,claires,-7.836006,1
8082,P_NOUN_9_ADJ_b,M,P,les sacs avec la cloche qui étaient là depuis hier ne sont pas très intéressants <eos>,14,intéressants,intéressantes,12,F,S,intéressants,-5.8341675,intéressantes,-9.244666,1
8083,P_NOUN_9_ADJ_b,M,P,les sacs avec la cloche qui étaient là depuis hier ne sont pas très brillants <eos>,14,brillants,brillantes,12,F,S,brillants,-7.183098,brillantes,-11.09409,1
8084,P_NOUN_9_ADJ_b,M,P,les sacs avec la cloche qui étaient là depuis hier ne sont pas très compliqués <eos>,14,compliqués,compliquées,12,F,S,compliqués,-6.2296166,compliquées,-10.239822,1
8085,P_NOUN_9_ADJ_b,M,P,les sacs avec la cerise qui étaient là depuis hier ne sont pas très verts <eos>,14,verts,vertes,12,F,S,verts,-7.8395667,vertes,-12.787523,1
8086,P_NOUN_9_ADJ_b,M,P,les sacs avec la cerise qui étaient là depuis hier ne sont pas très bleus <eos>,14,bleus,bleues,12,F,S,bleus,-9.994557,bleues,-14.620085,1
8087,P_NOUN_9_ADJ_b,M,P,les sacs avec la cerise qui étaient là depuis hier ne sont pas très noirs <eos>,14,noirs,noires,12,F,S,noirs,-10.037352,noires,-12.797003,1
8088,P_NOUN_9_ADJ_b,M,P,les sacs avec la cerise qui étaient là depuis hier ne sont pas très délicats <eos>,14,délicats,délicates,12,F,S,délicats,-6.601239,délicates,-10.437606,1
8089,P_NOUN_9_ADJ_b,M,P,les sacs avec la cerise qui étaient là depuis hier ne sont pas très pointus <eos>,14,pointus,pointues,12,F,S,pointus,-10.156695,pointues,-12.351604,1
8090,P_NOUN_9_ADJ_b,M,P,les sacs avec la cerise qui étaient là depuis hier ne sont pas très ronds <eos>,14,ronds,rondes,12,F,S,ronds,-9.721778,rondes,-13.253399,1
8091,P_NOUN_9_ADJ_b,M,P,les sacs avec la cerise qui étaient là depuis hier ne sont pas très froids <eos>,14,froids,froides,12,F,S,froids,-7.5336323,froides,-8.147766,1
8092,P_NOUN_9_ADJ_b,M,P,les sacs avec la cerise qui étaient là depuis hier ne sont pas très chauds <eos>,14,chauds,chaudes,12,F,S,chauds,-5.7916384,chaudes,-8.933043,1
8093,P_NOUN_9_ADJ_b,M,P,les sacs avec la cerise qui étaient là depuis hier ne sont pas très importants <eos>,14,importants,importantes,12,F,S,importants,-5.532574,importantes,-8.333866,1
8094,P_NOUN_9_ADJ_b,M,P,les sacs avec la cerise qui étaient là depuis hier ne sont pas très courts <eos>,14,courts,courtes,12,F,S,courts,-6.4500866,courtes,-10.757697,1
8095,P_NOUN_9_ADJ_b,M,P,les sacs avec la cerise qui étaient là depuis hier ne sont pas très durs <eos>,14,durs,dures,12,F,S,durs,-5.14633,dures,-7.7754335,1
8096,P_NOUN_9_ADJ_b,M,P,les sacs avec la cerise qui étaient là depuis hier ne sont pas très clairs <eos>,14,clairs,claires,12,F,S,clairs,-4.9382505,claires,-7.612911,1
8097,P_NOUN_9_ADJ_b,M,P,les sacs avec la cerise qui étaient là depuis hier ne sont pas très intéressants <eos>,14,intéressants,intéressantes,12,F,S,intéressants,-6.4873476,intéressantes,-9.098218,1
8098,P_NOUN_9_ADJ_b,M,P,les sacs avec la cerise qui étaient là depuis hier ne sont pas très brillants <eos>,14,brillants,brillantes,12,F,S,brillants,-6.8638754,brillantes,-10.622333,1
8099,P_NOUN_9_ADJ_b,M,P,les sacs avec la cerise qui étaient là depuis hier ne sont pas très compliqués <eos>,14,compliqués,compliquées,12,F,S,compliqués,-6.5356464,compliquées,-10.813195,1
8100,P_NOUN_9_ADJ_b,M,P,les claviers avec la gemme qui étaient là depuis hier ne sont pas très verts <eos>,14,verts,vertes,12,F,S,verts,-9.195108,vertes,-14.128834,1
8101,P_NOUN_9_ADJ_b,M,P,les claviers avec la gemme qui étaient là depuis hier ne sont pas très bleus <eos>,14,bleus,bleues,12,F,S,bleus,-10.913659,bleues,-15.311366,1
8102,P_NOUN_9_ADJ_b,M,P,les claviers avec la gemme qui étaient là depuis hier ne sont pas très noirs <eos>,14,noirs,noires,12,F,S,noirs,-10.407095,noires,-13.382534,1
8103,P_NOUN_9_ADJ_b,M,P,les claviers avec la gemme qui étaient là depuis hier ne sont pas très délicats <eos>,14,délicats,délicates,12,F,S,délicats,-7.6244574,délicates,-10.901224,1
8104,P_NOUN_9_ADJ_b,M,P,les claviers avec la gemme qui étaient là depuis hier ne sont pas très pointus <eos>,14,pointus,pointues,12,F,S,pointus,-10.286924,pointues,-11.49761,1
8105,P_NOUN_9_ADJ_b,M,P,les claviers avec la gemme qui étaient là depuis hier ne sont pas très ronds <eos>,14,ronds,rondes,12,F,S,ronds,-11.023856,rondes,-13.724937,1
8106,P_NOUN_9_ADJ_b,M,P,les claviers avec la gemme qui étaient là depuis hier ne sont pas très froids <eos>,14,froids,froides,12,F,S,froids,-9.327925,froides,-9.167245,0
8107,P_NOUN_9_ADJ_b,M,P,les claviers avec la gemme qui étaient là depuis hier ne sont pas très chauds <eos>,14,chauds,chaudes,12,F,S,chauds,-7.897341,chaudes,-10.836757,1
8108,P_NOUN_9_ADJ_b,M,P,les claviers avec la gemme qui étaient là depuis hier ne sont pas très importants <eos>,14,importants,importantes,12,F,S,importants,-5.43259,importantes,-8.38406,1
8109,P_NOUN_9_ADJ_b,M,P,les claviers avec la gemme qui étaient là depuis hier ne sont pas très courts <eos>,14,courts,courtes,12,F,S,courts,-5.989681,courtes,-9.298483,1
8110,P_NOUN_9_ADJ_b,M,P,les claviers avec la gemme qui étaient là depuis hier ne sont pas très durs <eos>,14,durs,dures,12,F,S,durs,-4.556059,dures,-8.380572,1
8111,P_NOUN_9_ADJ_b,M,P,les claviers avec la gemme qui étaient là depuis hier ne sont pas très clairs <eos>,14,clairs,claires,12,F,S,clairs,-4.509882,claires,-7.083045,1
8112,P_NOUN_9_ADJ_b,M,P,les claviers avec la gemme qui étaient là depuis hier ne sont pas très intéressants <eos>,14,intéressants,intéressantes,12,F,S,intéressants,-5.724923,intéressantes,-8.985276,1
8113,P_NOUN_9_ADJ_b,M,P,les claviers avec la gemme qui étaient là depuis hier ne sont pas très brillants <eos>,14,brillants,brillantes,12,F,S,brillants,-6.8587556,brillantes,-9.936914,1
8114,P_NOUN_9_ADJ_b,M,P,les claviers avec la gemme qui étaient là depuis hier ne sont pas très compliqués <eos>,14,compliqués,compliquées,12,F,S,compliqués,-4.7313786,compliquées,-8.454636,1
8115,P_NOUN_9_ADJ_b,M,P,les claviers avec la chaise qui étaient là depuis hier ne sont pas très verts <eos>,14,verts,vertes,12,F,S,verts,-9.346756,vertes,-14.45772,1
8116,P_NOUN_9_ADJ_b,M,P,les claviers avec la chaise qui étaient là depuis hier ne sont pas très bleus <eos>,14,bleus,bleues,12,F,S,bleus,-11.279863,bleues,-15.463938,1
8117,P_NOUN_9_ADJ_b,M,P,les claviers avec la chaise qui étaient là depuis hier ne sont pas très noirs <eos>,14,noirs,noires,12,F,S,noirs,-10.603952,noires,-13.424595,1
8118,P_NOUN_9_ADJ_b,M,P,les claviers avec la chaise qui étaient là depuis hier ne sont pas très délicats <eos>,14,délicats,délicates,12,F,S,délicats,-8.0226965,délicates,-11.166667,1
8119,P_NOUN_9_ADJ_b,M,P,les claviers avec la chaise qui étaient là depuis hier ne sont pas très pointus <eos>,14,pointus,pointues,12,F,S,pointus,-10.336153,pointues,-11.451237,1
8120,P_NOUN_9_ADJ_b,M,P,les claviers avec la chaise qui étaient là depuis hier ne sont pas très ronds <eos>,14,ronds,rondes,12,F,S,ronds,-10.856877,rondes,-13.133796,1
8121,P_NOUN_9_ADJ_b,M,P,les claviers avec la chaise qui étaient là depuis hier ne sont pas très froids <eos>,14,froids,froides,12,F,S,froids,-9.911803,froides,-9.562748,0
8122,P_NOUN_9_ADJ_b,M,P,les claviers avec la chaise qui étaient là depuis hier ne sont pas très chauds <eos>,14,chauds,chaudes,12,F,S,chauds,-8.4555855,chaudes,-11.623503,1
8123,P_NOUN_9_ADJ_b,M,P,les claviers avec la chaise qui étaient là depuis hier ne sont pas très importants <eos>,14,importants,importantes,12,F,S,importants,-5.8334174,importantes,-8.973707,1
8124,P_NOUN_9_ADJ_b,M,P,les claviers avec la chaise qui étaient là depuis hier ne sont pas très courts <eos>,14,courts,courtes,12,F,S,courts,-6.2519608,courtes,-9.099562,1
8125,P_NOUN_9_ADJ_b,M,P,les claviers avec la chaise qui étaient là depuis hier ne sont pas très durs <eos>,14,durs,dures,12,F,S,durs,-4.4704013,dures,-8.569475,1
8126,P_NOUN_9_ADJ_b,M,P,les claviers avec la chaise qui étaient là depuis hier ne sont pas très clairs <eos>,14,clairs,claires,12,F,S,clairs,-4.7459536,claires,-7.237405,1
8127,P_NOUN_9_ADJ_b,M,P,les claviers avec la chaise qui étaient là depuis hier ne sont pas très intéressants <eos>,14,intéressants,intéressantes,12,F,S,intéressants,-5.994852,intéressantes,-9.532684,1
8128,P_NOUN_9_ADJ_b,M,P,les claviers avec la chaise qui étaient là depuis hier ne sont pas très brillants <eos>,14,brillants,brillantes,12,F,S,brillants,-7.393197,brillantes,-10.242966,1
8129,P_NOUN_9_ADJ_b,M,P,les claviers avec la chaise qui étaient là depuis hier ne sont pas très compliqués <eos>,14,compliqués,compliquées,12,F,S,compliqués,-4.7064734,compliquées,-8.248174,1
8130,P_NOUN_9_ADJ_b,M,P,les claviers avec la poubelle qui étaient là depuis hier ne sont pas très verts <eos>,14,verts,vertes,12,F,S,verts,-9.188608,vertes,-13.917914,1
8131,P_NOUN_9_ADJ_b,M,P,les claviers avec la poubelle qui étaient là depuis hier ne sont pas très bleus <eos>,14,bleus,bleues,12,F,S,bleus,-10.913343,bleues,-15.158619,1
8132,P_NOUN_9_ADJ_b,M,P,les claviers avec la poubelle qui étaient là depuis hier ne sont pas très noirs <eos>,14,noirs,noires,12,F,S,noirs,-10.597377,noires,-13.364405,1
8133,P_NOUN_9_ADJ_b,M,P,les claviers avec la poubelle qui étaient là depuis hier ne sont pas très délicats <eos>,14,délicats,délicates,12,F,S,délicats,-7.8659654,délicates,-11.065559,1
8134,P_NOUN_9_ADJ_b,M,P,les claviers avec la poubelle qui étaient là depuis hier ne sont pas très pointus <eos>,14,pointus,pointues,12,F,S,pointus,-10.161575,pointues,-11.427101,1
8135,P_NOUN_9_ADJ_b,M,P,les claviers avec la poubelle qui étaient là depuis hier ne sont pas très ronds <eos>,14,ronds,rondes,12,F,S,ronds,-11.140564,rondes,-13.475832,1
8136,P_NOUN_9_ADJ_b,M,P,les claviers avec la poubelle qui étaient là depuis hier ne sont pas très froids <eos>,14,froids,froides,12,F,S,froids,-9.648409,froides,-9.195117,0
8137,P_NOUN_9_ADJ_b,M,P,les claviers avec la poubelle qui étaient là depuis hier ne sont pas très chauds <eos>,14,chauds,chaudes,12,F,S,chauds,-7.8727865,chaudes,-11.290564,1
8138,P_NOUN_9_ADJ_b,M,P,les claviers avec la poubelle qui étaient là depuis hier ne sont pas très importants <eos>,14,importants,importantes,12,F,S,importants,-5.8129187,importantes,-8.887148,1
8139,P_NOUN_9_ADJ_b,M,P,les claviers avec la poubelle qui étaient là depuis hier ne sont pas très courts <eos>,14,courts,courtes,12,F,S,courts,-6.202462,courtes,-9.264378,1
8140,P_NOUN_9_ADJ_b,M,P,les claviers avec la poubelle qui étaient là depuis hier ne sont pas très durs <eos>,14,durs,dures,12,F,S,durs,-4.6932964,dures,-8.950822,1
8141,P_NOUN_9_ADJ_b,M,P,les claviers avec la poubelle qui étaient là depuis hier ne sont pas très clairs <eos>,14,clairs,claires,12,F,S,clairs,-4.9267282,claires,-7.5281124,1
8142,P_NOUN_9_ADJ_b,M,P,les claviers avec la poubelle qui étaient là depuis hier ne sont pas très intéressants <eos>,14,intéressants,intéressantes,12,F,S,intéressants,-5.74347,intéressantes,-9.176937,1
8143,P_NOUN_9_ADJ_b,M,P,les claviers avec la poubelle qui étaient là depuis hier ne sont pas très brillants <eos>,14,brillants,brillantes,12,F,S,brillants,-7.226616,brillantes,-10.493597,1
8144,P_NOUN_9_ADJ_b,M,P,les claviers avec la poubelle qui étaient là depuis hier ne sont pas très compliqués <eos>,14,compliqués,compliquées,12,F,S,compliqués,-4.7167277,compliquées,-8.538929,1
8145,P_NOUN_9_ADJ_b,M,P,les claviers avec la chemise qui étaient là depuis hier ne sont pas très verts <eos>,14,verts,vertes,12,F,S,verts,-9.122755,vertes,-14.192051,1
8146,P_NOUN_9_ADJ_b,M,P,les claviers avec la chemise qui étaient là depuis hier ne sont pas très bleus <eos>,14,bleus,bleues,12,F,S,bleus,-10.81045,bleues,-15.229165,1
8147,P_NOUN_9_ADJ_b,M,P,les claviers avec la chemise qui étaient là depuis hier ne sont pas très noirs <eos>,14,noirs,noires,12,F,S,noirs,-10.287815,noires,-13.20606,1
8148,P_NOUN_9_ADJ_b,M,P,les claviers avec la chemise qui étaient là depuis hier ne sont pas très délicats <eos>,14,délicats,délicates,12,F,S,délicats,-7.9992213,délicates,-11.148369,1
8149,P_NOUN_9_ADJ_b,M,P,les claviers avec la chemise qui étaient là depuis hier ne sont pas très pointus <eos>,14,pointus,pointues,12,F,S,pointus,-10.158005,pointues,-11.546953,1
8150,P_NOUN_9_ADJ_b,M,P,les claviers avec la chemise qui étaient là depuis hier ne sont pas très ronds <eos>,14,ronds,rondes,12,F,S,ronds,-11.015876,rondes,-13.186049,1
8151,P_NOUN_9_ADJ_b,M,P,les claviers avec la chemise qui étaient là depuis hier ne sont pas très froids <eos>,14,froids,froides,12,F,S,froids,-9.874916,froides,-9.451843,0
8152,P_NOUN_9_ADJ_b,M,P,les claviers avec la chemise qui étaient là depuis hier ne sont pas très chauds <eos>,14,chauds,chaudes,12,F,S,chauds,-8.064303,chaudes,-11.568875,1
8153,P_NOUN_9_ADJ_b,M,P,les claviers avec la chemise qui étaient là depuis hier ne sont pas très importants <eos>,14,importants,importantes,12,F,S,importants,-5.828163,importantes,-8.889697,1
8154,P_NOUN_9_ADJ_b,M,P,les claviers avec la chemise qui étaient là depuis hier ne sont pas très courts <eos>,14,courts,courtes,12,F,S,courts,-6.14266,courtes,-9.043155,1
8155,P_NOUN_9_ADJ_b,M,P,les claviers avec la chemise qui étaient là depuis hier ne sont pas très durs <eos>,14,durs,dures,12,F,S,durs,-4.6844196,dures,-8.710026,1
8156,P_NOUN_9_ADJ_b,M,P,les claviers avec la chemise qui étaient là depuis hier ne sont pas très clairs <eos>,14,clairs,claires,12,F,S,clairs,-4.55688,claires,-7.3490953,1
8157,P_NOUN_9_ADJ_b,M,P,les claviers avec la chemise qui étaient là depuis hier ne sont pas très intéressants <eos>,14,intéressants,intéressantes,12,F,S,intéressants,-5.8917246,intéressantes,-9.534093,1
8158,P_NOUN_9_ADJ_b,M,P,les claviers avec la chemise qui étaient là depuis hier ne sont pas très brillants <eos>,14,brillants,brillantes,12,F,S,brillants,-7.4334974,brillantes,-10.611143,1
8159,P_NOUN_9_ADJ_b,M,P,les claviers avec la chemise qui étaient là depuis hier ne sont pas très compliqués <eos>,14,compliqués,compliquées,12,F,S,compliqués,-4.9859705,compliquées,-8.515439,1
8160,P_NOUN_9_ADJ_b,M,P,les claviers avec la recette qui étaient là depuis hier ne sont pas très verts <eos>,14,verts,vertes,12,F,S,verts,-9.931335,vertes,-14.506171,1
8161,P_NOUN_9_ADJ_b,M,P,les claviers avec la recette qui étaient là depuis hier ne sont pas très bleus <eos>,14,bleus,bleues,12,F,S,bleus,-11.788809,bleues,-16.029846,1
8162,P_NOUN_9_ADJ_b,M,P,les claviers avec la recette qui étaient là depuis hier ne sont pas très noirs <eos>,14,noirs,noires,12,F,S,noirs,-11.138955,noires,-14.096421,1
8163,P_NOUN_9_ADJ_b,M,P,les claviers avec la recette qui étaient là depuis hier ne sont pas très délicats <eos>,14,délicats,délicates,12,F,S,délicats,-7.4887266,délicates,-10.8961525,1
8164,P_NOUN_9_ADJ_b,M,P,les claviers avec la recette qui étaient là depuis hier ne sont pas très pointus <eos>,14,pointus,pointues,12,F,S,pointus,-11.061256,pointues,-11.994279,1
8165,P_NOUN_9_ADJ_b,M,P,les claviers avec la recette qui étaient là depuis hier ne sont pas très ronds <eos>,14,ronds,rondes,12,F,S,ronds,-11.439898,rondes,-13.865929,1
8166,P_NOUN_9_ADJ_b,M,P,les claviers avec la recette qui étaient là depuis hier ne sont pas très froids <eos>,14,froids,froides,12,F,S,froids,-9.560445,froides,-9.165635,0
8167,P_NOUN_9_ADJ_b,M,P,les claviers avec la recette qui étaient là depuis hier ne sont pas très chauds <eos>,14,chauds,chaudes,12,F,S,chauds,-8.18491,chaudes,-11.073332,1
8168,P_NOUN_9_ADJ_b,M,P,les claviers avec la recette qui étaient là depuis hier ne sont pas très importants <eos>,14,importants,importantes,12,F,S,importants,-5.2894344,importantes,-7.9096184,1
8169,P_NOUN_9_ADJ_b,M,P,les claviers avec la recette qui étaient là depuis hier ne sont pas très courts <eos>,14,courts,courtes,12,F,S,courts,-6.599015,courtes,-9.11004,1
8170,P_NOUN_9_ADJ_b,M,P,les claviers avec la recette qui étaient là depuis hier ne sont pas très durs <eos>,14,durs,dures,12,F,S,durs,-4.7042274,dures,-8.496168,1
8171,P_NOUN_9_ADJ_b,M,P,les claviers avec la recette qui étaient là depuis hier ne sont pas très clairs <eos>,14,clairs,claires,12,F,S,clairs,-5.146369,claires,-7.097764,1
8172,P_NOUN_9_ADJ_b,M,P,les claviers avec la recette qui étaient là depuis hier ne sont pas très intéressants <eos>,14,intéressants,intéressantes,12,F,S,intéressants,-5.902108,intéressantes,-8.643878,1
8173,P_NOUN_9_ADJ_b,M,P,les claviers avec la recette qui étaient là depuis hier ne sont pas très brillants <eos>,14,brillants,brillantes,12,F,S,brillants,-7.57691,brillantes,-10.213215,1
8174,P_NOUN_9_ADJ_b,M,P,les claviers avec la recette qui étaient là depuis hier ne sont pas très compliqués <eos>,14,compliqués,compliquées,12,F,S,compliqués,-4.9157305,compliquées,-8.4085,1
8175,P_NOUN_9_ADJ_b,M,P,les claviers avec la jupe qui étaient là depuis hier ne sont pas très verts <eos>,14,verts,vertes,12,F,S,verts,-9.182508,vertes,-13.899643,1
8176,P_NOUN_9_ADJ_b,M,P,les claviers avec la jupe qui étaient là depuis hier ne sont pas très bleus <eos>,14,bleus,bleues,12,F,S,bleus,-10.975887,bleues,-15.111067,1
8177,P_NOUN_9_ADJ_b,M,P,les claviers avec la jupe qui étaient là depuis hier ne sont pas très noirs <eos>,14,noirs,noires,12,F,S,noirs,-10.513441,noires,-13.146938,1
8178,P_NOUN_9_ADJ_b,M,P,les claviers avec la jupe qui étaient là depuis hier ne sont pas très délicats <eos>,14,délicats,délicates,12,F,S,délicats,-7.746469,délicates,-10.848709,1
8179,P_NOUN_9_ADJ_b,M,P,les claviers avec la jupe qui étaient là depuis hier ne sont pas très pointus <eos>,14,pointus,pointues,12,F,S,pointus,-10.175096,pointues,-11.59523,1
8180,P_NOUN_9_ADJ_b,M,P,les claviers avec la jupe qui étaient là depuis hier ne sont pas très ronds <eos>,14,ronds,rondes,12,F,S,ronds,-10.704035,rondes,-13.177837,1
8181,P_NOUN_9_ADJ_b,M,P,les claviers avec la jupe qui étaient là depuis hier ne sont pas très froids <eos>,14,froids,froides,12,F,S,froids,-9.936829,froides,-9.276521,0
8182,P_NOUN_9_ADJ_b,M,P,les claviers avec la jupe qui étaient là depuis hier ne sont pas très chauds <eos>,14,chauds,chaudes,12,F,S,chauds,-8.149837,chaudes,-11.146338,1
8183,P_NOUN_9_ADJ_b,M,P,les claviers avec la jupe qui étaient là depuis hier ne sont pas très importants <eos>,14,importants,importantes,12,F,S,importants,-5.739802,importantes,-8.56917,1
8184,P_NOUN_9_ADJ_b,M,P,les claviers avec la jupe qui étaient là depuis hier ne sont pas très courts <eos>,14,courts,courtes,12,F,S,courts,-6.1855555,courtes,-9.006789,1
8185,P_NOUN_9_ADJ_b,M,P,les claviers avec la jupe qui étaient là depuis hier ne sont pas très durs <eos>,14,durs,dures,12,F,S,durs,-4.761389,dures,-8.747949,1
8186,P_NOUN_9_ADJ_b,M,P,les claviers avec la jupe qui étaient là depuis hier ne sont pas très clairs <eos>,14,clairs,claires,12,F,S,clairs,-4.5259366,claires,-7.042396,1
8187,P_NOUN_9_ADJ_b,M,P,les claviers avec la jupe qui étaient là depuis hier ne sont pas très intéressants <eos>,14,intéressants,intéressantes,12,F,S,intéressants,-5.987626,intéressantes,-9.223201,1
8188,P_NOUN_9_ADJ_b,M,P,les claviers avec la jupe qui étaient là depuis hier ne sont pas très brillants <eos>,14,brillants,brillantes,12,F,S,brillants,-7.454585,brillantes,-10.485284,1
8189,P_NOUN_9_ADJ_b,M,P,les claviers avec la jupe qui étaient là depuis hier ne sont pas très compliqués <eos>,14,compliqués,compliquées,12,F,S,compliqués,-4.8923607,compliquées,-8.382267,1
8190,P_NOUN_9_ADJ_b,M,P,les claviers avec la colle qui étaient là depuis hier ne sont pas très verts <eos>,14,verts,vertes,12,F,S,verts,-9.276403,vertes,-13.9488125,1
8191,P_NOUN_9_ADJ_b,M,P,les claviers avec la colle qui étaient là depuis hier ne sont pas très bleus <eos>,14,bleus,bleues,12,F,S,bleus,-11.142516,bleues,-15.427342,1
8192,P_NOUN_9_ADJ_b,M,P,les claviers avec la colle qui étaient là depuis hier ne sont pas très noirs <eos>,14,noirs,noires,12,F,S,noirs,-10.696887,noires,-13.343272,1
8193,P_NOUN_9_ADJ_b,M,P,les claviers avec la colle qui étaient là depuis hier ne sont pas très délicats <eos>,14,délicats,délicates,12,F,S,délicats,-7.4393497,délicates,-11.09914,1
8194,P_NOUN_9_ADJ_b,M,P,les claviers avec la colle qui étaient là depuis hier ne sont pas très pointus <eos>,14,pointus,pointues,12,F,S,pointus,-10.361028,pointues,-11.646844,1
8195,P_NOUN_9_ADJ_b,M,P,les claviers avec la colle qui étaient là depuis hier ne sont pas très ronds <eos>,14,ronds,rondes,12,F,S,ronds,-10.964426,rondes,-13.6183605,1
8196,P_NOUN_9_ADJ_b,M,P,les claviers avec la colle qui étaient là depuis hier ne sont pas très froids <eos>,14,froids,froides,12,F,S,froids,-9.582596,froides,-8.9587345,0
8197,P_NOUN_9_ADJ_b,M,P,les claviers avec la colle qui étaient là depuis hier ne sont pas très chauds <eos>,14,chauds,chaudes,12,F,S,chauds,-7.7442403,chaudes,-10.622122,1
8198,P_NOUN_9_ADJ_b,M,P,les claviers avec la colle qui étaient là depuis hier ne sont pas très importants <eos>,14,importants,importantes,12,F,S,importants,-5.673583,importantes,-8.3345995,1
8199,P_NOUN_9_ADJ_b,M,P,les claviers avec la colle qui étaient là depuis hier ne sont pas très courts <eos>,14,courts,courtes,12,F,S,courts,-6.277141,courtes,-9.466602,1
8200,P_NOUN_9_ADJ_b,M,P,les claviers avec la colle qui étaient là depuis hier ne sont pas très durs <eos>,14,durs,dures,12,F,S,durs,-4.6994076,dures,-8.379435,1
8201,P_NOUN_9_ADJ_b,M,P,les claviers avec la colle qui étaient là depuis hier ne sont pas très clairs <eos>,14,clairs,claires,12,F,S,clairs,-5.1268063,claires,-6.951968,1
8202,P_NOUN_9_ADJ_b,M,P,les claviers avec la colle qui étaient là depuis hier ne sont pas très intéressants <eos>,14,intéressants,intéressantes,12,F,S,intéressants,-6.0836735,intéressantes,-8.906842,1
8203,P_NOUN_9_ADJ_b,M,P,les claviers avec la colle qui étaient là depuis hier ne sont pas très brillants <eos>,14,brillants,brillantes,12,F,S,brillants,-7.189429,brillantes,-10.466156,1
8204,P_NOUN_9_ADJ_b,M,P,les claviers avec la colle qui étaient là depuis hier ne sont pas très compliqués <eos>,14,compliqués,compliquées,12,F,S,compliqués,-5.0234833,compliquées,-8.902027,1
8205,P_NOUN_9_ADJ_b,M,P,les claviers avec la lampe qui étaient là depuis hier ne sont pas très verts <eos>,14,verts,vertes,12,F,S,verts,-9.336453,vertes,-13.683366,1
8206,P_NOUN_9_ADJ_b,M,P,les claviers avec la lampe qui étaient là depuis hier ne sont pas très bleus <eos>,14,bleus,bleues,12,F,S,bleus,-11.2556305,bleues,-15.012533,1
8207,P_NOUN_9_ADJ_b,M,P,les claviers avec la lampe qui étaient là depuis hier ne sont pas très noirs <eos>,14,noirs,noires,12,F,S,noirs,-10.7855425,noires,-13.264821,1
8208,P_NOUN_9_ADJ_b,M,P,les claviers avec la lampe qui étaient là depuis hier ne sont pas très délicats <eos>,14,délicats,délicates,12,F,S,délicats,-7.6262074,délicates,-10.918475,1
8209,P_NOUN_9_ADJ_b,M,P,les claviers avec la lampe qui étaient là depuis hier ne sont pas très pointus <eos>,14,pointus,pointues,12,F,S,pointus,-10.329602,pointues,-11.269987,1
8210,P_NOUN_9_ADJ_b,M,P,les claviers avec la lampe qui étaient là depuis hier ne sont pas très ronds <eos>,14,ronds,rondes,12,F,S,ronds,-10.976282,rondes,-13.726887,1
8211,P_NOUN_9_ADJ_b,M,P,les claviers avec la lampe qui étaient là depuis hier ne sont pas très froids <eos>,14,froids,froides,12,F,S,froids,-9.639627,froides,-8.910189,0
8212,P_NOUN_9_ADJ_b,M,P,les claviers avec la lampe qui étaient là depuis hier ne sont pas très chauds <eos>,14,chauds,chaudes,12,F,S,chauds,-7.6047096,chaudes,-10.801661,1
8213,P_NOUN_9_ADJ_b,M,P,les claviers avec la lampe qui étaient là depuis hier ne sont pas très importants <eos>,14,importants,importantes,12,F,S,importants,-5.665844,importantes,-8.318038,1
8214,P_NOUN_9_ADJ_b,M,P,les claviers avec la lampe qui étaient là depuis hier ne sont pas très courts <eos>,14,courts,courtes,12,F,S,courts,-6.4654098,courtes,-9.059061,1
8215,P_NOUN_9_ADJ_b,M,P,les claviers avec la lampe qui étaient là depuis hier ne sont pas très durs <eos>,14,durs,dures,12,F,S,durs,-4.455045,dures,-8.794115,1
8216,P_NOUN_9_ADJ_b,M,P,les claviers avec la lampe qui étaient là depuis hier ne sont pas très clairs <eos>,14,clairs,claires,12,F,S,clairs,-4.858156,claires,-7.2888002,1
8217,P_NOUN_9_ADJ_b,M,P,les claviers avec la lampe qui étaient là depuis hier ne sont pas très intéressants <eos>,14,intéressants,intéressantes,12,F,S,intéressants,-5.6694007,intéressantes,-8.577208,1
8218,P_NOUN_9_ADJ_b,M,P,les claviers avec la lampe qui étaient là depuis hier ne sont pas très brillants <eos>,14,brillants,brillantes,12,F,S,brillants,-6.959234,brillantes,-9.8289175,1
8219,P_NOUN_9_ADJ_b,M,P,les claviers avec la lampe qui étaient là depuis hier ne sont pas très compliqués <eos>,14,compliqués,compliquées,12,F,S,compliqués,-4.5571346,compliquées,-8.381552,1
8220,P_NOUN_9_ADJ_b,M,P,les claviers avec la bouteille qui étaient là depuis hier ne sont pas très verts <eos>,14,verts,vertes,12,F,S,verts,-9.132925,vertes,-14.1201,1
8221,P_NOUN_9_ADJ_b,M,P,les claviers avec la bouteille qui étaient là depuis hier ne sont pas très bleus <eos>,14,bleus,bleues,12,F,S,bleus,-10.943951,bleues,-15.30009,1
8222,P_NOUN_9_ADJ_b,M,P,les claviers avec la bouteille qui étaient là depuis hier ne sont pas très noirs <eos>,14,noirs,noires,12,F,S,noirs,-10.355303,noires,-13.322087,1
8223,P_NOUN_9_ADJ_b,M,P,les claviers avec la bouteille qui étaient là depuis hier ne sont pas très délicats <eos>,14,délicats,délicates,12,F,S,délicats,-7.2379804,délicates,-10.7794075,1
8224,P_NOUN_9_ADJ_b,M,P,les claviers avec la bouteille qui étaient là depuis hier ne sont pas très pointus <eos>,14,pointus,pointues,12,F,S,pointus,-10.611363,pointues,-11.78195,1
8225,P_NOUN_9_ADJ_b,M,P,les claviers avec la bouteille qui étaient là depuis hier ne sont pas très ronds <eos>,14,ronds,rondes,12,F,S,ronds,-11.012271,rondes,-13.808733,1
8226,P_NOUN_9_ADJ_b,M,P,les claviers avec la bouteille qui étaient là depuis hier ne sont pas très froids <eos>,14,froids,froides,12,F,S,froids,-9.295695,froides,-8.498162,0
8227,P_NOUN_9_ADJ_b,M,P,les claviers avec la bouteille qui étaient là depuis hier ne sont pas très chauds <eos>,14,chauds,chaudes,12,F,S,chauds,-7.694134,chaudes,-10.517666,1
8228,P_NOUN_9_ADJ_b,M,P,les claviers avec la bouteille qui étaient là depuis hier ne sont pas très importants <eos>,14,importants,importantes,12,F,S,importants,-5.2892237,importantes,-7.923976,1
8229,P_NOUN_9_ADJ_b,M,P,les claviers avec la bouteille qui étaient là depuis hier ne sont pas très courts <eos>,14,courts,courtes,12,F,S,courts,-6.1404257,courtes,-9.477458,1
8230,P_NOUN_9_ADJ_b,M,P,les claviers avec la bouteille qui étaient là depuis hier ne sont pas très durs <eos>,14,durs,dures,12,F,S,durs,-4.79865,dures,-8.606785,1
8231,P_NOUN_9_ADJ_b,M,P,les claviers avec la bouteille qui étaient là depuis hier ne sont pas très clairs <eos>,14,clairs,claires,12,F,S,clairs,-5.325117,claires,-7.2139025,1
8232,P_NOUN_9_ADJ_b,M,P,les claviers avec la bouteille qui étaient là depuis hier ne sont pas très intéressants <eos>,14,intéressants,intéressantes,12,F,S,intéressants,-5.7450647,intéressantes,-8.627759,1
8233,P_NOUN_9_ADJ_b,M,P,les claviers avec la bouteille qui étaient là depuis hier ne sont pas très brillants <eos>,14,brillants,brillantes,12,F,S,brillants,-7.353533,brillantes,-10.331562,1
8234,P_NOUN_9_ADJ_b,M,P,les claviers avec la bouteille qui étaient là depuis hier ne sont pas très compliqués <eos>,14,compliqués,compliquées,12,F,S,compliqués,-4.9936147,compliquées,-8.770679,1
8235,P_NOUN_9_ADJ_b,M,P,les claviers avec la boisson qui étaient là depuis hier ne sont pas très verts <eos>,14,verts,vertes,12,F,S,verts,-9.10365,vertes,-14.197871,1
8236,P_NOUN_9_ADJ_b,M,P,les claviers avec la boisson qui étaient là depuis hier ne sont pas très bleus <eos>,14,bleus,bleues,12,F,S,bleus,-10.944757,bleues,-15.320875,1
8237,P_NOUN_9_ADJ_b,M,P,les claviers avec la boisson qui étaient là depuis hier ne sont pas très noirs <eos>,14,noirs,noires,12,F,S,noirs,-10.47229,noires,-13.489585,1
8238,P_NOUN_9_ADJ_b,M,P,les claviers avec la boisson qui étaient là depuis hier ne sont pas très délicats <eos>,14,délicats,délicates,12,F,S,délicats,-7.2505555,délicates,-10.586277,1
8239,P_NOUN_9_ADJ_b,M,P,les claviers avec la boisson qui étaient là depuis hier ne sont pas très pointus <eos>,14,pointus,pointues,12,F,S,pointus,-10.774702,pointues,-12.004602,1
8240,P_NOUN_9_ADJ_b,M,P,les claviers avec la boisson qui étaient là depuis hier ne sont pas très ronds <eos>,14,ronds,rondes,12,F,S,ronds,-10.878025,rondes,-13.734055,1
8241,P_NOUN_9_ADJ_b,M,P,les claviers avec la boisson qui étaient là depuis hier ne sont pas très froids <eos>,14,froids,froides,12,F,S,froids,-8.940151,froides,-8.749655,0
8242,P_NOUN_9_ADJ_b,M,P,les claviers avec la boisson qui étaient là depuis hier ne sont pas très chauds <eos>,14,chauds,chaudes,12,F,S,chauds,-7.728236,chaudes,-10.521885,1
8243,P_NOUN_9_ADJ_b,M,P,les claviers avec la boisson qui étaient là depuis hier ne sont pas très importants <eos>,14,importants,importantes,12,F,S,importants,-5.3013945,importantes,-8.019545,1
8244,P_NOUN_9_ADJ_b,M,P,les claviers avec la boisson qui étaient là depuis hier ne sont pas très courts <eos>,14,courts,courtes,12,F,S,courts,-6.469814,courtes,-9.84367,1
8245,P_NOUN_9_ADJ_b,M,P,les claviers avec la boisson qui étaient là depuis hier ne sont pas très durs <eos>,14,durs,dures,12,F,S,durs,-5.1318636,dures,-8.022945,1
8246,P_NOUN_9_ADJ_b,M,P,les claviers avec la boisson qui étaient là depuis hier ne sont pas très clairs <eos>,14,clairs,claires,12,F,S,clairs,-5.3090286,claires,-7.145544,1
8247,P_NOUN_9_ADJ_b,M,P,les claviers avec la boisson qui étaient là depuis hier ne sont pas très intéressants <eos>,14,intéressants,intéressantes,12,F,S,intéressants,-5.9067698,intéressantes,-8.893234,1
8248,P_NOUN_9_ADJ_b,M,P,les claviers avec la boisson qui étaient là depuis hier ne sont pas très brillants <eos>,14,brillants,brillantes,12,F,S,brillants,-7.132197,brillantes,-10.310585,1
8249,P_NOUN_9_ADJ_b,M,P,les claviers avec la boisson qui étaient là depuis hier ne sont pas très compliqués <eos>,14,compliqués,compliquées,12,F,S,compliqués,-5.3562536,compliquées,-9.19323,1
8250,P_NOUN_9_ADJ_b,M,P,les claviers avec la pomme qui étaient là depuis hier ne sont pas très verts <eos>,14,verts,vertes,12,F,S,verts,-9.488353,vertes,-14.352468,1
8251,P_NOUN_9_ADJ_b,M,P,les claviers avec la pomme qui étaient là depuis hier ne sont pas très bleus <eos>,14,bleus,bleues,12,F,S,bleus,-11.287581,bleues,-15.724325,1
8252,P_NOUN_9_ADJ_b,M,P,les claviers avec la pomme qui étaient là depuis hier ne sont pas très noirs <eos>,14,noirs,noires,12,F,S,noirs,-10.467238,noires,-13.63714,1
8253,P_NOUN_9_ADJ_b,M,P,les claviers avec la pomme qui étaient là depuis hier ne sont pas très délicats <eos>,14,délicats,délicates,12,F,S,délicats,-7.5409956,délicates,-10.866799,1
8254,P_NOUN_9_ADJ_b,M,P,les claviers avec la pomme qui étaient là depuis hier ne sont pas très pointus <eos>,14,pointus,pointues,12,F,S,pointus,-10.568296,pointues,-11.59524,1
8255,P_NOUN_9_ADJ_b,M,P,les claviers avec la pomme qui étaient là depuis hier ne sont pas très ronds <eos>,14,ronds,rondes,12,F,S,ronds,-10.817231,rondes,-13.888454,1
8256,P_NOUN_9_ADJ_b,M,P,les claviers avec la pomme qui étaient là depuis hier ne sont pas très froids <eos>,14,froids,froides,12,F,S,froids,-9.37379,froides,-9.017126,0
8257,P_NOUN_9_ADJ_b,M,P,les claviers avec la pomme qui étaient là depuis hier ne sont pas très chauds <eos>,14,chauds,chaudes,12,F,S,chauds,-7.8189907,chaudes,-10.988096,1
8258,P_NOUN_9_ADJ_b,M,P,les claviers avec la pomme qui étaient là depuis hier ne sont pas très importants <eos>,14,importants,importantes,12,F,S,importants,-5.3319693,importantes,-8.361646,1
8259,P_NOUN_9_ADJ_b,M,P,les claviers avec la pomme qui étaient là depuis hier ne sont pas très courts <eos>,14,courts,courtes,12,F,S,courts,-6.478402,courtes,-9.65344,1
8260,P_NOUN_9_ADJ_b,M,P,les claviers avec la pomme qui étaient là depuis hier ne sont pas très durs <eos>,14,durs,dures,12,F,S,durs,-4.531445,dures,-8.516354,1
8261,P_NOUN_9_ADJ_b,M,P,les claviers avec la pomme qui étaient là depuis hier ne sont pas très clairs <eos>,14,clairs,claires,12,F,S,clairs,-5.20925,claires,-7.406408,1
8262,P_NOUN_9_ADJ_b,M,P,les claviers avec la pomme qui étaient là depuis hier ne sont pas très intéressants <eos>,14,intéressants,intéressantes,12,F,S,intéressants,-5.5965424,intéressantes,-8.734047,1
8263,P_NOUN_9_ADJ_b,M,P,les claviers avec la pomme qui étaient là depuis hier ne sont pas très brillants <eos>,14,brillants,brillantes,12,F,S,brillants,-7.145341,brillantes,-10.180362,1
8264,P_NOUN_9_ADJ_b,M,P,les claviers avec la pomme qui étaient là depuis hier ne sont pas très compliqués <eos>,14,compliqués,compliquées,12,F,S,compliqués,-4.9219494,compliquées,-8.521965,1
8265,P_NOUN_9_ADJ_b,M,P,les claviers avec la tasse qui étaient là depuis hier ne sont pas très verts <eos>,14,verts,vertes,12,F,S,verts,-8.695568,vertes,-13.730278,1
8266,P_NOUN_9_ADJ_b,M,P,les claviers avec la tasse qui étaient là depuis hier ne sont pas très bleus <eos>,14,bleus,bleues,12,F,S,bleus,-10.280779,bleues,-14.754032,1
8267,P_NOUN_9_ADJ_b,M,P,les claviers avec la tasse qui étaient là depuis hier ne sont pas très noirs <eos>,14,noirs,noires,12,F,S,noirs,-9.779957,noires,-12.847351,1
8268,P_NOUN_9_ADJ_b,M,P,les claviers avec la tasse qui étaient là depuis hier ne sont pas très délicats <eos>,14,délicats,délicates,12,F,S,délicats,-7.2378902,délicates,-9.883299,1
8269,P_NOUN_9_ADJ_b,M,P,les claviers avec la tasse qui étaient là depuis hier ne sont pas très pointus <eos>,14,pointus,pointues,12,F,S,pointus,-10.571395,pointues,-11.984366,1
8270,P_NOUN_9_ADJ_b,M,P,les claviers avec la tasse qui étaient là depuis hier ne sont pas très ronds <eos>,14,ronds,rondes,12,F,S,ronds,-10.527794,rondes,-13.566507,1
8271,P_NOUN_9_ADJ_b,M,P,les claviers avec la tasse qui étaient là depuis hier ne sont pas très froids <eos>,14,froids,froides,12,F,S,froids,-8.719685,froides,-8.064142,0
8272,P_NOUN_9_ADJ_b,M,P,les claviers avec la tasse qui étaient là depuis hier ne sont pas très chauds <eos>,14,chauds,chaudes,12,F,S,chauds,-7.2998486,chaudes,-9.869534,1
8273,P_NOUN_9_ADJ_b,M,P,les claviers avec la tasse qui étaient là depuis hier ne sont pas très importants <eos>,14,importants,importantes,12,F,S,importants,-5.286153,importantes,-7.915118,1
8274,P_NOUN_9_ADJ_b,M,P,les claviers avec la tasse qui étaient là depuis hier ne sont pas très courts <eos>,14,courts,courtes,12,F,S,courts,-6.392887,courtes,-9.889767,1
8275,P_NOUN_9_ADJ_b,M,P,les claviers avec la tasse qui étaient là depuis hier ne sont pas très durs <eos>,14,durs,dures,12,F,S,durs,-5.271802,dures,-8.604997,1
8276,P_NOUN_9_ADJ_b,M,P,les claviers avec la tasse qui étaient là depuis hier ne sont pas très clairs <eos>,14,clairs,claires,12,F,S,clairs,-4.792812,claires,-6.73025,1
8277,P_NOUN_9_ADJ_b,M,P,les claviers avec la tasse qui étaient là depuis hier ne sont pas très intéressants <eos>,14,intéressants,intéressantes,12,F,S,intéressants,-5.978908,intéressantes,-9.138718,1
8278,P_NOUN_9_ADJ_b,M,P,les claviers avec la tasse qui étaient là depuis hier ne sont pas très brillants <eos>,14,brillants,brillantes,12,F,S,brillants,-7.377201,brillantes,-10.463145,1
8279,P_NOUN_9_ADJ_b,M,P,les claviers avec la tasse qui étaient là depuis hier ne sont pas très compliqués <eos>,14,compliqués,compliquées,12,F,S,compliqués,-5.22031,compliquées,-9.187925,1
8280,P_NOUN_9_ADJ_b,M,P,les claviers avec la bougie qui étaient là depuis hier ne sont pas très verts <eos>,14,verts,vertes,12,F,S,verts,-9.575889,vertes,-14.275261,1
8281,P_NOUN_9_ADJ_b,M,P,les claviers avec la bougie qui étaient là depuis hier ne sont pas très bleus <eos>,14,bleus,bleues,12,F,S,bleus,-11.202443,bleues,-15.331778,1
8282,P_NOUN_9_ADJ_b,M,P,les claviers avec la bougie qui étaient là depuis hier ne sont pas très noirs <eos>,14,noirs,noires,12,F,S,noirs,-10.609063,noires,-13.598887,1
8283,P_NOUN_9_ADJ_b,M,P,les claviers avec la bougie qui étaient là depuis hier ne sont pas très délicats <eos>,14,délicats,délicates,12,F,S,délicats,-7.5388966,délicates,-10.850063,1
8284,P_NOUN_9_ADJ_b,M,P,les claviers avec la bougie qui étaient là depuis hier ne sont pas très pointus <eos>,14,pointus,pointues,12,F,S,pointus,-10.474006,pointues,-11.526637,1
8285,P_NOUN_9_ADJ_b,M,P,les claviers avec la bougie qui étaient là depuis hier ne sont pas très ronds <eos>,14,ronds,rondes,12,F,S,ronds,-11.032692,rondes,-13.929291,1
8286,P_NOUN_9_ADJ_b,M,P,les claviers avec la bougie qui étaient là depuis hier ne sont pas très froids <eos>,14,froids,froides,12,F,S,froids,-9.486357,froides,-8.776767,0
8287,P_NOUN_9_ADJ_b,M,P,les claviers avec la bougie qui étaient là depuis hier ne sont pas très chauds <eos>,14,chauds,chaudes,12,F,S,chauds,-7.7999496,chaudes,-10.945679,1
8288,P_NOUN_9_ADJ_b,M,P,les claviers avec la bougie qui étaient là depuis hier ne sont pas très importants <eos>,14,importants,importantes,12,F,S,importants,-5.5697002,importantes,-8.541897,1
8289,P_NOUN_9_ADJ_b,M,P,les claviers avec la bougie qui étaient là depuis hier ne sont pas très courts <eos>,14,courts,courtes,12,F,S,courts,-6.32673,courtes,-9.289472,1
8290,P_NOUN_9_ADJ_b,M,P,les claviers avec la bougie qui étaient là depuis hier ne sont pas très durs <eos>,14,durs,dures,12,F,S,durs,-4.3870034,dures,-8.473698,1
8291,P_NOUN_9_ADJ_b,M,P,les claviers avec la bougie qui étaient là depuis hier ne sont pas très clairs <eos>,14,clairs,claires,12,F,S,clairs,-4.8402762,claires,-7.3009696,1
8292,P_NOUN_9_ADJ_b,M,P,les claviers avec la bougie qui étaient là depuis hier ne sont pas très intéressants <eos>,14,intéressants,intéressantes,12,F,S,intéressants,-5.660545,intéressantes,-8.770546,1
8293,P_NOUN_9_ADJ_b,M,P,les claviers avec la bougie qui étaient là depuis hier ne sont pas très brillants <eos>,14,brillants,brillantes,12,F,S,brillants,-6.986098,brillantes,-10.12154,1
8294,P_NOUN_9_ADJ_b,M,P,les claviers avec la bougie qui étaient là depuis hier ne sont pas très compliqués <eos>,14,compliqués,compliquées,12,F,S,compliqués,-4.599785,compliquées,-8.237466,1
8295,P_NOUN_9_ADJ_b,M,P,les claviers avec la pochette qui étaient là depuis hier ne sont pas très verts <eos>,14,verts,vertes,12,F,S,verts,-9.162348,vertes,-13.5998,1
8296,P_NOUN_9_ADJ_b,M,P,les claviers avec la pochette qui étaient là depuis hier ne sont pas très bleus <eos>,14,bleus,bleues,12,F,S,bleus,-10.783572,bleues,-14.282987,1
8297,P_NOUN_9_ADJ_b,M,P,les claviers avec la pochette qui étaient là depuis hier ne sont pas très noirs <eos>,14,noirs,noires,12,F,S,noirs,-10.208052,noires,-12.896147,1
8298,P_NOUN_9_ADJ_b,M,P,les claviers avec la pochette qui étaient là depuis hier ne sont pas très délicats <eos>,14,délicats,délicates,12,F,S,délicats,-7.9244137,délicates,-10.721712,1
8299,P_NOUN_9_ADJ_b,M,P,les claviers avec la pochette qui étaient là depuis hier ne sont pas très pointus <eos>,14,pointus,pointues,12,F,S,pointus,-10.371567,pointues,-11.792135,1
8300,P_NOUN_9_ADJ_b,M,P,les claviers avec la pochette qui étaient là depuis hier ne sont pas très ronds <eos>,14,ronds,rondes,12,F,S,ronds,-10.395466,rondes,-13.495331,1
8301,P_NOUN_9_ADJ_b,M,P,les claviers avec la pochette qui étaient là depuis hier ne sont pas très froids <eos>,14,froids,froides,12,F,S,froids,-10.476498,froides,-9.383156,0
8302,P_NOUN_9_ADJ_b,M,P,les claviers avec la pochette qui étaient là depuis hier ne sont pas très chauds <eos>,14,chauds,chaudes,12,F,S,chauds,-8.642794,chaudes,-12.004265,1
8303,P_NOUN_9_ADJ_b,M,P,les claviers avec la pochette qui étaient là depuis hier ne sont pas très importants <eos>,14,importants,importantes,12,F,S,importants,-5.816287,importantes,-8.842756,1
8304,P_NOUN_9_ADJ_b,M,P,les claviers avec la pochette qui étaient là depuis hier ne sont pas très courts <eos>,14,courts,courtes,12,F,S,courts,-5.948301,courtes,-9.105558,1
8305,P_NOUN_9_ADJ_b,M,P,les claviers avec la pochette qui étaient là depuis hier ne sont pas très durs <eos>,14,durs,dures,12,F,S,durs,-5.282808,dures,-9.189043,1
8306,P_NOUN_9_ADJ_b,M,P,les claviers avec la pochette qui étaient là depuis hier ne sont pas très clairs <eos>,14,clairs,claires,12,F,S,clairs,-5.0257483,claires,-7.3795614,1
8307,P_NOUN_9_ADJ_b,M,P,les claviers avec la pochette qui étaient là depuis hier ne sont pas très intéressants <eos>,14,intéressants,intéressantes,12,F,S,intéressants,-5.4457407,intéressantes,-8.815065,1
8308,P_NOUN_9_ADJ_b,M,P,les claviers avec la pochette qui étaient là depuis hier ne sont pas très brillants <eos>,14,brillants,brillantes,12,F,S,brillants,-7.450657,brillantes,-10.428081,1
8309,P_NOUN_9_ADJ_b,M,P,les claviers avec la pochette qui étaient là depuis hier ne sont pas très compliqués <eos>,14,compliqués,compliquées,12,F,S,compliqués,-5.048586,compliquées,-8.456669,1
8310,P_NOUN_9_ADJ_b,M,P,les claviers avec la banane qui étaient là depuis hier ne sont pas très verts <eos>,14,verts,vertes,12,F,S,verts,-9.170684,vertes,-13.888315,1
8311,P_NOUN_9_ADJ_b,M,P,les claviers avec la banane qui étaient là depuis hier ne sont pas très bleus <eos>,14,bleus,bleues,12,F,S,bleus,-10.721072,bleues,-14.850791,1
8312,P_NOUN_9_ADJ_b,M,P,les claviers avec la banane qui étaient là depuis hier ne sont pas très noirs <eos>,14,noirs,noires,12,F,S,noirs,-10.026939,noires,-13.233603,1
8313,P_NOUN_9_ADJ_b,M,P,les claviers avec la banane qui étaient là depuis hier ne sont pas très délicats <eos>,14,délicats,délicates,12,F,S,délicats,-7.355169,délicates,-10.672695,1
8314,P_NOUN_9_ADJ_b,M,P,les claviers avec la banane qui étaient là depuis hier ne sont pas très pointus <eos>,14,pointus,pointues,12,F,S,pointus,-10.401182,pointues,-12.091808,1
8315,P_NOUN_9_ADJ_b,M,P,les claviers avec la banane qui étaient là depuis hier ne sont pas très ronds <eos>,14,ronds,rondes,12,F,S,ronds,-10.50065,rondes,-14.140224,1
8316,P_NOUN_9_ADJ_b,M,P,les claviers avec la banane qui étaient là depuis hier ne sont pas très froids <eos>,14,froids,froides,12,F,S,froids,-8.893175,froides,-9.15355,1
8317,P_NOUN_9_ADJ_b,M,P,les claviers avec la banane qui étaient là depuis hier ne sont pas très chauds <eos>,14,chauds,chaudes,12,F,S,chauds,-8.039748,chaudes,-10.679536,1
8318,P_NOUN_9_ADJ_b,M,P,les claviers avec la banane qui étaient là depuis hier ne sont pas très importants <eos>,14,importants,importantes,12,F,S,importants,-5.202754,importantes,-7.9898996,1
8319,P_NOUN_9_ADJ_b,M,P,les claviers avec la banane qui étaient là depuis hier ne sont pas très courts <eos>,14,courts,courtes,12,F,S,courts,-5.967991,courtes,-9.700245,1
8320,P_NOUN_9_ADJ_b,M,P,les claviers avec la banane qui étaient là depuis hier ne sont pas très durs <eos>,14,durs,dures,12,F,S,durs,-4.7842216,dures,-7.791114,1
8321,P_NOUN_9_ADJ_b,M,P,les claviers avec la banane qui étaient là depuis hier ne sont pas très clairs <eos>,14,clairs,claires,12,F,S,clairs,-4.760127,claires,-7.462062,1
8322,P_NOUN_9_ADJ_b,M,P,les claviers avec la banane qui étaient là depuis hier ne sont pas très intéressants <eos>,14,intéressants,intéressantes,12,F,S,intéressants,-5.896169,intéressantes,-8.859316,1
8323,P_NOUN_9_ADJ_b,M,P,les claviers avec la banane qui étaient là depuis hier ne sont pas très brillants <eos>,14,brillants,brillantes,12,F,S,brillants,-6.941865,brillantes,-10.018367,1
8324,P_NOUN_9_ADJ_b,M,P,les claviers avec la banane qui étaient là depuis hier ne sont pas très compliqués <eos>,14,compliqués,compliquées,12,F,S,compliqués,-5.2911577,compliquées,-9.094454,1
8325,P_NOUN_9_ADJ_b,M,P,les claviers avec la robe qui étaient là depuis hier ne sont pas très verts <eos>,14,verts,vertes,12,F,S,verts,-8.978706,vertes,-13.852771,1
8326,P_NOUN_9_ADJ_b,M,P,les claviers avec la robe qui étaient là depuis hier ne sont pas très bleus <eos>,14,bleus,bleues,12,F,S,bleus,-10.331535,bleues,-14.6267805,1
8327,P_NOUN_9_ADJ_b,M,P,les claviers avec la robe qui étaient là depuis hier ne sont pas très noirs <eos>,14,noirs,noires,12,F,S,noirs,-9.985727,noires,-13.084745,1
8328,P_NOUN_9_ADJ_b,M,P,les claviers avec la robe qui étaient là depuis hier ne sont pas très délicats <eos>,14,délicats,délicates,12,F,S,délicats,-7.8692265,délicates,-11.005304,1
8329,P_NOUN_9_ADJ_b,M,P,les claviers avec la robe qui étaient là depuis hier ne sont pas très pointus <eos>,14,pointus,pointues,12,F,S,pointus,-10.63442,pointues,-11.880314,1
8330,P_NOUN_9_ADJ_b,M,P,les claviers avec la robe qui étaient là depuis hier ne sont pas très ronds <eos>,14,ronds,rondes,12,F,S,ronds,-11.159358,rondes,-13.886554,1
8331,P_NOUN_9_ADJ_b,M,P,les claviers avec la robe qui étaient là depuis hier ne sont pas très froids <eos>,14,froids,froides,12,F,S,froids,-9.359362,froides,-8.949516,0
8332,P_NOUN_9_ADJ_b,M,P,les claviers avec la robe qui étaient là depuis hier ne sont pas très chauds <eos>,14,chauds,chaudes,12,F,S,chauds,-7.662526,chaudes,-10.910684,1
8333,P_NOUN_9_ADJ_b,M,P,les claviers avec la robe qui étaient là depuis hier ne sont pas très importants <eos>,14,importants,importantes,12,F,S,importants,-5.4796486,importantes,-8.28096,1
8334,P_NOUN_9_ADJ_b,M,P,les claviers avec la robe qui étaient là depuis hier ne sont pas très courts <eos>,14,courts,courtes,12,F,S,courts,-6.294955,courtes,-9.238031,1
8335,P_NOUN_9_ADJ_b,M,P,les claviers avec la robe qui étaient là depuis hier ne sont pas très durs <eos>,14,durs,dures,12,F,S,durs,-4.744505,dures,-8.391518,1
8336,P_NOUN_9_ADJ_b,M,P,les claviers avec la robe qui étaient là depuis hier ne sont pas très clairs <eos>,14,clairs,claires,12,F,S,clairs,-3.7690518,claires,-6.8614826,1
8337,P_NOUN_9_ADJ_b,M,P,les claviers avec la robe qui étaient là depuis hier ne sont pas très intéressants <eos>,14,intéressants,intéressantes,12,F,S,intéressants,-5.9803543,intéressantes,-9.083373,1
8338,P_NOUN_9_ADJ_b,M,P,les claviers avec la robe qui étaient là depuis hier ne sont pas très brillants <eos>,14,brillants,brillantes,12,F,S,brillants,-7.0005403,brillantes,-9.591757,1
8339,P_NOUN_9_ADJ_b,M,P,les claviers avec la robe qui étaient là depuis hier ne sont pas très compliqués <eos>,14,compliqués,compliquées,12,F,S,compliqués,-5.050729,compliquées,-8.755159,1
8340,P_NOUN_9_ADJ_b,M,P,les claviers avec la valise qui étaient là depuis hier ne sont pas très verts <eos>,14,verts,vertes,12,F,S,verts,-9.632635,vertes,-13.877338,1
8341,P_NOUN_9_ADJ_b,M,P,les claviers avec la valise qui étaient là depuis hier ne sont pas très bleus <eos>,14,bleus,bleues,12,F,S,bleus,-10.943575,bleues,-15.214361,1
8342,P_NOUN_9_ADJ_b,M,P,les claviers avec la valise qui étaient là depuis hier ne sont pas très noirs <eos>,14,noirs,noires,12,F,S,noirs,-10.655857,noires,-13.476404,1
8343,P_NOUN_9_ADJ_b,M,P,les claviers avec la valise qui étaient là depuis hier ne sont pas très délicats <eos>,14,délicats,délicates,12,F,S,délicats,-8.250416,délicates,-10.757186,1
8344,P_NOUN_9_ADJ_b,M,P,les claviers avec la valise qui étaient là depuis hier ne sont pas très pointus <eos>,14,pointus,pointues,12,F,S,pointus,-10.187854,pointues,-11.58188,1
8345,P_NOUN_9_ADJ_b,M,P,les claviers avec la valise qui étaient là depuis hier ne sont pas très ronds <eos>,14,ronds,rondes,12,F,S,ronds,-11.568303,rondes,-13.9696455,1
8346,P_NOUN_9_ADJ_b,M,P,les claviers avec la valise qui étaient là depuis hier ne sont pas très froids <eos>,14,froids,froides,12,F,S,froids,-10.046751,froides,-9.083939,0
8347,P_NOUN_9_ADJ_b,M,P,les claviers avec la valise qui étaient là depuis hier ne sont pas très chauds <eos>,14,chauds,chaudes,12,F,S,chauds,-8.009609,chaudes,-11.624988,1
8348,P_NOUN_9_ADJ_b,M,P,les claviers avec la valise qui étaient là depuis hier ne sont pas très importants <eos>,14,importants,importantes,12,F,S,importants,-5.7093334,importantes,-8.715999,1
8349,P_NOUN_9_ADJ_b,M,P,les claviers avec la valise qui étaient là depuis hier ne sont pas très courts <eos>,14,courts,courtes,12,F,S,courts,-6.33493,courtes,-9.259306,1
8350,P_NOUN_9_ADJ_b,M,P,les claviers avec la valise qui étaient là depuis hier ne sont pas très durs <eos>,14,durs,dures,12,F,S,durs,-4.8959866,dures,-9.296454,1
8351,P_NOUN_9_ADJ_b,M,P,les claviers avec la valise qui étaient là depuis hier ne sont pas très clairs <eos>,14,clairs,claires,12,F,S,clairs,-5.194124,claires,-7.835541,1
8352,P_NOUN_9_ADJ_b,M,P,les claviers avec la valise qui étaient là depuis hier ne sont pas très intéressants <eos>,14,intéressants,intéressantes,12,F,S,intéressants,-5.234701,intéressantes,-9.111835,1
8353,P_NOUN_9_ADJ_b,M,P,les claviers avec la valise qui étaient là depuis hier ne sont pas très brillants <eos>,14,brillants,brillantes,12,F,S,brillants,-7.3916826,brillantes,-10.888572,1
8354,P_NOUN_9_ADJ_b,M,P,les claviers avec la valise qui étaient là depuis hier ne sont pas très compliqués <eos>,14,compliqués,compliquées,12,F,S,compliqués,-4.722702,compliquées,-8.3761425,1
8355,P_NOUN_9_ADJ_b,M,P,les claviers avec la pendule qui étaient là depuis hier ne sont pas très verts <eos>,14,verts,vertes,12,F,S,verts,-9.263595,vertes,-14.197741,1
8356,P_NOUN_9_ADJ_b,M,P,les claviers avec la pendule qui étaient là depuis hier ne sont pas très bleus <eos>,14,bleus,bleues,12,F,S,bleus,-11.525168,bleues,-15.577071,1
8357,P_NOUN_9_ADJ_b,M,P,les claviers avec la pendule qui étaient là depuis hier ne sont pas très noirs <eos>,14,noirs,noires,12,F,S,noirs,-11.066826,noires,-13.828016,1
8358,P_NOUN_9_ADJ_b,M,P,les claviers avec la pendule qui étaient là depuis hier ne sont pas très délicats <eos>,14,délicats,délicates,12,F,S,délicats,-7.997138,délicates,-11.360168,1
8359,P_NOUN_9_ADJ_b,M,P,les claviers avec la pendule qui étaient là depuis hier ne sont pas très pointus <eos>,14,pointus,pointues,12,F,S,pointus,-10.31213,pointues,-11.279014,1
8360,P_NOUN_9_ADJ_b,M,P,les claviers avec la pendule qui étaient là depuis hier ne sont pas très ronds <eos>,14,ronds,rondes,12,F,S,ronds,-11.349467,rondes,-13.879392,1
8361,P_NOUN_9_ADJ_b,M,P,les claviers avec la pendule qui étaient là depuis hier ne sont pas très froids <eos>,14,froids,froides,12,F,S,froids,-9.699826,froides,-9.116108,0
8362,P_NOUN_9_ADJ_b,M,P,les claviers avec la pendule qui étaient là depuis hier ne sont pas très chauds <eos>,14,chauds,chaudes,12,F,S,chauds,-7.7442536,chaudes,-11.199141,1
8363,P_NOUN_9_ADJ_b,M,P,les claviers avec la pendule qui étaient là depuis hier ne sont pas très importants <eos>,14,importants,importantes,12,F,S,importants,-5.847891,importantes,-8.815761,1
8364,P_NOUN_9_ADJ_b,M,P,les claviers avec la pendule qui étaient là depuis hier ne sont pas très courts <eos>,14,courts,courtes,12,F,S,courts,-6.4230504,courtes,-9.323446,1
8365,P_NOUN_9_ADJ_b,M,P,les claviers avec la pendule qui étaient là depuis hier ne sont pas très durs <eos>,14,durs,dures,12,F,S,durs,-4.321984,dures,-8.829145,1
8366,P_NOUN_9_ADJ_b,M,P,les claviers avec la pendule qui étaient là depuis hier ne sont pas très clairs <eos>,14,clairs,claires,12,F,S,clairs,-5.1745667,claires,-7.4724708,1
8367,P_NOUN_9_ADJ_b,M,P,les claviers avec la pendule qui étaient là depuis hier ne sont pas très intéressants <eos>,14,intéressants,intéressantes,12,F,S,intéressants,-5.8890896,intéressantes,-9.009408,1
8368,P_NOUN_9_ADJ_b,M,P,les claviers avec la pendule qui étaient là depuis hier ne sont pas très brillants <eos>,14,brillants,brillantes,12,F,S,brillants,-6.992173,brillantes,-10.016833,1
8369,P_NOUN_9_ADJ_b,M,P,les claviers avec la pendule qui étaient là depuis hier ne sont pas très compliqués <eos>,14,compliqués,compliquées,12,F,S,compliqués,-4.5593643,compliquées,-8.41354,1
8370,P_NOUN_9_ADJ_b,M,P,les claviers avec la cloche qui étaient là depuis hier ne sont pas très verts <eos>,14,verts,vertes,12,F,S,verts,-9.543578,vertes,-14.367503,1
8371,P_NOUN_9_ADJ_b,M,P,les claviers avec la cloche qui étaient là depuis hier ne sont pas très bleus <eos>,14,bleus,bleues,12,F,S,bleus,-11.442749,bleues,-15.74313,1
8372,P_NOUN_9_ADJ_b,M,P,les claviers avec la cloche qui étaient là depuis hier ne sont pas très noirs <eos>,14,noirs,noires,12,F,S,noirs,-10.926997,noires,-13.821427,1
8373,P_NOUN_9_ADJ_b,M,P,les claviers avec la cloche qui étaient là depuis hier ne sont pas très délicats <eos>,14,délicats,délicates,12,F,S,délicats,-7.869647,délicates,-11.13649,1
8374,P_NOUN_9_ADJ_b,M,P,les claviers avec la cloche qui étaient là depuis hier ne sont pas très pointus <eos>,14,pointus,pointues,12,F,S,pointus,-10.579042,pointues,-11.665739,1
8375,P_NOUN_9_ADJ_b,M,P,les claviers avec la cloche qui étaient là depuis hier ne sont pas très ronds <eos>,14,ronds,rondes,12,F,S,ronds,-11.043966,rondes,-13.678999,1
8376,P_NOUN_9_ADJ_b,M,P,les claviers avec la cloche qui étaient là depuis hier ne sont pas très froids <eos>,14,froids,froides,12,F,S,froids,-10.101194,froides,-9.78869,0
8377,P_NOUN_9_ADJ_b,M,P,les claviers avec la cloche qui étaient là depuis hier ne sont pas très chauds <eos>,14,chauds,chaudes,12,F,S,chauds,-8.323201,chaudes,-11.453127,1
8378,P_NOUN_9_ADJ_b,M,P,les claviers avec la cloche qui étaient là depuis hier ne sont pas très importants <eos>,14,importants,importantes,12,F,S,importants,-5.5094957,importantes,-8.541531,1
8379,P_NOUN_9_ADJ_b,M,P,les claviers avec la cloche qui étaient là depuis hier ne sont pas très courts <eos>,14,courts,courtes,12,F,S,courts,-6.1995406,courtes,-9.145931,1
8380,P_NOUN_9_ADJ_b,M,P,les claviers avec la cloche qui étaient là depuis hier ne sont pas très durs <eos>,14,durs,dures,12,F,S,durs,-4.5831375,dures,-8.889382,1
8381,P_NOUN_9_ADJ_b,M,P,les claviers avec la cloche qui étaient là depuis hier ne sont pas très clairs <eos>,14,clairs,claires,12,F,S,clairs,-4.823387,claires,-7.5508585,1
8382,P_NOUN_9_ADJ_b,M,P,les claviers avec la cloche qui étaient là depuis hier ne sont pas très intéressants <eos>,14,intéressants,intéressantes,12,F,S,intéressants,-5.5626793,intéressantes,-8.910047,1
8383,P_NOUN_9_ADJ_b,M,P,les claviers avec la cloche qui étaient là depuis hier ne sont pas très brillants <eos>,14,brillants,brillantes,12,F,S,brillants,-7.289616,brillantes,-10.414614,1
8384,P_NOUN_9_ADJ_b,M,P,les claviers avec la cloche qui étaient là depuis hier ne sont pas très compliqués <eos>,14,compliqués,compliquées,12,F,S,compliqués,-4.7757206,compliquées,-8.31072,1
8385,P_NOUN_9_ADJ_b,M,P,les claviers avec la cerise qui étaient là depuis hier ne sont pas très verts <eos>,14,verts,vertes,12,F,S,verts,-9.253162,vertes,-13.838211,1
8386,P_NOUN_9_ADJ_b,M,P,les claviers avec la cerise qui étaient là depuis hier ne sont pas très bleus <eos>,14,bleus,bleues,12,F,S,bleus,-11.092684,bleues,-15.44427,1
8387,P_NOUN_9_ADJ_b,M,P,les claviers avec la cerise qui étaient là depuis hier ne sont pas très noirs <eos>,14,noirs,noires,12,F,S,noirs,-10.56374,noires,-13.685228,1
8388,P_NOUN_9_ADJ_b,M,P,les claviers avec la cerise qui étaient là depuis hier ne sont pas très délicats <eos>,14,délicats,délicates,12,F,S,délicats,-7.1619916,délicates,-10.56171,1
8389,P_NOUN_9_ADJ_b,M,P,les claviers avec la cerise qui étaient là depuis hier ne sont pas très pointus <eos>,14,pointus,pointues,12,F,S,pointus,-10.6760845,pointues,-11.890324,1
8390,P_NOUN_9_ADJ_b,M,P,les claviers avec la cerise qui étaient là depuis hier ne sont pas très ronds <eos>,14,ronds,rondes,12,F,S,ronds,-10.538375,rondes,-14.08665,1
8391,P_NOUN_9_ADJ_b,M,P,les claviers avec la cerise qui étaient là depuis hier ne sont pas très froids <eos>,14,froids,froides,12,F,S,froids,-8.938444,froides,-8.810529,0
8392,P_NOUN_9_ADJ_b,M,P,les claviers avec la cerise qui étaient là depuis hier ne sont pas très chauds <eos>,14,chauds,chaudes,12,F,S,chauds,-7.5985165,chaudes,-10.495845,1
8393,P_NOUN_9_ADJ_b,M,P,les claviers avec la cerise qui étaient là depuis hier ne sont pas très importants <eos>,14,importants,importantes,12,F,S,importants,-5.4139457,importantes,-8.338434,1
8394,P_NOUN_9_ADJ_b,M,P,les claviers avec la cerise qui étaient là depuis hier ne sont pas très courts <eos>,14,courts,courtes,12,F,S,courts,-6.666751,courtes,-10.072704,1
8395,P_NOUN_9_ADJ_b,M,P,les claviers avec la cerise qui étaient là depuis hier ne sont pas très durs <eos>,14,durs,dures,12,F,S,durs,-4.625742,dures,-8.527726,1
8396,P_NOUN_9_ADJ_b,M,P,les claviers avec la cerise qui étaient là depuis hier ne sont pas très clairs <eos>,14,clairs,claires,12,F,S,clairs,-4.8425417,claires,-7.2022543,1
8397,P_NOUN_9_ADJ_b,M,P,les claviers avec la cerise qui étaient là depuis hier ne sont pas très intéressants <eos>,14,intéressants,intéressantes,12,F,S,intéressants,-5.8518553,intéressantes,-8.719753,1
8398,P_NOUN_9_ADJ_b,M,P,les claviers avec la cerise qui étaient là depuis hier ne sont pas très brillants <eos>,14,brillants,brillantes,12,F,S,brillants,-6.8323092,brillantes,-9.992607,1
8399,P_NOUN_9_ADJ_b,M,P,les claviers avec la cerise qui étaient là depuis hier ne sont pas très compliqués <eos>,14,compliqués,compliquées,12,F,S,compliqués,-5.0599775,compliquées,-8.788617,1
8400,P_NOUN_9_ADJ_b,M,P,les raisins avec la gemme qui étaient là depuis hier ne sont pas très verts <eos>,14,verts,vertes,12,F,S,verts,-7.905984,vertes,-13.1540785,1
8401,P_NOUN_9_ADJ_b,M,P,les raisins avec la gemme qui étaient là depuis hier ne sont pas très bleus <eos>,14,bleus,bleues,12,F,S,bleus,-9.826555,bleues,-14.689826,1
8402,P_NOUN_9_ADJ_b,M,P,les raisins avec la gemme qui étaient là depuis hier ne sont pas très noirs <eos>,14,noirs,noires,12,F,S,noirs,-9.681894,noires,-12.4416685,1
8403,P_NOUN_9_ADJ_b,M,P,les raisins avec la gemme qui étaient là depuis hier ne sont pas très délicats <eos>,14,délicats,délicates,12,F,S,délicats,-6.3371477,délicates,-10.706439,1
8404,P_NOUN_9_ADJ_b,M,P,les raisins avec la gemme qui étaient là depuis hier ne sont pas très pointus <eos>,14,pointus,pointues,12,F,S,pointus,-9.625826,pointues,-12.290219,1
8405,P_NOUN_9_ADJ_b,M,P,les raisins avec la gemme qui étaient là depuis hier ne sont pas très ronds <eos>,14,ronds,rondes,12,F,S,ronds,-10.157499,rondes,-13.047237,1
8406,P_NOUN_9_ADJ_b,M,P,les raisins avec la gemme qui étaient là depuis hier ne sont pas très froids <eos>,14,froids,froides,12,F,S,froids,-7.1607375,froides,-8.503771,1
8407,P_NOUN_9_ADJ_b,M,P,les raisins avec la gemme qui étaient là depuis hier ne sont pas très chauds <eos>,14,chauds,chaudes,12,F,S,chauds,-6.215018,chaudes,-9.304451,1
8408,P_NOUN_9_ADJ_b,M,P,les raisins avec la gemme qui étaient là depuis hier ne sont pas très importants <eos>,14,importants,importantes,12,F,S,importants,-4.933614,importantes,-8.121937,1
8409,P_NOUN_9_ADJ_b,M,P,les raisins avec la gemme qui étaient là depuis hier ne sont pas très courts <eos>,14,courts,courtes,12,F,S,courts,-6.107645,courtes,-10.578113,1
8410,P_NOUN_9_ADJ_b,M,P,les raisins avec la gemme qui étaient là depuis hier ne sont pas très durs <eos>,14,durs,dures,12,F,S,durs,-4.7005444,dures,-6.8441563,1
8411,P_NOUN_9_ADJ_b,M,P,les raisins avec la gemme qui étaient là depuis hier ne sont pas très clairs <eos>,14,clairs,claires,12,F,S,clairs,-4.438468,claires,-7.6194153,1
8412,P_NOUN_9_ADJ_b,M,P,les raisins avec la gemme qui étaient là depuis hier ne sont pas très intéressants <eos>,14,intéressants,intéressantes,12,F,S,intéressants,-6.07578,intéressantes,-9.235027,1
8413,P_NOUN_9_ADJ_b,M,P,les raisins avec la gemme qui étaient là depuis hier ne sont pas très brillants <eos>,14,brillants,brillantes,12,F,S,brillants,-6.396103,brillantes,-9.847612,1
8414,P_NOUN_9_ADJ_b,M,P,les raisins avec la gemme qui étaient là depuis hier ne sont pas très compliqués <eos>,14,compliqués,compliquées,12,F,S,compliqués,-6.5928974,compliquées,-11.184968,1
8415,P_NOUN_9_ADJ_b,M,P,les raisins avec la chaise qui étaient là depuis hier ne sont pas très verts <eos>,14,verts,vertes,12,F,S,verts,-8.222458,vertes,-13.524586,1
8416,P_NOUN_9_ADJ_b,M,P,les raisins avec la chaise qui étaient là depuis hier ne sont pas très bleus <eos>,14,bleus,bleues,12,F,S,bleus,-9.866898,bleues,-14.681715,1
8417,P_NOUN_9_ADJ_b,M,P,les raisins avec la chaise qui étaient là depuis hier ne sont pas très noirs <eos>,14,noirs,noires,12,F,S,noirs,-9.539169,noires,-12.335457,1
8418,P_NOUN_9_ADJ_b,M,P,les raisins avec la chaise qui étaient là depuis hier ne sont pas très délicats <eos>,14,délicats,délicates,12,F,S,délicats,-6.579134,délicates,-11.021945,1
8419,P_NOUN_9_ADJ_b,M,P,les raisins avec la chaise qui étaient là depuis hier ne sont pas très pointus <eos>,14,pointus,pointues,12,F,S,pointus,-9.460552,pointues,-11.79414,1
8420,P_NOUN_9_ADJ_b,M,P,les raisins avec la chaise qui étaient là depuis hier ne sont pas très ronds <eos>,14,ronds,rondes,12,F,S,ronds,-9.41388,rondes,-12.203841,1
8421,P_NOUN_9_ADJ_b,M,P,les raisins avec la chaise qui étaient là depuis hier ne sont pas très froids <eos>,14,froids,froides,12,F,S,froids,-8.155729,froides,-9.259945,1
8422,P_NOUN_9_ADJ_b,M,P,les raisins avec la chaise qui étaient là depuis hier ne sont pas très chauds <eos>,14,chauds,chaudes,12,F,S,chauds,-6.757249,chaudes,-10.177681,1
8423,P_NOUN_9_ADJ_b,M,P,les raisins avec la chaise qui étaient là depuis hier ne sont pas très importants <eos>,14,importants,importantes,12,F,S,importants,-5.302127,importantes,-8.683685,1
8424,P_NOUN_9_ADJ_b,M,P,les raisins avec la chaise qui étaient là depuis hier ne sont pas très courts <eos>,14,courts,courtes,12,F,S,courts,-5.757603,courtes,-10.141994,1
8425,P_NOUN_9_ADJ_b,M,P,les raisins avec la chaise qui étaient là depuis hier ne sont pas très durs <eos>,14,durs,dures,12,F,S,durs,-4.7240944,dures,-7.5662537,1
8426,P_NOUN_9_ADJ_b,M,P,les raisins avec la chaise qui étaient là depuis hier ne sont pas très clairs <eos>,14,clairs,claires,12,F,S,clairs,-4.734192,claires,-7.795512,1
8427,P_NOUN_9_ADJ_b,M,P,les raisins avec la chaise qui étaient là depuis hier ne sont pas très intéressants <eos>,14,intéressants,intéressantes,12,F,S,intéressants,-6.240481,intéressantes,-9.709267,1
8428,P_NOUN_9_ADJ_b,M,P,les raisins avec la chaise qui étaient là depuis hier ne sont pas très brillants <eos>,14,brillants,brillantes,12,F,S,brillants,-6.8395414,brillantes,-10.273632,1
8429,P_NOUN_9_ADJ_b,M,P,les raisins avec la chaise qui étaient là depuis hier ne sont pas très compliqués <eos>,14,compliqués,compliquées,12,F,S,compliqués,-6.22766,compliquées,-10.553091,1
8430,P_NOUN_9_ADJ_b,M,P,les raisins avec la poubelle qui étaient là depuis hier ne sont pas très verts <eos>,14,verts,vertes,12,F,S,verts,-7.846509,vertes,-13.025306,1
8431,P_NOUN_9_ADJ_b,M,P,les raisins avec la poubelle qui étaient là depuis hier ne sont pas très bleus <eos>,14,bleus,bleues,12,F,S,bleus,-9.842983,bleues,-14.609045,1
8432,P_NOUN_9_ADJ_b,M,P,les raisins avec la poubelle qui étaient là depuis hier ne sont pas très noirs <eos>,14,noirs,noires,12,F,S,noirs,-9.780285,noires,-12.54217,1
8433,P_NOUN_9_ADJ_b,M,P,les raisins avec la poubelle qui étaient là depuis hier ne sont pas très délicats <eos>,14,délicats,délicates,12,F,S,délicats,-6.2497807,délicates,-10.896882,1
8434,P_NOUN_9_ADJ_b,M,P,les raisins avec la poubelle qui étaient là depuis hier ne sont pas très pointus <eos>,14,pointus,pointues,12,F,S,pointus,-9.615599,pointues,-12.349747,1
8435,P_NOUN_9_ADJ_b,M,P,les raisins avec la poubelle qui étaient là depuis hier ne sont pas très ronds <eos>,14,ronds,rondes,12,F,S,ronds,-10.202595,rondes,-13.142103,1
8436,P_NOUN_9_ADJ_b,M,P,les raisins avec la poubelle qui étaient là depuis hier ne sont pas très froids <eos>,14,froids,froides,12,F,S,froids,-7.511727,froides,-8.43145,1
8437,P_NOUN_9_ADJ_b,M,P,les raisins avec la poubelle qui étaient là depuis hier ne sont pas très chauds <eos>,14,chauds,chaudes,12,F,S,chauds,-6.3639793,chaudes,-9.519752,1
8438,P_NOUN_9_ADJ_b,M,P,les raisins avec la poubelle qui étaient là depuis hier ne sont pas très importants <eos>,14,importants,importantes,12,F,S,importants,-5.1728907,importantes,-8.447278,1
8439,P_NOUN_9_ADJ_b,M,P,les raisins avec la poubelle qui étaient là depuis hier ne sont pas très courts <eos>,14,courts,courtes,12,F,S,courts,-6.071433,courtes,-10.591309,1
8440,P_NOUN_9_ADJ_b,M,P,les raisins avec la poubelle qui étaient là depuis hier ne sont pas très durs <eos>,14,durs,dures,12,F,S,durs,-4.7435055,dures,-7.292445,1
8441,P_NOUN_9_ADJ_b,M,P,les raisins avec la poubelle qui étaient là depuis hier ne sont pas très clairs <eos>,14,clairs,claires,12,F,S,clairs,-4.726109,claires,-7.6900268,1
8442,P_NOUN_9_ADJ_b,M,P,les raisins avec la poubelle qui étaient là depuis hier ne sont pas très intéressants <eos>,14,intéressants,intéressantes,12,F,S,intéressants,-5.954149,intéressantes,-9.213972,1
8443,P_NOUN_9_ADJ_b,M,P,les raisins avec la poubelle qui étaient là depuis hier ne sont pas très brillants <eos>,14,brillants,brillantes,12,F,S,brillants,-6.5861244,brillantes,-10.107403,1
8444,P_NOUN_9_ADJ_b,M,P,les raisins avec la poubelle qui étaient là depuis hier ne sont pas très compliqués <eos>,14,compliqués,compliquées,12,F,S,compliqués,-6.2338777,compliquées,-10.868359,1
8445,P_NOUN_9_ADJ_b,M,P,les raisins avec la chemise qui étaient là depuis hier ne sont pas très verts <eos>,14,verts,vertes,12,F,S,verts,-7.8716135,vertes,-13.125075,1
8446,P_NOUN_9_ADJ_b,M,P,les raisins avec la chemise qui étaient là depuis hier ne sont pas très bleus <eos>,14,bleus,bleues,12,F,S,bleus,-9.178155,bleues,-14.288266,1
8447,P_NOUN_9_ADJ_b,M,P,les raisins avec la chemise qui étaient là depuis hier ne sont pas très noirs <eos>,14,noirs,noires,12,F,S,noirs,-9.20058,noires,-12.145721,1
8448,P_NOUN_9_ADJ_b,M,P,les raisins avec la chemise qui étaient là depuis hier ne sont pas très délicats <eos>,14,délicats,délicates,12,F,S,délicats,-6.566168,délicates,-10.920294,1
8449,P_NOUN_9_ADJ_b,M,P,les raisins avec la chemise qui étaient là depuis hier ne sont pas très pointus <eos>,14,pointus,pointues,12,F,S,pointus,-9.03417,pointues,-11.8450985,1
8450,P_NOUN_9_ADJ_b,M,P,les raisins avec la chemise qui étaient là depuis hier ne sont pas très ronds <eos>,14,ronds,rondes,12,F,S,ronds,-9.6916275,rondes,-12.433732,1
8451,P_NOUN_9_ADJ_b,M,P,les raisins avec la chemise qui étaient là depuis hier ne sont pas très froids <eos>,14,froids,froides,12,F,S,froids,-7.78481,froides,-8.945249,1
8452,P_NOUN_9_ADJ_b,M,P,les raisins avec la chemise qui étaient là depuis hier ne sont pas très chauds <eos>,14,chauds,chaudes,12,F,S,chauds,-6.155055,chaudes,-10.152349,1
8453,P_NOUN_9_ADJ_b,M,P,les raisins avec la chemise qui étaient là depuis hier ne sont pas très importants <eos>,14,importants,importantes,12,F,S,importants,-5.4067073,importantes,-8.7402115,1
8454,P_NOUN_9_ADJ_b,M,P,les raisins avec la chemise qui étaient là depuis hier ne sont pas très courts <eos>,14,courts,courtes,12,F,S,courts,-5.606082,courtes,-9.946036,1
8455,P_NOUN_9_ADJ_b,M,P,les raisins avec la chemise qui étaient là depuis hier ne sont pas très durs <eos>,14,durs,dures,12,F,S,durs,-4.8450494,dures,-7.646273,1
8456,P_NOUN_9_ADJ_b,M,P,les raisins avec la chemise qui étaient là depuis hier ne sont pas très clairs <eos>,14,clairs,claires,12,F,S,clairs,-4.230992,claires,-7.825359,1
8457,P_NOUN_9_ADJ_b,M,P,les raisins avec la chemise qui étaient là depuis hier ne sont pas très intéressants <eos>,14,intéressants,intéressantes,12,F,S,intéressants,-6.333974,intéressantes,-9.776911,1
8458,P_NOUN_9_ADJ_b,M,P,les raisins avec la chemise qui étaient là depuis hier ne sont pas très brillants <eos>,14,brillants,brillantes,12,F,S,brillants,-6.3895884,brillantes,-10.363998,1
8459,P_NOUN_9_ADJ_b,M,P,les raisins avec la chemise qui étaient là depuis hier ne sont pas très compliqués <eos>,14,compliqués,compliquées,12,F,S,compliqués,-6.3806314,compliquées,-10.776115,1
8460,P_NOUN_9_ADJ_b,M,P,les raisins avec la recette qui étaient là depuis hier ne sont pas très verts <eos>,14,verts,vertes,12,F,S,verts,-8.608701,vertes,-13.50917,1
8461,P_NOUN_9_ADJ_b,M,P,les raisins avec la recette qui étaient là depuis hier ne sont pas très bleus <eos>,14,bleus,bleues,12,F,S,bleus,-10.237903,bleues,-15.138488,1
8462,P_NOUN_9_ADJ_b,M,P,les raisins avec la recette qui étaient là depuis hier ne sont pas très noirs <eos>,14,noirs,noires,12,F,S,noirs,-10.321568,noires,-13.331905,1
8463,P_NOUN_9_ADJ_b,M,P,les raisins avec la recette qui étaient là depuis hier ne sont pas très délicats <eos>,14,délicats,délicates,12,F,S,délicats,-6.180458,délicates,-10.52523,1
8464,P_NOUN_9_ADJ_b,M,P,les raisins avec la recette qui étaient là depuis hier ne sont pas très pointus <eos>,14,pointus,pointues,12,F,S,pointus,-10.329023,pointues,-12.744113,1
8465,P_NOUN_9_ADJ_b,M,P,les raisins avec la recette qui étaient là depuis hier ne sont pas très ronds <eos>,14,ronds,rondes,12,F,S,ronds,-10.284601,rondes,-13.37931,1
8466,P_NOUN_9_ADJ_b,M,P,les raisins avec la recette qui étaient là depuis hier ne sont pas très froids <eos>,14,froids,froides,12,F,S,froids,-7.39351,froides,-8.492822,1
8467,P_NOUN_9_ADJ_b,M,P,les raisins avec la recette qui étaient là depuis hier ne sont pas très chauds <eos>,14,chauds,chaudes,12,F,S,chauds,-6.2541533,chaudes,-9.19524,1
8468,P_NOUN_9_ADJ_b,M,P,les raisins avec la recette qui étaient là depuis hier ne sont pas très importants <eos>,14,importants,importantes,12,F,S,importants,-4.9835577,importantes,-7.629361,1
8469,P_NOUN_9_ADJ_b,M,P,les raisins avec la recette qui étaient là depuis hier ne sont pas très courts <eos>,14,courts,courtes,12,F,S,courts,-6.62773,courtes,-10.234833,1
8470,P_NOUN_9_ADJ_b,M,P,les raisins avec la recette qui étaient là depuis hier ne sont pas très durs <eos>,14,durs,dures,12,F,S,durs,-4.9741955,dures,-7.341791,1
8471,P_NOUN_9_ADJ_b,M,P,les raisins avec la recette qui étaient là depuis hier ne sont pas très clairs <eos>,14,clairs,claires,12,F,S,clairs,-5.109971,claires,-7.5409565,1
8472,P_NOUN_9_ADJ_b,M,P,les raisins avec la recette qui étaient là depuis hier ne sont pas très intéressants <eos>,14,intéressants,intéressantes,12,F,S,intéressants,-6.3446603,intéressantes,-8.811495,1
8473,P_NOUN_9_ADJ_b,M,P,les raisins avec la recette qui étaient là depuis hier ne sont pas très brillants <eos>,14,brillants,brillantes,12,F,S,brillants,-6.999185,brillantes,-9.918676,1
8474,P_NOUN_9_ADJ_b,M,P,les raisins avec la recette qui étaient là depuis hier ne sont pas très compliqués <eos>,14,compliqués,compliquées,12,F,S,compliqués,-6.4633646,compliquées,-10.638455,1
8475,P_NOUN_9_ADJ_b,M,P,les raisins avec la jupe qui étaient là depuis hier ne sont pas très verts <eos>,14,verts,vertes,12,F,S,verts,-8.093382,vertes,-13.005642,1
8476,P_NOUN_9_ADJ_b,M,P,les raisins avec la jupe qui étaient là depuis hier ne sont pas très bleus <eos>,14,bleus,bleues,12,F,S,bleus,-9.602638,bleues,-14.264917,1
8477,P_NOUN_9_ADJ_b,M,P,les raisins avec la jupe qui étaient là depuis hier ne sont pas très noirs <eos>,14,noirs,noires,12,F,S,noirs,-9.374052,noires,-12.149274,1
8478,P_NOUN_9_ADJ_b,M,P,les raisins avec la jupe qui étaient là depuis hier ne sont pas très délicats <eos>,14,délicats,délicates,12,F,S,délicats,-6.4120064,délicates,-10.683281,1
8479,P_NOUN_9_ADJ_b,M,P,les raisins avec la jupe qui étaient là depuis hier ne sont pas très pointus <eos>,14,pointus,pointues,12,F,S,pointus,-9.194321,pointues,-11.82914,1
8480,P_NOUN_9_ADJ_b,M,P,les raisins avec la jupe qui étaient là depuis hier ne sont pas très ronds <eos>,14,ronds,rondes,12,F,S,ronds,-9.390255,rondes,-12.557058,1
8481,P_NOUN_9_ADJ_b,M,P,les raisins avec la jupe qui étaient là depuis hier ne sont pas très froids <eos>,14,froids,froides,12,F,S,froids,-8.215252,froides,-9.000378,1
8482,P_NOUN_9_ADJ_b,M,P,les raisins avec la jupe qui étaient là depuis hier ne sont pas très chauds <eos>,14,chauds,chaudes,12,F,S,chauds,-6.4313116,chaudes,-10.01226,1
8483,P_NOUN_9_ADJ_b,M,P,les raisins avec la jupe qui étaient là depuis hier ne sont pas très importants <eos>,14,importants,importantes,12,F,S,importants,-5.3666964,importantes,-8.459489,1
8484,P_NOUN_9_ADJ_b,M,P,les raisins avec la jupe qui étaient là depuis hier ne sont pas très courts <eos>,14,courts,courtes,12,F,S,courts,-5.748452,courtes,-9.898397,1
8485,P_NOUN_9_ADJ_b,M,P,les raisins avec la jupe qui étaient là depuis hier ne sont pas très durs <eos>,14,durs,dures,12,F,S,durs,-4.8753366,dures,-7.688199,1
8486,P_NOUN_9_ADJ_b,M,P,les raisins avec la jupe qui étaient là depuis hier ne sont pas très clairs <eos>,14,clairs,claires,12,F,S,clairs,-4.3001943,claires,-7.505695,1
8487,P_NOUN_9_ADJ_b,M,P,les raisins avec la jupe qui étaient là depuis hier ne sont pas très intéressants <eos>,14,intéressants,intéressantes,12,F,S,intéressants,-6.3722916,intéressantes,-9.401893,1
8488,P_NOUN_9_ADJ_b,M,P,les raisins avec la jupe qui étaient là depuis hier ne sont pas très brillants <eos>,14,brillants,brillantes,12,F,S,brillants,-6.668106,brillantes,-10.202288,1
8489,P_NOUN_9_ADJ_b,M,P,les raisins avec la jupe qui étaient là depuis hier ne sont pas très compliqués <eos>,14,compliqués,compliquées,12,F,S,compliqués,-6.3077893,compliquées,-10.675804,1
8490,P_NOUN_9_ADJ_b,M,P,les raisins avec la colle qui étaient là depuis hier ne sont pas très verts <eos>,14,verts,vertes,12,F,S,verts,-8.093611,vertes,-13.042425,1
8491,P_NOUN_9_ADJ_b,M,P,les raisins avec la colle qui étaient là depuis hier ne sont pas très bleus <eos>,14,bleus,bleues,12,F,S,bleus,-10.105316,bleues,-14.835516,1
8492,P_NOUN_9_ADJ_b,M,P,les raisins avec la colle qui étaient là depuis hier ne sont pas très noirs <eos>,14,noirs,noires,12,F,S,noirs,-9.979941,noires,-12.564415,1
8493,P_NOUN_9_ADJ_b,M,P,les raisins avec la colle qui étaient là depuis hier ne sont pas très délicats <eos>,14,délicats,délicates,12,F,S,délicats,-6.479703,délicates,-11.175988,1
8494,P_NOUN_9_ADJ_b,M,P,les raisins avec la colle qui étaient là depuis hier ne sont pas très pointus <eos>,14,pointus,pointues,12,F,S,pointus,-9.755024,pointues,-12.3629055,1
8495,P_NOUN_9_ADJ_b,M,P,les raisins avec la colle qui étaient là depuis hier ne sont pas très ronds <eos>,14,ronds,rondes,12,F,S,ronds,-10.2379,rondes,-13.109869,1
8496,P_NOUN_9_ADJ_b,M,P,les raisins avec la colle qui étaient là depuis hier ne sont pas très froids <eos>,14,froids,froides,12,F,S,froids,-7.6535587,froides,-8.500367,1
8497,P_NOUN_9_ADJ_b,M,P,les raisins avec la colle qui étaient là depuis hier ne sont pas très chauds <eos>,14,chauds,chaudes,12,F,S,chauds,-6.013315,chaudes,-9.33003,1
8498,P_NOUN_9_ADJ_b,M,P,les raisins avec la colle qui étaient là depuis hier ne sont pas très importants <eos>,14,importants,importantes,12,F,S,importants,-5.3440323,importantes,-8.292192,1
8499,P_NOUN_9_ADJ_b,M,P,les raisins avec la colle qui étaient là depuis hier ne sont pas très courts <eos>,14,courts,courtes,12,F,S,courts,-6.262561,courtes,-10.493842,1
8500,P_NOUN_9_ADJ_b,M,P,les raisins avec la colle qui étaient là depuis hier ne sont pas très durs <eos>,14,durs,dures,12,F,S,durs,-4.621935,dures,-7.1821785,1
8501,P_NOUN_9_ADJ_b,M,P,les raisins avec la colle qui étaient là depuis hier ne sont pas très clairs <eos>,14,clairs,claires,12,F,S,clairs,-4.7784467,claires,-7.350594,1
8502,P_NOUN_9_ADJ_b,M,P,les raisins avec la colle qui étaient là depuis hier ne sont pas très intéressants <eos>,14,intéressants,intéressantes,12,F,S,intéressants,-6.3398533,intéressantes,-9.203725,1
8503,P_NOUN_9_ADJ_b,M,P,les raisins avec la colle qui étaient là depuis hier ne sont pas très brillants <eos>,14,brillants,brillantes,12,F,S,brillants,-6.5694256,brillantes,-10.178923,1
8504,P_NOUN_9_ADJ_b,M,P,les raisins avec la colle qui étaient là depuis hier ne sont pas très compliqués <eos>,14,compliqués,compliquées,12,F,S,compliqués,-6.430591,compliquées,-11.133194,1
8505,P_NOUN_9_ADJ_b,M,P,les raisins avec la lampe qui étaient là depuis hier ne sont pas très verts <eos>,14,verts,vertes,12,F,S,verts,-7.9461994,vertes,-12.625749,1
8506,P_NOUN_9_ADJ_b,M,P,les raisins avec la lampe qui étaient là depuis hier ne sont pas très bleus <eos>,14,bleus,bleues,12,F,S,bleus,-9.956186,bleues,-14.323753,1
8507,P_NOUN_9_ADJ_b,M,P,les raisins avec la lampe qui étaient là depuis hier ne sont pas très noirs <eos>,14,noirs,noires,12,F,S,noirs,-10.101564,noires,-12.275623,1
8508,P_NOUN_9_ADJ_b,M,P,les raisins avec la lampe qui étaient là depuis hier ne sont pas très délicats <eos>,14,délicats,délicates,12,F,S,délicats,-6.4651384,délicates,-10.731279,1
8509,P_NOUN_9_ADJ_b,M,P,les raisins avec la lampe qui étaient là depuis hier ne sont pas très pointus <eos>,14,pointus,pointues,12,F,S,pointus,-9.459236,pointues,-11.75714,1
8510,P_NOUN_9_ADJ_b,M,P,les raisins avec la lampe qui étaient là depuis hier ne sont pas très ronds <eos>,14,ronds,rondes,12,F,S,ronds,-9.918753,rondes,-12.936375,1
8511,P_NOUN_9_ADJ_b,M,P,les raisins avec la lampe qui étaient là depuis hier ne sont pas très froids <eos>,14,froids,froides,12,F,S,froids,-7.7380934,froides,-8.340003,1
8512,P_NOUN_9_ADJ_b,M,P,les raisins avec la lampe qui étaient là depuis hier ne sont pas très chauds <eos>,14,chauds,chaudes,12,F,S,chauds,-5.921679,chaudes,-9.304312,1
8513,P_NOUN_9_ADJ_b,M,P,les raisins avec la lampe qui étaient là depuis hier ne sont pas très importants <eos>,14,importants,importantes,12,F,S,importants,-5.381937,importantes,-8.242641,1
8514,P_NOUN_9_ADJ_b,M,P,les raisins avec la lampe qui étaient là depuis hier ne sont pas très courts <eos>,14,courts,courtes,12,F,S,courts,-6.211136,courtes,-10.107598,1
8515,P_NOUN_9_ADJ_b,M,P,les raisins avec la lampe qui étaient là depuis hier ne sont pas très durs <eos>,14,durs,dures,12,F,S,durs,-4.677233,dures,-7.4168134,1
8516,P_NOUN_9_ADJ_b,M,P,les raisins avec la lampe qui étaient là depuis hier ne sont pas très clairs <eos>,14,clairs,claires,12,F,S,clairs,-4.791032,claires,-7.412985,1
8517,P_NOUN_9_ADJ_b,M,P,les raisins avec la lampe qui étaient là depuis hier ne sont pas très intéressants <eos>,14,intéressants,intéressantes,12,F,S,intéressants,-6.3006124,intéressantes,-9.140522,1
8518,P_NOUN_9_ADJ_b,M,P,les raisins avec la lampe qui étaient là depuis hier ne sont pas très brillants <eos>,14,brillants,brillantes,12,F,S,brillants,-6.109271,brillantes,-9.553745,1
8519,P_NOUN_9_ADJ_b,M,P,les raisins avec la lampe qui étaient là depuis hier ne sont pas très compliqués <eos>,14,compliqués,compliquées,12,F,S,compliqués,-5.917695,compliquées,-10.717767,1
8520,P_NOUN_9_ADJ_b,M,P,les raisins avec la bouteille qui étaient là depuis hier ne sont pas très verts <eos>,14,verts,vertes,12,F,S,verts,-8.098333,vertes,-13.15015,1
8521,P_NOUN_9_ADJ_b,M,P,les raisins avec la bouteille qui étaient là depuis hier ne sont pas très bleus <eos>,14,bleus,bleues,12,F,S,bleus,-9.759643,bleues,-14.588867,1
8522,P_NOUN_9_ADJ_b,M,P,les raisins avec la bouteille qui étaient là depuis hier ne sont pas très noirs <eos>,14,noirs,noires,12,F,S,noirs,-9.685979,noires,-12.436925,1
8523,P_NOUN_9_ADJ_b,M,P,les raisins avec la bouteille qui étaient là depuis hier ne sont pas très délicats <eos>,14,délicats,délicates,12,F,S,délicats,-6.0319653,délicates,-10.592425,1
8524,P_NOUN_9_ADJ_b,M,P,les raisins avec la bouteille qui étaient là depuis hier ne sont pas très pointus <eos>,14,pointus,pointues,12,F,S,pointus,-10.012515,pointues,-12.297443,1
8525,P_NOUN_9_ADJ_b,M,P,les raisins avec la bouteille qui étaient là depuis hier ne sont pas très ronds <eos>,14,ronds,rondes,12,F,S,ronds,-10.018036,rondes,-13.133026,1
8526,P_NOUN_9_ADJ_b,M,P,les raisins avec la bouteille qui étaient là depuis hier ne sont pas très froids <eos>,14,froids,froides,12,F,S,froids,-7.446913,froides,-8.096714,1
8527,P_NOUN_9_ADJ_b,M,P,les raisins avec la bouteille qui étaient là depuis hier ne sont pas très chauds <eos>,14,chauds,chaudes,12,F,S,chauds,-6.292299,chaudes,-9.155371,1
8528,P_NOUN_9_ADJ_b,M,P,les raisins avec la bouteille qui étaient là depuis hier ne sont pas très importants <eos>,14,importants,importantes,12,F,S,importants,-5.0680466,importantes,-7.9513397,1
8529,P_NOUN_9_ADJ_b,M,P,les raisins avec la bouteille qui étaient là depuis hier ne sont pas très courts <eos>,14,courts,courtes,12,F,S,courts,-6.078289,courtes,-10.449813,1
8530,P_NOUN_9_ADJ_b,M,P,les raisins avec la bouteille qui étaient là depuis hier ne sont pas très durs <eos>,14,durs,dures,12,F,S,durs,-4.8593564,dures,-7.481876,1
8531,P_NOUN_9_ADJ_b,M,P,les raisins avec la bouteille qui étaient là depuis hier ne sont pas très clairs <eos>,14,clairs,claires,12,F,S,clairs,-5.205758,claires,-7.4056606,1
8532,P_NOUN_9_ADJ_b,M,P,les raisins avec la bouteille qui étaient là depuis hier ne sont pas très intéressants <eos>,14,intéressants,intéressantes,12,F,S,intéressants,-6.119359,intéressantes,-8.953419,1
8533,P_NOUN_9_ADJ_b,M,P,les raisins avec la bouteille qui étaient là depuis hier ne sont pas très brillants <eos>,14,brillants,brillantes,12,F,S,brillants,-6.7442093,brillantes,-10.161711,1
8534,P_NOUN_9_ADJ_b,M,P,les raisins avec la bouteille qui étaient là depuis hier ne sont pas très compliqués <eos>,14,compliqués,compliquées,12,F,S,compliqués,-6.5835752,compliquées,-11.017597,1
8535,P_NOUN_9_ADJ_b,M,P,les raisins avec la boisson qui étaient là depuis hier ne sont pas très verts <eos>,14,verts,vertes,12,F,S,verts,-8.068491,vertes,-13.271448,1
8536,P_NOUN_9_ADJ_b,M,P,les raisins avec la boisson qui étaient là depuis hier ne sont pas très bleus <eos>,14,bleus,bleues,12,F,S,bleus,-9.988038,bleues,-14.847919,1
8537,P_NOUN_9_ADJ_b,M,P,les raisins avec la boisson qui étaient là depuis hier ne sont pas très noirs <eos>,14,noirs,noires,12,F,S,noirs,-9.929587,noires,-12.944226,1
8538,P_NOUN_9_ADJ_b,M,P,les raisins avec la boisson qui étaient là depuis hier ne sont pas très délicats <eos>,14,délicats,délicates,12,F,S,délicats,-6.2888956,délicates,-10.714793,1
8539,P_NOUN_9_ADJ_b,M,P,les raisins avec la boisson qui étaient là depuis hier ne sont pas très pointus <eos>,14,pointus,pointues,12,F,S,pointus,-10.310264,pointues,-12.915221,1
8540,P_NOUN_9_ADJ_b,M,P,les raisins avec la boisson qui étaient là depuis hier ne sont pas très ronds <eos>,14,ronds,rondes,12,F,S,ronds,-10.475619,rondes,-13.448066,1
8541,P_NOUN_9_ADJ_b,M,P,les raisins avec la boisson qui étaient là depuis hier ne sont pas très froids <eos>,14,froids,froides,12,F,S,froids,-6.882777,froides,-8.307887,1
8542,P_NOUN_9_ADJ_b,M,P,les raisins avec la boisson qui étaient là depuis hier ne sont pas très chauds <eos>,14,chauds,chaudes,12,F,S,chauds,-5.9884706,chaudes,-9.0858,1
8543,P_NOUN_9_ADJ_b,M,P,les raisins avec la boisson qui étaient là depuis hier ne sont pas très importants <eos>,14,importants,importantes,12,F,S,importants,-5.021363,importantes,-7.9907594,1
8544,P_NOUN_9_ADJ_b,M,P,les raisins avec la boisson qui étaient là depuis hier ne sont pas très courts <eos>,14,courts,courtes,12,F,S,courts,-6.6235685,courtes,-10.677608,1
8545,P_NOUN_9_ADJ_b,M,P,les raisins avec la boisson qui étaient là depuis hier ne sont pas très durs <eos>,14,durs,dures,12,F,S,durs,-5.082407,dures,-7.283038,1
8546,P_NOUN_9_ADJ_b,M,P,les raisins avec la boisson qui étaient là depuis hier ne sont pas très clairs <eos>,14,clairs,claires,12,F,S,clairs,-4.886118,claires,-7.486335,1
8547,P_NOUN_9_ADJ_b,M,P,les raisins avec la boisson qui étaient là depuis hier ne sont pas très intéressants <eos>,14,intéressants,intéressantes,12,F,S,intéressants,-6.342966,intéressantes,-9.253912,1
8548,P_NOUN_9_ADJ_b,M,P,les raisins avec la boisson qui étaient là depuis hier ne sont pas très brillants <eos>,14,brillants,brillantes,12,F,S,brillants,-6.8104115,brillantes,-10.258544,1
8549,P_NOUN_9_ADJ_b,M,P,les raisins avec la boisson qui étaient là depuis hier ne sont pas très compliqués <eos>,14,compliqués,compliquées,12,F,S,compliqués,-6.813481,compliquées,-11.289244,1
8550,P_NOUN_9_ADJ_b,M,P,les raisins avec la pomme qui étaient là depuis hier ne sont pas très verts <eos>,14,verts,vertes,12,F,S,verts,-8.318748,vertes,-13.521014,1
8551,P_NOUN_9_ADJ_b,M,P,les raisins avec la pomme qui étaient là depuis hier ne sont pas très bleus <eos>,14,bleus,bleues,12,F,S,bleus,-10.217191,bleues,-15.23011,1
8552,P_NOUN_9_ADJ_b,M,P,les raisins avec la pomme qui étaient là depuis hier ne sont pas très noirs <eos>,14,noirs,noires,12,F,S,noirs,-10.007048,noires,-13.187489,1
8553,P_NOUN_9_ADJ_b,M,P,les raisins avec la pomme qui étaient là depuis hier ne sont pas très délicats <eos>,14,délicats,délicates,12,F,S,délicats,-6.197099,délicates,-10.825634,1
8554,P_NOUN_9_ADJ_b,M,P,les raisins avec la pomme qui étaient là depuis hier ne sont pas très pointus <eos>,14,pointus,pointues,12,F,S,pointus,-9.953428,pointues,-12.805579,1
8555,P_NOUN_9_ADJ_b,M,P,les raisins avec la pomme qui étaient là depuis hier ne sont pas très ronds <eos>,14,ronds,rondes,12,F,S,ronds,-10.347599,rondes,-13.556923,1
8556,P_NOUN_9_ADJ_b,M,P,les raisins avec la pomme qui étaient là depuis hier ne sont pas très froids <eos>,14,froids,froides,12,F,S,froids,-6.945591,froides,-8.453005,1
8557,P_NOUN_9_ADJ_b,M,P,les raisins avec la pomme qui étaient là depuis hier ne sont pas très chauds <eos>,14,chauds,chaudes,12,F,S,chauds,-6.0389986,chaudes,-9.362617,1
8558,P_NOUN_9_ADJ_b,M,P,les raisins avec la pomme qui étaient là depuis hier ne sont pas très importants <eos>,14,importants,importantes,12,F,S,importants,-4.8477535,importantes,-8.07771,1
8559,P_NOUN_9_ADJ_b,M,P,les raisins avec la pomme qui étaient là depuis hier ne sont pas très courts <eos>,14,courts,courtes,12,F,S,courts,-6.3397694,courtes,-10.559496,1
8560,P_NOUN_9_ADJ_b,M,P,les raisins avec la pomme qui étaient là depuis hier ne sont pas très durs <eos>,14,durs,dures,12,F,S,durs,-4.7071257,dures,-7.4101067,1
8561,P_NOUN_9_ADJ_b,M,P,les raisins avec la pomme qui étaient là depuis hier ne sont pas très clairs <eos>,14,clairs,claires,12,F,S,clairs,-4.7330513,claires,-7.7843466,1
8562,P_NOUN_9_ADJ_b,M,P,les raisins avec la pomme qui étaient là depuis hier ne sont pas très intéressants <eos>,14,intéressants,intéressantes,12,F,S,intéressants,-6.0700974,intéressantes,-8.97945,1
8563,P_NOUN_9_ADJ_b,M,P,les raisins avec la pomme qui étaient là depuis hier ne sont pas très brillants <eos>,14,brillants,brillantes,12,F,S,brillants,-6.735519,brillantes,-10.327219,1
8564,P_NOUN_9_ADJ_b,M,P,les raisins avec la pomme qui étaient là depuis hier ne sont pas très compliqués <eos>,14,compliqués,compliquées,12,F,S,compliqués,-6.728227,compliquées,-11.191713,1
8565,P_NOUN_9_ADJ_b,M,P,les raisins avec la tasse qui étaient là depuis hier ne sont pas très verts <eos>,14,verts,vertes,12,F,S,verts,-7.806403,vertes,-13.120309,1
8566,P_NOUN_9_ADJ_b,M,P,les raisins avec la tasse qui étaient là depuis hier ne sont pas très bleus <eos>,14,bleus,bleues,12,F,S,bleus,-9.316129,bleues,-14.425496,1
8567,P_NOUN_9_ADJ_b,M,P,les raisins avec la tasse qui étaient là depuis hier ne sont pas très noirs <eos>,14,noirs,noires,12,F,S,noirs,-9.0065365,noires,-12.062368,1
8568,P_NOUN_9_ADJ_b,M,P,les raisins avec la tasse qui étaient là depuis hier ne sont pas très délicats <eos>,14,délicats,délicates,12,F,S,délicats,-6.4168787,délicates,-10.025445,1
8569,P_NOUN_9_ADJ_b,M,P,les raisins avec la tasse qui étaient là depuis hier ne sont pas très pointus <eos>,14,pointus,pointues,12,F,S,pointus,-10.075571,pointues,-12.385864,1
8570,P_NOUN_9_ADJ_b,M,P,les raisins avec la tasse qui étaient là depuis hier ne sont pas très ronds <eos>,14,ronds,rondes,12,F,S,ronds,-9.725198,rondes,-12.925209,1
8571,P_NOUN_9_ADJ_b,M,P,les raisins avec la tasse qui étaient là depuis hier ne sont pas très froids <eos>,14,froids,froides,12,F,S,froids,-7.278144,froides,-8.059044,1
8572,P_NOUN_9_ADJ_b,M,P,les raisins avec la tasse qui étaient là depuis hier ne sont pas très chauds <eos>,14,chauds,chaudes,12,F,S,chauds,-5.9016857,chaudes,-8.819565,1
8573,P_NOUN_9_ADJ_b,M,P,les raisins avec la tasse qui étaient là depuis hier ne sont pas très importants <eos>,14,importants,importantes,12,F,S,importants,-5.148183,importantes,-8.107327,1
8574,P_NOUN_9_ADJ_b,M,P,les raisins avec la tasse qui étaient là depuis hier ne sont pas très courts <eos>,14,courts,courtes,12,F,S,courts,-6.397903,courtes,-10.896053,1
8575,P_NOUN_9_ADJ_b,M,P,les raisins avec la tasse qui étaient là depuis hier ne sont pas très durs <eos>,14,durs,dures,12,F,S,durs,-5.1655455,dures,-7.847684,1
8576,P_NOUN_9_ADJ_b,M,P,les raisins avec la tasse qui étaient là depuis hier ne sont pas très clairs <eos>,14,clairs,claires,12,F,S,clairs,-4.453779,claires,-7.0273657,1
8577,P_NOUN_9_ADJ_b,M,P,les raisins avec la tasse qui étaient là depuis hier ne sont pas très intéressants <eos>,14,intéressants,intéressantes,12,F,S,intéressants,-6.507949,intéressantes,-9.721781,1
8578,P_NOUN_9_ADJ_b,M,P,les raisins avec la tasse qui étaient là depuis hier ne sont pas très brillants <eos>,14,brillants,brillantes,12,F,S,brillants,-6.696425,brillantes,-10.267569,1
8579,P_NOUN_9_ADJ_b,M,P,les raisins avec la tasse qui étaient là depuis hier ne sont pas très compliqués <eos>,14,compliqués,compliquées,12,F,S,compliqués,-6.6783733,compliquées,-11.339344,1
8580,P_NOUN_9_ADJ_b,M,P,les raisins avec la bougie qui étaient là depuis hier ne sont pas très verts <eos>,14,verts,vertes,12,F,S,verts,-8.065764,vertes,-13.250798,1
8581,P_NOUN_9_ADJ_b,M,P,les raisins avec la bougie qui étaient là depuis hier ne sont pas très bleus <eos>,14,bleus,bleues,12,F,S,bleus,-9.803827,bleues,-14.62628,1
8582,P_NOUN_9_ADJ_b,M,P,les raisins avec la bougie qui étaient là depuis hier ne sont pas très noirs <eos>,14,noirs,noires,12,F,S,noirs,-9.799747,noires,-12.687377,1
8583,P_NOUN_9_ADJ_b,M,P,les raisins avec la bougie qui étaient là depuis hier ne sont pas très délicats <eos>,14,délicats,délicates,12,F,S,délicats,-6.161845,délicates,-10.654959,1
8584,P_NOUN_9_ADJ_b,M,P,les raisins avec la bougie qui étaient là depuis hier ne sont pas très pointus <eos>,14,pointus,pointues,12,F,S,pointus,-9.783159,pointues,-12.349313,1
8585,P_NOUN_9_ADJ_b,M,P,les raisins avec la bougie qui étaient là depuis hier ne sont pas très ronds <eos>,14,ronds,rondes,12,F,S,ronds,-10.22503,rondes,-13.3468485,1
8586,P_NOUN_9_ADJ_b,M,P,les raisins avec la bougie qui étaient là depuis hier ne sont pas très froids <eos>,14,froids,froides,12,F,S,froids,-7.415677,froides,-8.149717,1
8587,P_NOUN_9_ADJ_b,M,P,les raisins avec la bougie qui étaient là depuis hier ne sont pas très chauds <eos>,14,chauds,chaudes,12,F,S,chauds,-6.0343695,chaudes,-9.339103,1
8588,P_NOUN_9_ADJ_b,M,P,les raisins avec la bougie qui étaient là depuis hier ne sont pas très importants <eos>,14,importants,importantes,12,F,S,importants,-5.024904,importantes,-8.110937,1
8589,P_NOUN_9_ADJ_b,M,P,les raisins avec la bougie qui étaient là depuis hier ne sont pas très courts <eos>,14,courts,courtes,12,F,S,courts,-6.002183,courtes,-10.4507,1
8590,P_NOUN_9_ADJ_b,M,P,les raisins avec la bougie qui étaient là depuis hier ne sont pas très durs <eos>,14,durs,dures,12,F,S,durs,-4.3713045,dures,-7.180812,1
8591,P_NOUN_9_ADJ_b,M,P,les raisins avec la bougie qui étaient là depuis hier ne sont pas très clairs <eos>,14,clairs,claires,12,F,S,clairs,-4.7655187,claires,-7.719438,1
8592,P_NOUN_9_ADJ_b,M,P,les raisins avec la bougie qui étaient là depuis hier ne sont pas très intéressants <eos>,14,intéressants,intéressantes,12,F,S,intéressants,-5.997957,intéressantes,-8.943572,1
8593,P_NOUN_9_ADJ_b,M,P,les raisins avec la bougie qui étaient là depuis hier ne sont pas très brillants <eos>,14,brillants,brillantes,12,F,S,brillants,-6.099599,brillantes,-9.964371,1
8594,P_NOUN_9_ADJ_b,M,P,les raisins avec la bougie qui étaient là depuis hier ne sont pas très compliqués <eos>,14,compliqués,compliquées,12,F,S,compliqués,-6.176197,compliquées,-10.780578,1
8595,P_NOUN_9_ADJ_b,M,P,les raisins avec la pochette qui étaient là depuis hier ne sont pas très verts <eos>,14,verts,vertes,12,F,S,verts,-7.775107,vertes,-12.81093,1
8596,P_NOUN_9_ADJ_b,M,P,les raisins avec la pochette qui étaient là depuis hier ne sont pas très bleus <eos>,14,bleus,bleues,12,F,S,bleus,-9.224684,bleues,-13.3957615,1
8597,P_NOUN_9_ADJ_b,M,P,les raisins avec la pochette qui étaient là depuis hier ne sont pas très noirs <eos>,14,noirs,noires,12,F,S,noirs,-9.048842,noires,-12.124317,1
8598,P_NOUN_9_ADJ_b,M,P,les raisins avec la pochette qui étaient là depuis hier ne sont pas très délicats <eos>,14,délicats,délicates,12,F,S,délicats,-6.861456,délicates,-10.215829,1
8599,P_NOUN_9_ADJ_b,M,P,les raisins avec la pochette qui étaient là depuis hier ne sont pas très pointus <eos>,14,pointus,pointues,12,F,S,pointus,-9.915896,pointues,-12.224937,1
8600,P_NOUN_9_ADJ_b,M,P,les raisins avec la pochette qui étaient là depuis hier ne sont pas très ronds <eos>,14,ronds,rondes,12,F,S,ronds,-9.402369,rondes,-13.061404,1
8601,P_NOUN_9_ADJ_b,M,P,les raisins avec la pochette qui étaient là depuis hier ne sont pas très froids <eos>,14,froids,froides,12,F,S,froids,-8.98897,froides,-8.686632,0
8602,P_NOUN_9_ADJ_b,M,P,les raisins avec la pochette qui étaient là depuis hier ne sont pas très chauds <eos>,14,chauds,chaudes,12,F,S,chauds,-7.576299,chaudes,-10.528933,1
8603,P_NOUN_9_ADJ_b,M,P,les raisins avec la pochette qui étaient là depuis hier ne sont pas très importants <eos>,14,importants,importantes,12,F,S,importants,-5.8472376,importantes,-9.145659,1
8604,P_NOUN_9_ADJ_b,M,P,les raisins avec la pochette qui étaient là depuis hier ne sont pas très courts <eos>,14,courts,courtes,12,F,S,courts,-5.614897,courtes,-10.08678,1
8605,P_NOUN_9_ADJ_b,M,P,les raisins avec la pochette qui étaient là depuis hier ne sont pas très durs <eos>,14,durs,dures,12,F,S,durs,-5.2157125,dures,-8.261345,1
8606,P_NOUN_9_ADJ_b,M,P,les raisins avec la pochette qui étaient là depuis hier ne sont pas très clairs <eos>,14,clairs,claires,12,F,S,clairs,-4.6235933,claires,-7.019601,1
8607,P_NOUN_9_ADJ_b,M,P,les raisins avec la pochette qui étaient là depuis hier ne sont pas très intéressants <eos>,14,intéressants,intéressantes,12,F,S,intéressants,-5.473715,intéressantes,-9.13751,1
8608,P_NOUN_9_ADJ_b,M,P,les raisins avec la pochette qui étaient là depuis hier ne sont pas très brillants <eos>,14,brillants,brillantes,12,F,S,brillants,-6.7850122,brillantes,-10.1691,1
8609,P_NOUN_9_ADJ_b,M,P,les raisins avec la pochette qui étaient là depuis hier ne sont pas très compliqués <eos>,14,compliqués,compliquées,12,F,S,compliqués,-6.2331343,compliquées,-9.993633,1
8610,P_NOUN_9_ADJ_b,M,P,les raisins avec la banane qui étaient là depuis hier ne sont pas très verts <eos>,14,verts,vertes,12,F,S,verts,-7.94582,vertes,-12.948599,1
8611,P_NOUN_9_ADJ_b,M,P,les raisins avec la banane qui étaient là depuis hier ne sont pas très bleus <eos>,14,bleus,bleues,12,F,S,bleus,-9.744215,bleues,-14.443814,1
8612,P_NOUN_9_ADJ_b,M,P,les raisins avec la banane qui étaient là depuis hier ne sont pas très noirs <eos>,14,noirs,noires,12,F,S,noirs,-9.179997,noires,-12.647115,1
8613,P_NOUN_9_ADJ_b,M,P,les raisins avec la banane qui étaient là depuis hier ne sont pas très délicats <eos>,14,délicats,délicates,12,F,S,délicats,-6.778699,délicates,-10.813093,1
8614,P_NOUN_9_ADJ_b,M,P,les raisins avec la banane qui étaient là depuis hier ne sont pas très pointus <eos>,14,pointus,pointues,12,F,S,pointus,-10.059282,pointues,-12.815158,1
8615,P_NOUN_9_ADJ_b,M,P,les raisins avec la banane qui étaient là depuis hier ne sont pas très ronds <eos>,14,ronds,rondes,12,F,S,ronds,-9.744659,rondes,-13.661583,1
8616,P_NOUN_9_ADJ_b,M,P,les raisins avec la banane qui étaient là depuis hier ne sont pas très froids <eos>,14,froids,froides,12,F,S,froids,-6.933565,froides,-8.269599,1
8617,P_NOUN_9_ADJ_b,M,P,les raisins avec la banane qui étaient là depuis hier ne sont pas très chauds <eos>,14,chauds,chaudes,12,F,S,chauds,-6.2261815,chaudes,-9.264915,1
8618,P_NOUN_9_ADJ_b,M,P,les raisins avec la banane qui étaient là depuis hier ne sont pas très importants <eos>,14,importants,importantes,12,F,S,importants,-5.10853,importantes,-8.198665,1
8619,P_NOUN_9_ADJ_b,M,P,les raisins avec la banane qui étaient là depuis hier ne sont pas très courts <eos>,14,courts,courtes,12,F,S,courts,-6.423421,courtes,-10.650142,1
8620,P_NOUN_9_ADJ_b,M,P,les raisins avec la banane qui étaient là depuis hier ne sont pas très durs <eos>,14,durs,dures,12,F,S,durs,-4.7468762,dures,-7.403441,1
8621,P_NOUN_9_ADJ_b,M,P,les raisins avec la banane qui étaient là depuis hier ne sont pas très clairs <eos>,14,clairs,claires,12,F,S,clairs,-4.7663975,claires,-7.7008705,1
8622,P_NOUN_9_ADJ_b,M,P,les raisins avec la banane qui étaient là depuis hier ne sont pas très intéressants <eos>,14,intéressants,intéressantes,12,F,S,intéressants,-6.5115185,intéressantes,-9.173736,1
8623,P_NOUN_9_ADJ_b,M,P,les raisins avec la banane qui étaient là depuis hier ne sont pas très brillants <eos>,14,brillants,brillantes,12,F,S,brillants,-6.724287,brillantes,-9.961791,1
8624,P_NOUN_9_ADJ_b,M,P,les raisins avec la banane qui étaient là depuis hier ne sont pas très compliqués <eos>,14,compliqués,compliquées,12,F,S,compliqués,-6.965493,compliquées,-11.302833,1
8625,P_NOUN_9_ADJ_b,M,P,les raisins avec la robe qui étaient là depuis hier ne sont pas très verts <eos>,14,verts,vertes,12,F,S,verts,-7.976918,vertes,-12.952292,1
8626,P_NOUN_9_ADJ_b,M,P,les raisins avec la robe qui étaient là depuis hier ne sont pas très bleus <eos>,14,bleus,bleues,12,F,S,bleus,-9.109374,bleues,-13.94797,1
8627,P_NOUN_9_ADJ_b,M,P,les raisins avec la robe qui étaient là depuis hier ne sont pas très noirs <eos>,14,noirs,noires,12,F,S,noirs,-8.989911,noires,-12.122526,1
8628,P_NOUN_9_ADJ_b,M,P,les raisins avec la robe qui étaient là depuis hier ne sont pas très délicats <eos>,14,délicats,délicates,12,F,S,délicats,-6.70279,délicates,-10.770748,1
8629,P_NOUN_9_ADJ_b,M,P,les raisins avec la robe qui étaient là depuis hier ne sont pas très pointus <eos>,14,pointus,pointues,12,F,S,pointus,-9.648573,pointues,-12.171757,1
8630,P_NOUN_9_ADJ_b,M,P,les raisins avec la robe qui étaient là depuis hier ne sont pas très ronds <eos>,14,ronds,rondes,12,F,S,ronds,-10.035694,rondes,-12.974367,1
8631,P_NOUN_9_ADJ_b,M,P,les raisins avec la robe qui étaient là depuis hier ne sont pas très froids <eos>,14,froids,froides,12,F,S,froids,-7.5456676,froides,-8.51293,1
8632,P_NOUN_9_ADJ_b,M,P,les raisins avec la robe qui étaient là depuis hier ne sont pas très chauds <eos>,14,chauds,chaudes,12,F,S,chauds,-5.8231,chaudes,-9.5047865,1
8633,P_NOUN_9_ADJ_b,M,P,les raisins avec la robe qui étaient là depuis hier ne sont pas très importants <eos>,14,importants,importantes,12,F,S,importants,-5.2462854,importantes,-8.236997,1
8634,P_NOUN_9_ADJ_b,M,P,les raisins avec la robe qui étaient là depuis hier ne sont pas très courts <eos>,14,courts,courtes,12,F,S,courts,-6.0398097,courtes,-10.008339,1
8635,P_NOUN_9_ADJ_b,M,P,les raisins avec la robe qui étaient là depuis hier ne sont pas très durs <eos>,14,durs,dures,12,F,S,durs,-4.8925867,dures,-7.4553804,1
8636,P_NOUN_9_ADJ_b,M,P,les raisins avec la robe qui étaient là depuis hier ne sont pas très clairs <eos>,14,clairs,claires,12,F,S,clairs,-3.5378697,claires,-7.2421474,1
8637,P_NOUN_9_ADJ_b,M,P,les raisins avec la robe qui étaient là depuis hier ne sont pas très intéressants <eos>,14,intéressants,intéressantes,12,F,S,intéressants,-6.510229,intéressantes,-9.493929,1
8638,P_NOUN_9_ADJ_b,M,P,les raisins avec la robe qui étaient là depuis hier ne sont pas très brillants <eos>,14,brillants,brillantes,12,F,S,brillants,-6.390499,brillantes,-9.505135,1
8639,P_NOUN_9_ADJ_b,M,P,les raisins avec la robe qui étaient là depuis hier ne sont pas très compliqués <eos>,14,compliqués,compliquées,12,F,S,compliqués,-6.424363,compliquées,-10.999717,1
8640,P_NOUN_9_ADJ_b,M,P,les raisins avec la valise qui étaient là depuis hier ne sont pas très verts <eos>,14,verts,vertes,12,F,S,verts,-8.546837,vertes,-13.040523,1
8641,P_NOUN_9_ADJ_b,M,P,les raisins avec la valise qui étaient là depuis hier ne sont pas très bleus <eos>,14,bleus,bleues,12,F,S,bleus,-9.453684,bleues,-14.436945,1
8642,P_NOUN_9_ADJ_b,M,P,les raisins avec la valise qui étaient là depuis hier ne sont pas très noirs <eos>,14,noirs,noires,12,F,S,noirs,-9.389984,noires,-12.2576065,1
8643,P_NOUN_9_ADJ_b,M,P,les raisins avec la valise qui étaient là depuis hier ne sont pas très délicats <eos>,14,délicats,délicates,12,F,S,délicats,-7.316637,délicates,-10.395257,1
8644,P_NOUN_9_ADJ_b,M,P,les raisins avec la valise qui étaient là depuis hier ne sont pas très pointus <eos>,14,pointus,pointues,12,F,S,pointus,-9.244742,pointues,-12.0228195,1
8645,P_NOUN_9_ADJ_b,M,P,les raisins avec la valise qui étaient là depuis hier ne sont pas très ronds <eos>,14,ronds,rondes,12,F,S,ronds,-10.362954,rondes,-13.343053,1
8646,P_NOUN_9_ADJ_b,M,P,les raisins avec la valise qui étaient là depuis hier ne sont pas très froids <eos>,14,froids,froides,12,F,S,froids,-8.902565,froides,-8.543879,0
8647,P_NOUN_9_ADJ_b,M,P,les raisins avec la valise qui étaient là depuis hier ne sont pas très chauds <eos>,14,chauds,chaudes,12,F,S,chauds,-6.710085,chaudes,-10.206006,1
8648,P_NOUN_9_ADJ_b,M,P,les raisins avec la valise qui étaient là depuis hier ne sont pas très importants <eos>,14,importants,importantes,12,F,S,importants,-5.6306114,importantes,-8.743123,1
8649,P_NOUN_9_ADJ_b,M,P,les raisins avec la valise qui étaient là depuis hier ne sont pas très courts <eos>,14,courts,courtes,12,F,S,courts,-6.194457,courtes,-10.330238,1
8650,P_NOUN_9_ADJ_b,M,P,les raisins avec la valise qui étaient là depuis hier ne sont pas très durs <eos>,14,durs,dures,12,F,S,durs,-5.367223,dures,-8.292809,1
8651,P_NOUN_9_ADJ_b,M,P,les raisins avec la valise qui étaient là depuis hier ne sont pas très clairs <eos>,14,clairs,claires,12,F,S,clairs,-5.1177845,claires,-7.711179,1
8652,P_NOUN_9_ADJ_b,M,P,les raisins avec la valise qui étaient là depuis hier ne sont pas très intéressants <eos>,14,intéressants,intéressantes,12,F,S,intéressants,-5.923776,intéressantes,-9.67417,1
8653,P_NOUN_9_ADJ_b,M,P,les raisins avec la valise qui étaient là depuis hier ne sont pas très brillants <eos>,14,brillants,brillantes,12,F,S,brillants,-6.7336454,brillantes,-10.809701,1
8654,P_NOUN_9_ADJ_b,M,P,les raisins avec la valise qui étaient là depuis hier ne sont pas très compliqués <eos>,14,compliqués,compliquées,12,F,S,compliqués,-6.0876656,compliquées,-10.519509,1
8655,P_NOUN_9_ADJ_b,M,P,les raisins avec la pendule qui étaient là depuis hier ne sont pas très verts <eos>,14,verts,vertes,12,F,S,verts,-7.697798,vertes,-12.711443,1
8656,P_NOUN_9_ADJ_b,M,P,les raisins avec la pendule qui étaient là depuis hier ne sont pas très bleus <eos>,14,bleus,bleues,12,F,S,bleus,-10.272484,bleues,-14.894744,1
8657,P_NOUN_9_ADJ_b,M,P,les raisins avec la pendule qui étaient là depuis hier ne sont pas très noirs <eos>,14,noirs,noires,12,F,S,noirs,-10.530652,noires,-12.981623,1
8658,P_NOUN_9_ADJ_b,M,P,les raisins avec la pendule qui étaient là depuis hier ne sont pas très délicats <eos>,14,délicats,délicates,12,F,S,délicats,-6.405134,délicates,-11.033365,1
8659,P_NOUN_9_ADJ_b,M,P,les raisins avec la pendule qui étaient là depuis hier ne sont pas très pointus <eos>,14,pointus,pointues,12,F,S,pointus,-9.341939,pointues,-12.128658,1
8660,P_NOUN_9_ADJ_b,M,P,les raisins avec la pendule qui étaient là depuis hier ne sont pas très ronds <eos>,14,ronds,rondes,12,F,S,ronds,-10.485085,rondes,-13.425171,1
8661,P_NOUN_9_ADJ_b,M,P,les raisins avec la pendule qui étaient là depuis hier ne sont pas très froids <eos>,14,froids,froides,12,F,S,froids,-7.2990856,froides,-8.271679,1
8662,P_NOUN_9_ADJ_b,M,P,les raisins avec la pendule qui étaient là depuis hier ne sont pas très chauds <eos>,14,chauds,chaudes,12,F,S,chauds,-5.7246914,chaudes,-9.282822,1
8663,P_NOUN_9_ADJ_b,M,P,les raisins avec la pendule qui étaient là depuis hier ne sont pas très importants <eos>,14,importants,importantes,12,F,S,importants,-5.069559,importantes,-8.177767,1
8664,P_NOUN_9_ADJ_b,M,P,les raisins avec la pendule qui étaient là depuis hier ne sont pas très courts <eos>,14,courts,courtes,12,F,S,courts,-6.028513,courtes,-10.381857,1
8665,P_NOUN_9_ADJ_b,M,P,les raisins avec la pendule qui étaient là depuis hier ne sont pas très durs <eos>,14,durs,dures,12,F,S,durs,-4.3307414,dures,-7.3033195,1
8666,P_NOUN_9_ADJ_b,M,P,les raisins avec la pendule qui étaient là depuis hier ne sont pas très clairs <eos>,14,clairs,claires,12,F,S,clairs,-5.072267,claires,-7.795014,1
8667,P_NOUN_9_ADJ_b,M,P,les raisins avec la pendule qui étaient là depuis hier ne sont pas très intéressants <eos>,14,intéressants,intéressantes,12,F,S,intéressants,-6.1471715,intéressantes,-9.028866,1
8668,P_NOUN_9_ADJ_b,M,P,les raisins avec la pendule qui étaient là depuis hier ne sont pas très brillants <eos>,14,brillants,brillantes,12,F,S,brillants,-6.2409344,brillantes,-9.94367,1
8669,P_NOUN_9_ADJ_b,M,P,les raisins avec la pendule qui étaient là depuis hier ne sont pas très compliqués <eos>,14,compliqués,compliquées,12,F,S,compliqués,-6.180154,compliquées,-10.977558,1
8670,P_NOUN_9_ADJ_b,M,P,les raisins avec la cloche qui étaient là depuis hier ne sont pas très verts <eos>,14,verts,vertes,12,F,S,verts,-8.234123,vertes,-13.594259,1
8671,P_NOUN_9_ADJ_b,M,P,les raisins avec la cloche qui étaient là depuis hier ne sont pas très bleus <eos>,14,bleus,bleues,12,F,S,bleus,-10.276626,bleues,-15.008529,1
8672,P_NOUN_9_ADJ_b,M,P,les raisins avec la cloche qui étaient là depuis hier ne sont pas très noirs <eos>,14,noirs,noires,12,F,S,noirs,-9.998166,noires,-12.895691,1
8673,P_NOUN_9_ADJ_b,M,P,les raisins avec la cloche qui étaient là depuis hier ne sont pas très délicats <eos>,14,délicats,délicates,12,F,S,délicats,-6.2602654,délicates,-10.765985,1
8674,P_NOUN_9_ADJ_b,M,P,les raisins avec la cloche qui étaient là depuis hier ne sont pas très pointus <eos>,14,pointus,pointues,12,F,S,pointus,-9.831842,pointues,-12.286099,1
8675,P_NOUN_9_ADJ_b,M,P,les raisins avec la cloche qui étaient là depuis hier ne sont pas très ronds <eos>,14,ronds,rondes,12,F,S,ronds,-9.750916,rondes,-13.0920925,1
8676,P_NOUN_9_ADJ_b,M,P,les raisins avec la cloche qui étaient là depuis hier ne sont pas très froids <eos>,14,froids,froides,12,F,S,froids,-8.045057,froides,-9.312912,1
8677,P_NOUN_9_ADJ_b,M,P,les raisins avec la cloche qui étaient là depuis hier ne sont pas très chauds <eos>,14,chauds,chaudes,12,F,S,chauds,-6.6274514,chaudes,-9.7592125,1
8678,P_NOUN_9_ADJ_b,M,P,les raisins avec la cloche qui étaient là depuis hier ne sont pas très importants <eos>,14,importants,importantes,12,F,S,importants,-4.957134,importantes,-8.245726,1
8679,P_NOUN_9_ADJ_b,M,P,les raisins avec la cloche qui étaient là depuis hier ne sont pas très courts <eos>,14,courts,courtes,12,F,S,courts,-6.0239935,courtes,-10.411037,1
8680,P_NOUN_9_ADJ_b,M,P,les raisins avec la cloche qui étaient là depuis hier ne sont pas très durs <eos>,14,durs,dures,12,F,S,durs,-4.873607,dures,-7.073772,1
8681,P_NOUN_9_ADJ_b,M,P,les raisins avec la cloche qui étaient là depuis hier ne sont pas très clairs <eos>,14,clairs,claires,12,F,S,clairs,-4.452388,claires,-7.717252,1
8682,P_NOUN_9_ADJ_b,M,P,les raisins avec la cloche qui étaient là depuis hier ne sont pas très intéressants <eos>,14,intéressants,intéressantes,12,F,S,intéressants,-5.911545,intéressantes,-9.207002,1
8683,P_NOUN_9_ADJ_b,M,P,les raisins avec la cloche qui étaient là depuis hier ne sont pas très brillants <eos>,14,brillants,brillantes,12,F,S,brillants,-6.734625,brillantes,-10.177824,1
8684,P_NOUN_9_ADJ_b,M,P,les raisins avec la cloche qui étaient là depuis hier ne sont pas très compliqués <eos>,14,compliqués,compliquées,12,F,S,compliqués,-6.422854,compliquées,-10.9013405,1
8685,P_NOUN_9_ADJ_b,M,P,les raisins avec la cerise qui étaient là depuis hier ne sont pas très verts <eos>,14,verts,vertes,12,F,S,verts,-8.003785,vertes,-13.188994,1
8686,P_NOUN_9_ADJ_b,M,P,les raisins avec la cerise qui étaient là depuis hier ne sont pas très bleus <eos>,14,bleus,bleues,12,F,S,bleus,-10.068798,bleues,-14.984007,1
8687,P_NOUN_9_ADJ_b,M,P,les raisins avec la cerise qui étaient là depuis hier ne sont pas très noirs <eos>,14,noirs,noires,12,F,S,noirs,-9.945185,noires,-13.02566,1
8688,P_NOUN_9_ADJ_b,M,P,les raisins avec la cerise qui étaient là depuis hier ne sont pas très délicats <eos>,14,délicats,délicates,12,F,S,délicats,-6.052819,délicates,-10.444653,1
8689,P_NOUN_9_ADJ_b,M,P,les raisins avec la cerise qui étaient là depuis hier ne sont pas très pointus <eos>,14,pointus,pointues,12,F,S,pointus,-10.2253065,pointues,-12.690906,1
8690,P_NOUN_9_ADJ_b,M,P,les raisins avec la cerise qui étaient là depuis hier ne sont pas très ronds <eos>,14,ronds,rondes,12,F,S,ronds,-10.05663,rondes,-13.528879,1
8691,P_NOUN_9_ADJ_b,M,P,les raisins avec la cerise qui étaient là depuis hier ne sont pas très froids <eos>,14,froids,froides,12,F,S,froids,-6.825322,froides,-8.360747,1
8692,P_NOUN_9_ADJ_b,M,P,les raisins avec la cerise qui étaient là depuis hier ne sont pas très chauds <eos>,14,chauds,chaudes,12,F,S,chauds,-6.0222955,chaudes,-9.127604,1
8693,P_NOUN_9_ADJ_b,M,P,les raisins avec la cerise qui étaient là depuis hier ne sont pas très importants <eos>,14,importants,importantes,12,F,S,importants,-5.031547,importantes,-8.188759,1
8694,P_NOUN_9_ADJ_b,M,P,les raisins avec la cerise qui étaient là depuis hier ne sont pas très courts <eos>,14,courts,courtes,12,F,S,courts,-6.6009626,courtes,-10.933769,1
8695,P_NOUN_9_ADJ_b,M,P,les raisins avec la cerise qui étaient là depuis hier ne sont pas très durs <eos>,14,durs,dures,12,F,S,durs,-4.888609,dures,-7.2816877,1
8696,P_NOUN_9_ADJ_b,M,P,les raisins avec la cerise qui étaient là depuis hier ne sont pas très clairs <eos>,14,clairs,claires,12,F,S,clairs,-4.6456757,claires,-7.5346622,1
8697,P_NOUN_9_ADJ_b,M,P,les raisins avec la cerise qui étaient là depuis hier ne sont pas très intéressants <eos>,14,intéressants,intéressantes,12,F,S,intéressants,-6.4039173,intéressantes,-9.158989,1
8698,P_NOUN_9_ADJ_b,M,P,les raisins avec la cerise qui étaient là depuis hier ne sont pas très brillants <eos>,14,brillants,brillantes,12,F,S,brillants,-6.36551,brillantes,-9.926112,1
8699,P_NOUN_9_ADJ_b,M,P,les raisins avec la cerise qui étaient là depuis hier ne sont pas très compliqués <eos>,14,compliqués,compliquées,12,F,S,compliqués,-6.825304,compliquées,-11.312368,1
8700,P_NOUN_9_ADJ_b,M,P,les chargeurs avec la gemme qui étaient là depuis hier ne sont pas très verts <eos>,14,verts,vertes,12,F,S,verts,-9.682597,vertes,-14.794051,1
8701,P_NOUN_9_ADJ_b,M,P,les chargeurs avec la gemme qui étaient là depuis hier ne sont pas très bleus <eos>,14,bleus,bleues,12,F,S,bleus,-10.578671,bleues,-16.571909,1
8702,P_NOUN_9_ADJ_b,M,P,les chargeurs avec la gemme qui étaient là depuis hier ne sont pas très noirs <eos>,14,noirs,noires,12,F,S,noirs,-10.6251545,noires,-14.411147,1
8703,P_NOUN_9_ADJ_b,M,P,les chargeurs avec la gemme qui étaient là depuis hier ne sont pas très délicats <eos>,14,délicats,délicates,12,F,S,délicats,-8.642386,délicates,-12.973471,1
8704,P_NOUN_9_ADJ_b,M,P,les chargeurs avec la gemme qui étaient là depuis hier ne sont pas très pointus <eos>,14,pointus,pointues,12,F,S,pointus,-10.050219,pointues,-12.440172,1
8705,P_NOUN_9_ADJ_b,M,P,les chargeurs avec la gemme qui étaient là depuis hier ne sont pas très ronds <eos>,14,ronds,rondes,12,F,S,ronds,-11.0448475,rondes,-14.336095,1
8706,P_NOUN_9_ADJ_b,M,P,les chargeurs avec la gemme qui étaient là depuis hier ne sont pas très froids <eos>,14,froids,froides,12,F,S,froids,-8.930938,froides,-9.609553,1
8707,P_NOUN_9_ADJ_b,M,P,les chargeurs avec la gemme qui étaient là depuis hier ne sont pas très chauds <eos>,14,chauds,chaudes,12,F,S,chauds,-6.5527334,chaudes,-10.801193,1
8708,P_NOUN_9_ADJ_b,M,P,les chargeurs avec la gemme qui étaient là depuis hier ne sont pas très importants <eos>,14,importants,importantes,12,F,S,importants,-4.682525,importantes,-7.8731723,1
8709,P_NOUN_9_ADJ_b,M,P,les chargeurs avec la gemme qui étaient là depuis hier ne sont pas très courts <eos>,14,courts,courtes,12,F,S,courts,-5.3851986,courtes,-9.249865,1
8710,P_NOUN_9_ADJ_b,M,P,les chargeurs avec la gemme qui étaient là depuis hier ne sont pas très durs <eos>,14,durs,dures,12,F,S,durs,-5.1705217,dures,-8.134293,1
8711,P_NOUN_9_ADJ_b,M,P,les chargeurs avec la gemme qui étaient là depuis hier ne sont pas très clairs <eos>,14,clairs,claires,12,F,S,clairs,-5.7670984,claires,-9.122722,1
8712,P_NOUN_9_ADJ_b,M,P,les chargeurs avec la gemme qui étaient là depuis hier ne sont pas très intéressants <eos>,14,intéressants,intéressantes,12,F,S,intéressants,-6.648509,intéressantes,-10.107821,1
8713,P_NOUN_9_ADJ_b,M,P,les chargeurs avec la gemme qui étaient là depuis hier ne sont pas très brillants <eos>,14,brillants,brillantes,12,F,S,brillants,-6.290296,brillantes,-11.308311,1
8714,P_NOUN_9_ADJ_b,M,P,les chargeurs avec la gemme qui étaient là depuis hier ne sont pas très compliqués <eos>,14,compliqués,compliquées,12,F,S,compliqués,-6.4337044,compliquées,-10.414546,1
8715,P_NOUN_9_ADJ_b,M,P,les chargeurs avec la chaise qui étaient là depuis hier ne sont pas très verts <eos>,14,verts,vertes,12,F,S,verts,-10.046186,vertes,-15.400739,1
8716,P_NOUN_9_ADJ_b,M,P,les chargeurs avec la chaise qui étaient là depuis hier ne sont pas très bleus <eos>,14,bleus,bleues,12,F,S,bleus,-10.827001,bleues,-16.693016,1
8717,P_NOUN_9_ADJ_b,M,P,les chargeurs avec la chaise qui étaient là depuis hier ne sont pas très noirs <eos>,14,noirs,noires,12,F,S,noirs,-10.748625,noires,-14.540228,1
8718,P_NOUN_9_ADJ_b,M,P,les chargeurs avec la chaise qui étaient là depuis hier ne sont pas très délicats <eos>,14,délicats,délicates,12,F,S,délicats,-9.015617,délicates,-13.282919,1
8719,P_NOUN_9_ADJ_b,M,P,les chargeurs avec la chaise qui étaient là depuis hier ne sont pas très pointus <eos>,14,pointus,pointues,12,F,S,pointus,-9.933033,pointues,-12.255252,1
8720,P_NOUN_9_ADJ_b,M,P,les chargeurs avec la chaise qui étaient là depuis hier ne sont pas très ronds <eos>,14,ronds,rondes,12,F,S,ronds,-10.813843,rondes,-13.771399,1
8721,P_NOUN_9_ADJ_b,M,P,les chargeurs avec la chaise qui étaient là depuis hier ne sont pas très froids <eos>,14,froids,froides,12,F,S,froids,-9.7935095,froides,-10.345112,1
8722,P_NOUN_9_ADJ_b,M,P,les chargeurs avec la chaise qui étaient là depuis hier ne sont pas très chauds <eos>,14,chauds,chaudes,12,F,S,chauds,-7.367848,chaudes,-12.056047,1
8723,P_NOUN_9_ADJ_b,M,P,les chargeurs avec la chaise qui étaient là depuis hier ne sont pas très importants <eos>,14,importants,importantes,12,F,S,importants,-4.9730415,importantes,-8.398564,1
8724,P_NOUN_9_ADJ_b,M,P,les chargeurs avec la chaise qui étaient là depuis hier ne sont pas très courts <eos>,14,courts,courtes,12,F,S,courts,-5.278985,courtes,-8.978688,1
8725,P_NOUN_9_ADJ_b,M,P,les chargeurs avec la chaise qui étaient là depuis hier ne sont pas très durs <eos>,14,durs,dures,12,F,S,durs,-4.979126,dures,-8.443999,1
8726,P_NOUN_9_ADJ_b,M,P,les chargeurs avec la chaise qui étaient là depuis hier ne sont pas très clairs <eos>,14,clairs,claires,12,F,S,clairs,-5.913732,claires,-9.57386,1
8727,P_NOUN_9_ADJ_b,M,P,les chargeurs avec la chaise qui étaient là depuis hier ne sont pas très intéressants <eos>,14,intéressants,intéressantes,12,F,S,intéressants,-6.591695,intéressantes,-10.403717,1
8728,P_NOUN_9_ADJ_b,M,P,les chargeurs avec la chaise qui étaient là depuis hier ne sont pas très brillants <eos>,14,brillants,brillantes,12,F,S,brillants,-6.9128275,brillantes,-11.679523,1
8729,P_NOUN_9_ADJ_b,M,P,les chargeurs avec la chaise qui étaient là depuis hier ne sont pas très compliqués <eos>,14,compliqués,compliquées,12,F,S,compliqués,-6.127035,compliquées,-9.969464,1
8730,P_NOUN_9_ADJ_b,M,P,les chargeurs avec la poubelle qui étaient là depuis hier ne sont pas très verts <eos>,14,verts,vertes,12,F,S,verts,-9.923634,vertes,-14.938791,1
8731,P_NOUN_9_ADJ_b,M,P,les chargeurs avec la poubelle qui étaient là depuis hier ne sont pas très bleus <eos>,14,bleus,bleues,12,F,S,bleus,-10.984745,bleues,-16.704834,1
8732,P_NOUN_9_ADJ_b,M,P,les chargeurs avec la poubelle qui étaient là depuis hier ne sont pas très noirs <eos>,14,noirs,noires,12,F,S,noirs,-11.023218,noires,-14.696325,1
8733,P_NOUN_9_ADJ_b,M,P,les chargeurs avec la poubelle qui étaient là depuis hier ne sont pas très délicats <eos>,14,délicats,délicates,12,F,S,délicats,-8.801842,délicates,-13.1675825,1
8734,P_NOUN_9_ADJ_b,M,P,les chargeurs avec la poubelle qui étaient là depuis hier ne sont pas très pointus <eos>,14,pointus,pointues,12,F,S,pointus,-10.036446,pointues,-12.327805,1
8735,P_NOUN_9_ADJ_b,M,P,les chargeurs avec la poubelle qui étaient là depuis hier ne sont pas très ronds <eos>,14,ronds,rondes,12,F,S,ronds,-11.37845,rondes,-14.346828,1
8736,P_NOUN_9_ADJ_b,M,P,les chargeurs avec la poubelle qui étaient là depuis hier ne sont pas très froids <eos>,14,froids,froides,12,F,S,froids,-9.415497,froides,-9.817776,1
8737,P_NOUN_9_ADJ_b,M,P,les chargeurs avec la poubelle qui étaient là depuis hier ne sont pas très chauds <eos>,14,chauds,chaudes,12,F,S,chauds,-6.898213,chaudes,-11.427338,1
8738,P_NOUN_9_ADJ_b,M,P,les chargeurs avec la poubelle qui étaient là depuis hier ne sont pas très importants <eos>,14,importants,importantes,12,F,S,importants,-4.9086137,importantes,-8.308353,1
8739,P_NOUN_9_ADJ_b,M,P,les chargeurs avec la poubelle qui étaient là depuis hier ne sont pas très courts <eos>,14,courts,courtes,12,F,S,courts,-5.5463266,courtes,-9.20582,1
8740,P_NOUN_9_ADJ_b,M,P,les chargeurs avec la poubelle qui étaient là depuis hier ne sont pas très durs <eos>,14,durs,dures,12,F,S,durs,-5.2840962,dures,-8.701664,1
8741,P_NOUN_9_ADJ_b,M,P,les chargeurs avec la poubelle qui étaient là depuis hier ne sont pas très clairs <eos>,14,clairs,claires,12,F,S,clairs,-5.853365,claires,-9.236814,1
8742,P_NOUN_9_ADJ_b,M,P,les chargeurs avec la poubelle qui étaient là depuis hier ne sont pas très intéressants <eos>,14,intéressants,intéressantes,12,F,S,intéressants,-6.5082045,intéressantes,-10.212217,1
8743,P_NOUN_9_ADJ_b,M,P,les chargeurs avec la poubelle qui étaient là depuis hier ne sont pas très brillants <eos>,14,brillants,brillantes,12,F,S,brillants,-6.8938,brillantes,-11.7272215,1
8744,P_NOUN_9_ADJ_b,M,P,les chargeurs avec la poubelle qui étaient là depuis hier ne sont pas très compliqués <eos>,14,compliqués,compliquées,12,F,S,compliqués,-6.120736,compliquées,-10.135478,1
8745,P_NOUN_9_ADJ_b,M,P,les chargeurs avec la chemise qui étaient là depuis hier ne sont pas très verts <eos>,14,verts,vertes,12,F,S,verts,-9.950116,vertes,-15.086681,1
8746,P_NOUN_9_ADJ_b,M,P,les chargeurs avec la chemise qui étaient là depuis hier ne sont pas très bleus <eos>,14,bleus,bleues,12,F,S,bleus,-10.519813,bleues,-16.529882,1
8747,P_NOUN_9_ADJ_b,M,P,les chargeurs avec la chemise qui étaient là depuis hier ne sont pas très noirs <eos>,14,noirs,noires,12,F,S,noirs,-10.548661,noires,-14.458165,1
8748,P_NOUN_9_ADJ_b,M,P,les chargeurs avec la chemise qui étaient là depuis hier ne sont pas très délicats <eos>,14,délicats,délicates,12,F,S,délicats,-9.092627,délicates,-13.407835,1
8749,P_NOUN_9_ADJ_b,M,P,les chargeurs avec la chemise qui étaient là depuis hier ne sont pas très pointus <eos>,14,pointus,pointues,12,F,S,pointus,-9.874245,pointues,-12.40329,1
8750,P_NOUN_9_ADJ_b,M,P,les chargeurs avec la chemise qui étaient là depuis hier ne sont pas très ronds <eos>,14,ronds,rondes,12,F,S,ronds,-10.930716,rondes,-13.869873,1
8751,P_NOUN_9_ADJ_b,M,P,les chargeurs avec la chemise qui étaient là depuis hier ne sont pas très froids <eos>,14,froids,froides,12,F,S,froids,-9.848924,froides,-10.327086,1
8752,P_NOUN_9_ADJ_b,M,P,les chargeurs avec la chemise qui étaient là depuis hier ne sont pas très chauds <eos>,14,chauds,chaudes,12,F,S,chauds,-7.1337748,chaudes,-12.00895,1
8753,P_NOUN_9_ADJ_b,M,P,les chargeurs avec la chemise qui étaient là depuis hier ne sont pas très importants <eos>,14,importants,importantes,12,F,S,importants,-5.063089,importantes,-8.379871,1
8754,P_NOUN_9_ADJ_b,M,P,les chargeurs avec la chemise qui étaient là depuis hier ne sont pas très courts <eos>,14,courts,courtes,12,F,S,courts,-5.180425,courtes,-8.89691,1
8755,P_NOUN_9_ADJ_b,M,P,les chargeurs avec la chemise qui étaient là depuis hier ne sont pas très durs <eos>,14,durs,dures,12,F,S,durs,-5.3474884,dures,-8.485276,1
8756,P_NOUN_9_ADJ_b,M,P,les chargeurs avec la chemise qui étaient là depuis hier ne sont pas très clairs <eos>,14,clairs,claires,12,F,S,clairs,-5.744294,claires,-9.605829,1
8757,P_NOUN_9_ADJ_b,M,P,les chargeurs avec la chemise qui étaient là depuis hier ne sont pas très intéressants <eos>,14,intéressants,intéressantes,12,F,S,intéressants,-6.807281,intéressantes,-10.533211,1
8758,P_NOUN_9_ADJ_b,M,P,les chargeurs avec la chemise qui étaient là depuis hier ne sont pas très brillants <eos>,14,brillants,brillantes,12,F,S,brillants,-6.9402456,brillantes,-11.969632,1
8759,P_NOUN_9_ADJ_b,M,P,les chargeurs avec la chemise qui étaient là depuis hier ne sont pas très compliqués <eos>,14,compliqués,compliquées,12,F,S,compliqués,-6.547653,compliquées,-10.188693,1
8760,P_NOUN_9_ADJ_b,M,P,les chargeurs avec la recette qui étaient là depuis hier ne sont pas très verts <eos>,14,verts,vertes,12,F,S,verts,-10.349903,vertes,-15.180584,1
8761,P_NOUN_9_ADJ_b,M,P,les chargeurs avec la recette qui étaient là depuis hier ne sont pas très bleus <eos>,14,bleus,bleues,12,F,S,bleus,-11.164956,bleues,-17.017696,1
8762,P_NOUN_9_ADJ_b,M,P,les chargeurs avec la recette qui étaient là depuis hier ne sont pas très noirs <eos>,14,noirs,noires,12,F,S,noirs,-11.068163,noires,-15.264266,1
8763,P_NOUN_9_ADJ_b,M,P,les chargeurs avec la recette qui étaient là depuis hier ne sont pas très délicats <eos>,14,délicats,délicates,12,F,S,délicats,-8.532808,délicates,-12.912975,1
8764,P_NOUN_9_ADJ_b,M,P,les chargeurs avec la recette qui étaient là depuis hier ne sont pas très pointus <eos>,14,pointus,pointues,12,F,S,pointus,-10.761688,pointues,-12.8154335,1
8765,P_NOUN_9_ADJ_b,M,P,les chargeurs avec la recette qui étaient là depuis hier ne sont pas très ronds <eos>,14,ronds,rondes,12,F,S,ronds,-11.097253,rondes,-14.677992,1
8766,P_NOUN_9_ADJ_b,M,P,les chargeurs avec la recette qui étaient là depuis hier ne sont pas très froids <eos>,14,froids,froides,12,F,S,froids,-9.486529,froides,-9.850873,1
8767,P_NOUN_9_ADJ_b,M,P,les chargeurs avec la recette qui étaient là depuis hier ne sont pas très chauds <eos>,14,chauds,chaudes,12,F,S,chauds,-7.011092,chaudes,-11.254166,1
8768,P_NOUN_9_ADJ_b,M,P,les chargeurs avec la recette qui étaient là depuis hier ne sont pas très importants <eos>,14,importants,importantes,12,F,S,importants,-4.787461,importantes,-7.869368,1
8769,P_NOUN_9_ADJ_b,M,P,les chargeurs avec la recette qui étaient là depuis hier ne sont pas très courts <eos>,14,courts,courtes,12,F,S,courts,-5.6931243,courtes,-9.02067,1
8770,P_NOUN_9_ADJ_b,M,P,les chargeurs avec la recette qui étaient là depuis hier ne sont pas très durs <eos>,14,durs,dures,12,F,S,durs,-5.4394965,dures,-8.2736435,1
8771,P_NOUN_9_ADJ_b,M,P,les chargeurs avec la recette qui étaient là depuis hier ne sont pas très clairs <eos>,14,clairs,claires,12,F,S,clairs,-6.059287,claires,-9.228229,1
8772,P_NOUN_9_ADJ_b,M,P,les chargeurs avec la recette qui étaient là depuis hier ne sont pas très intéressants <eos>,14,intéressants,intéressantes,12,F,S,intéressants,-6.61517,intéressantes,-9.8280525,1
8773,P_NOUN_9_ADJ_b,M,P,les chargeurs avec la recette qui étaient là depuis hier ne sont pas très brillants <eos>,14,brillants,brillantes,12,F,S,brillants,-7.2565975,brillantes,-11.746933,1
8774,P_NOUN_9_ADJ_b,M,P,les chargeurs avec la recette qui étaient là depuis hier ne sont pas très compliqués <eos>,14,compliqués,compliquées,12,F,S,compliqués,-6.472351,compliquées,-9.922002,1
8775,P_NOUN_9_ADJ_b,M,P,les chargeurs avec la jupe qui étaient là depuis hier ne sont pas très verts <eos>,14,verts,vertes,12,F,S,verts,-9.621084,vertes,-14.712853,1
8776,P_NOUN_9_ADJ_b,M,P,les chargeurs avec la jupe qui étaient là depuis hier ne sont pas très bleus <eos>,14,bleus,bleues,12,F,S,bleus,-10.293005,bleues,-16.045902,1
8777,P_NOUN_9_ADJ_b,M,P,les chargeurs avec la jupe qui étaient là depuis hier ne sont pas très noirs <eos>,14,noirs,noires,12,F,S,noirs,-10.388412,noires,-13.9199295,1
8778,P_NOUN_9_ADJ_b,M,P,les chargeurs avec la jupe qui étaient là depuis hier ne sont pas très délicats <eos>,14,délicats,délicates,12,F,S,délicats,-8.64153,délicates,-12.805867,1
8779,P_NOUN_9_ADJ_b,M,P,les chargeurs avec la jupe qui étaient là depuis hier ne sont pas très pointus <eos>,14,pointus,pointues,12,F,S,pointus,-9.453371,pointues,-12.065718,1
8780,P_NOUN_9_ADJ_b,M,P,les chargeurs avec la jupe qui étaient là depuis hier ne sont pas très ronds <eos>,14,ronds,rondes,12,F,S,ronds,-10.477437,rondes,-13.66665,1
8781,P_NOUN_9_ADJ_b,M,P,les chargeurs avec la jupe qui étaient là depuis hier ne sont pas très froids <eos>,14,froids,froides,12,F,S,froids,-9.82621,froides,-10.013628,1
8782,P_NOUN_9_ADJ_b,M,P,les chargeurs avec la jupe qui étaient là depuis hier ne sont pas très chauds <eos>,14,chauds,chaudes,12,F,S,chauds,-7.1398234,chaudes,-11.598101,1
8783,P_NOUN_9_ADJ_b,M,P,les chargeurs avec la jupe qui étaient là depuis hier ne sont pas très importants <eos>,14,importants,importantes,12,F,S,importants,-5.0358934,importantes,-8.332761,1
8784,P_NOUN_9_ADJ_b,M,P,les chargeurs avec la jupe qui étaient là depuis hier ne sont pas très courts <eos>,14,courts,courtes,12,F,S,courts,-5.0396233,courtes,-8.604218,1
8785,P_NOUN_9_ADJ_b,M,P,les chargeurs avec la jupe qui étaient là depuis hier ne sont pas très durs <eos>,14,durs,dures,12,F,S,durs,-5.1566706,dures,-8.329906,1
8786,P_NOUN_9_ADJ_b,M,P,les chargeurs avec la jupe qui étaient là depuis hier ne sont pas très clairs <eos>,14,clairs,claires,12,F,S,clairs,-5.2803745,claires,-9.039211,1
8787,P_NOUN_9_ADJ_b,M,P,les chargeurs avec la jupe qui étaient là depuis hier ne sont pas très intéressants <eos>,14,intéressants,intéressantes,12,F,S,intéressants,-6.6572733,intéressantes,-10.318786,1
8788,P_NOUN_9_ADJ_b,M,P,les chargeurs avec la jupe qui étaient là depuis hier ne sont pas très brillants <eos>,14,brillants,brillantes,12,F,S,brillants,-6.7555885,brillantes,-11.454323,1
8789,P_NOUN_9_ADJ_b,M,P,les chargeurs avec la jupe qui étaient là depuis hier ne sont pas très compliqués <eos>,14,compliqués,compliquées,12,F,S,compliqués,-6.2141986,compliquées,-9.969,1
8790,P_NOUN_9_ADJ_b,M,P,les chargeurs avec la colle qui étaient là depuis hier ne sont pas très verts <eos>,14,verts,vertes,12,F,S,verts,-9.676268,vertes,-14.802901,1
8791,P_NOUN_9_ADJ_b,M,P,les chargeurs avec la colle qui étaient là depuis hier ne sont pas très bleus <eos>,14,bleus,bleues,12,F,S,bleus,-10.742378,bleues,-16.741669,1
8792,P_NOUN_9_ADJ_b,M,P,les chargeurs avec la colle qui étaient là depuis hier ne sont pas très noirs <eos>,14,noirs,noires,12,F,S,noirs,-10.87764,noires,-14.443647,1
8793,P_NOUN_9_ADJ_b,M,P,les chargeurs avec la colle qui étaient là depuis hier ne sont pas très délicats <eos>,14,délicats,délicates,12,F,S,délicats,-8.488084,délicates,-13.184644,1
8794,P_NOUN_9_ADJ_b,M,P,les chargeurs avec la colle qui étaient là depuis hier ne sont pas très pointus <eos>,14,pointus,pointues,12,F,S,pointus,-10.008748,pointues,-12.59229,1
8795,P_NOUN_9_ADJ_b,M,P,les chargeurs avec la colle qui étaient là depuis hier ne sont pas très ronds <eos>,14,ronds,rondes,12,F,S,ronds,-11.028022,rondes,-14.341234,1
8796,P_NOUN_9_ADJ_b,M,P,les chargeurs avec la colle qui étaient là depuis hier ne sont pas très froids <eos>,14,froids,froides,12,F,S,froids,-9.157959,froides,-9.527919,1
8797,P_NOUN_9_ADJ_b,M,P,les chargeurs avec la colle qui étaient là depuis hier ne sont pas très chauds <eos>,14,chauds,chaudes,12,F,S,chauds,-6.5797553,chaudes,-10.786615,1
8798,P_NOUN_9_ADJ_b,M,P,les chargeurs avec la colle qui étaient là depuis hier ne sont pas très importants <eos>,14,importants,importantes,12,F,S,importants,-4.9830933,importantes,-8.06792,1
8799,P_NOUN_9_ADJ_b,M,P,les chargeurs avec la colle qui étaient là depuis hier ne sont pas très courts <eos>,14,courts,courtes,12,F,S,courts,-5.5063763,courtes,-9.419626,1
8800,P_NOUN_9_ADJ_b,M,P,les chargeurs avec la colle qui étaient là depuis hier ne sont pas très durs <eos>,14,durs,dures,12,F,S,durs,-5.56254,dures,-8.225655,1
8801,P_NOUN_9_ADJ_b,M,P,les chargeurs avec la colle qui étaient là depuis hier ne sont pas très clairs <eos>,14,clairs,claires,12,F,S,clairs,-6.1938405,claires,-8.891893,1
8802,P_NOUN_9_ADJ_b,M,P,les chargeurs avec la colle qui étaient là depuis hier ne sont pas très intéressants <eos>,14,intéressants,intéressantes,12,F,S,intéressants,-6.983807,intéressantes,-10.293997,1
8803,P_NOUN_9_ADJ_b,M,P,les chargeurs avec la colle qui étaient là depuis hier ne sont pas très brillants <eos>,14,brillants,brillantes,12,F,S,brillants,-6.6736217,brillantes,-11.861095,1
8804,P_NOUN_9_ADJ_b,M,P,les chargeurs avec la colle qui étaient là depuis hier ne sont pas très compliqués <eos>,14,compliqués,compliquées,12,F,S,compliqués,-6.709654,compliquées,-10.855715,1
8805,P_NOUN_9_ADJ_b,M,P,les chargeurs avec la lampe qui étaient là depuis hier ne sont pas très verts <eos>,14,verts,vertes,12,F,S,verts,-9.818262,vertes,-14.629572,1
8806,P_NOUN_9_ADJ_b,M,P,les chargeurs avec la lampe qui étaient là depuis hier ne sont pas très bleus <eos>,14,bleus,bleues,12,F,S,bleus,-11.088636,bleues,-16.302574,1
8807,P_NOUN_9_ADJ_b,M,P,les chargeurs avec la lampe qui étaient là depuis hier ne sont pas très noirs <eos>,14,noirs,noires,12,F,S,noirs,-11.066672,noires,-14.485792,1
8808,P_NOUN_9_ADJ_b,M,P,les chargeurs avec la lampe qui étaient là depuis hier ne sont pas très délicats <eos>,14,délicats,délicates,12,F,S,délicats,-8.655646,délicates,-12.981801,1
8809,P_NOUN_9_ADJ_b,M,P,les chargeurs avec la lampe qui étaient là depuis hier ne sont pas très pointus <eos>,14,pointus,pointues,12,F,S,pointus,-10.161723,pointues,-12.129434,1
8810,P_NOUN_9_ADJ_b,M,P,les chargeurs avec la lampe qui étaient là depuis hier ne sont pas très ronds <eos>,14,ronds,rondes,12,F,S,ronds,-11.104357,rondes,-14.428291,1
8811,P_NOUN_9_ADJ_b,M,P,les chargeurs avec la lampe qui étaient là depuis hier ne sont pas très froids <eos>,14,froids,froides,12,F,S,froids,-9.377657,froides,-9.513424,1
8812,P_NOUN_9_ADJ_b,M,P,les chargeurs avec la lampe qui étaient là depuis hier ne sont pas très chauds <eos>,14,chauds,chaudes,12,F,S,chauds,-6.49537,chaudes,-10.964436,1
8813,P_NOUN_9_ADJ_b,M,P,les chargeurs avec la lampe qui étaient là depuis hier ne sont pas très importants <eos>,14,importants,importantes,12,F,S,importants,-4.8736677,importantes,-8.059924,1
8814,P_NOUN_9_ADJ_b,M,P,les chargeurs avec la lampe qui étaient là depuis hier ne sont pas très courts <eos>,14,courts,courtes,12,F,S,courts,-5.7216473,courtes,-8.975603,1
8815,P_NOUN_9_ADJ_b,M,P,les chargeurs avec la lampe qui étaient là depuis hier ne sont pas très durs <eos>,14,durs,dures,12,F,S,durs,-4.962548,dures,-8.818651,1
8816,P_NOUN_9_ADJ_b,M,P,les chargeurs avec la lampe qui étaient là depuis hier ne sont pas très clairs <eos>,14,clairs,claires,12,F,S,clairs,-5.7484245,claires,-9.053384,1
8817,P_NOUN_9_ADJ_b,M,P,les chargeurs avec la lampe qui étaient là depuis hier ne sont pas très intéressants <eos>,14,intéressants,intéressantes,12,F,S,intéressants,-6.5330706,intéressantes,-10.041575,1
8818,P_NOUN_9_ADJ_b,M,P,les chargeurs avec la lampe qui étaient là depuis hier ne sont pas très brillants <eos>,14,brillants,brillantes,12,F,S,brillants,-6.332053,brillantes,-10.85064,1
8819,P_NOUN_9_ADJ_b,M,P,les chargeurs avec la lampe qui étaient là depuis hier ne sont pas très compliqués <eos>,14,compliqués,compliquées,12,F,S,compliqués,-5.8797894,compliquées,-10.146398,1
8820,P_NOUN_9_ADJ_b,M,P,les chargeurs avec la bouteille qui étaient là depuis hier ne sont pas très verts <eos>,14,verts,vertes,12,F,S,verts,-9.974388,vertes,-15.046888,1
8821,P_NOUN_9_ADJ_b,M,P,les chargeurs avec la bouteille qui étaient là depuis hier ne sont pas très bleus <eos>,14,bleus,bleues,12,F,S,bleus,-10.886043,bleues,-16.612904,1
8822,P_NOUN_9_ADJ_b,M,P,les chargeurs avec la bouteille qui étaient là depuis hier ne sont pas très noirs <eos>,14,noirs,noires,12,F,S,noirs,-10.830112,noires,-14.6556635,1
8823,P_NOUN_9_ADJ_b,M,P,les chargeurs avec la bouteille qui étaient là depuis hier ne sont pas très délicats <eos>,14,délicats,délicates,12,F,S,délicats,-8.0591545,délicates,-12.564301,1
8824,P_NOUN_9_ADJ_b,M,P,les chargeurs avec la bouteille qui étaient là depuis hier ne sont pas très pointus <eos>,14,pointus,pointues,12,F,S,pointus,-10.332146,pointues,-12.51323,1
8825,P_NOUN_9_ADJ_b,M,P,les chargeurs avec la bouteille qui étaient là depuis hier ne sont pas très ronds <eos>,14,ronds,rondes,12,F,S,ronds,-10.917162,rondes,-14.554672,1
8826,P_NOUN_9_ADJ_b,M,P,les chargeurs avec la bouteille qui étaient là depuis hier ne sont pas très froids <eos>,14,froids,froides,12,F,S,froids,-9.225024,froides,-8.971941,0
8827,P_NOUN_9_ADJ_b,M,P,les chargeurs avec la bouteille qui étaient là depuis hier ne sont pas très chauds <eos>,14,chauds,chaudes,12,F,S,chauds,-6.733818,chaudes,-10.522605,1
8828,P_NOUN_9_ADJ_b,M,P,les chargeurs avec la bouteille qui étaient là depuis hier ne sont pas très importants <eos>,14,importants,importantes,12,F,S,importants,-4.595332,importantes,-7.6022015,1
8829,P_NOUN_9_ADJ_b,M,P,les chargeurs avec la bouteille qui étaient là depuis hier ne sont pas très courts <eos>,14,courts,courtes,12,F,S,courts,-5.57904,courtes,-9.409811,1
8830,P_NOUN_9_ADJ_b,M,P,les chargeurs avec la bouteille qui étaient là depuis hier ne sont pas très durs <eos>,14,durs,dures,12,F,S,durs,-5.4541807,dures,-8.589116,1
8831,P_NOUN_9_ADJ_b,M,P,les chargeurs avec la bouteille qui étaient là depuis hier ne sont pas très clairs <eos>,14,clairs,claires,12,F,S,clairs,-6.4640856,claires,-8.908407,1
8832,P_NOUN_9_ADJ_b,M,P,les chargeurs avec la bouteille qui étaient là depuis hier ne sont pas très intéressants <eos>,14,intéressants,intéressantes,12,F,S,intéressants,-6.646883,intéressantes,-9.903944,1
8833,P_NOUN_9_ADJ_b,M,P,les chargeurs avec la bouteille qui étaient là depuis hier ne sont pas très brillants <eos>,14,brillants,brillantes,12,F,S,brillants,-6.978854,brillantes,-11.694412,1
8834,P_NOUN_9_ADJ_b,M,P,les chargeurs avec la bouteille qui étaient là depuis hier ne sont pas très compliqués <eos>,14,compliqués,compliquées,12,F,S,compliqués,-6.4644737,compliquées,-10.419168,1
8835,P_NOUN_9_ADJ_b,M,P,les chargeurs avec la boisson qui étaient là depuis hier ne sont pas très verts <eos>,14,verts,vertes,12,F,S,verts,-9.581572,vertes,-15.035906,1
8836,P_NOUN_9_ADJ_b,M,P,les chargeurs avec la boisson qui étaient là depuis hier ne sont pas très bleus <eos>,14,bleus,bleues,12,F,S,bleus,-11.02225,bleues,-16.849167,1
8837,P_NOUN_9_ADJ_b,M,P,les chargeurs avec la boisson qui étaient là depuis hier ne sont pas très noirs <eos>,14,noirs,noires,12,F,S,noirs,-10.860251,noires,-14.780349,1
8838,P_NOUN_9_ADJ_b,M,P,les chargeurs avec la boisson qui étaient là depuis hier ne sont pas très délicats <eos>,14,délicats,délicates,12,F,S,délicats,-8.331239,délicates,-12.91344,1
8839,P_NOUN_9_ADJ_b,M,P,les chargeurs avec la boisson qui étaient là depuis hier ne sont pas très pointus <eos>,14,pointus,pointues,12,F,S,pointus,-10.58155,pointues,-12.917487,1
8840,P_NOUN_9_ADJ_b,M,P,les chargeurs avec la boisson qui étaient là depuis hier ne sont pas très ronds <eos>,14,ronds,rondes,12,F,S,ronds,-11.1016655,rondes,-14.347658,1
8841,P_NOUN_9_ADJ_b,M,P,les chargeurs avec la boisson qui étaient là depuis hier ne sont pas très froids <eos>,14,froids,froides,12,F,S,froids,-9.048268,froides,-9.541333,1
8842,P_NOUN_9_ADJ_b,M,P,les chargeurs avec la boisson qui étaient là depuis hier ne sont pas très chauds <eos>,14,chauds,chaudes,12,F,S,chauds,-6.827913,chaudes,-10.739563,1
8843,P_NOUN_9_ADJ_b,M,P,les chargeurs avec la boisson qui étaient là depuis hier ne sont pas très importants <eos>,14,importants,importantes,12,F,S,importants,-4.60701,importantes,-7.683754,1
8844,P_NOUN_9_ADJ_b,M,P,les chargeurs avec la boisson qui étaient là depuis hier ne sont pas très courts <eos>,14,courts,courtes,12,F,S,courts,-5.8430614,courtes,-9.8934965,1
8845,P_NOUN_9_ADJ_b,M,P,les chargeurs avec la boisson qui étaient là depuis hier ne sont pas très durs <eos>,14,durs,dures,12,F,S,durs,-5.616715,dures,-7.7174134,1
8846,P_NOUN_9_ADJ_b,M,P,les chargeurs avec la boisson qui étaient là depuis hier ne sont pas très clairs <eos>,14,clairs,claires,12,F,S,clairs,-6.3173695,claires,-9.074828,1
8847,P_NOUN_9_ADJ_b,M,P,les chargeurs avec la boisson qui étaient là depuis hier ne sont pas très intéressants <eos>,14,intéressants,intéressantes,12,F,S,intéressants,-6.7247934,intéressantes,-10.008002,1
8848,P_NOUN_9_ADJ_b,M,P,les chargeurs avec la boisson qui étaient là depuis hier ne sont pas très brillants <eos>,14,brillants,brillantes,12,F,S,brillants,-6.8642235,brillantes,-11.754132,1
8849,P_NOUN_9_ADJ_b,M,P,les chargeurs avec la boisson qui étaient là depuis hier ne sont pas très compliqués <eos>,14,compliqués,compliquées,12,F,S,compliqués,-6.8213882,compliquées,-10.822168,1
8850,P_NOUN_9_ADJ_b,M,P,les chargeurs avec la pomme qui étaient là depuis hier ne sont pas très verts <eos>,14,verts,vertes,12,F,S,verts,-9.9696455,vertes,-14.992228,1
8851,P_NOUN_9_ADJ_b,M,P,les chargeurs avec la pomme qui étaient là depuis hier ne sont pas très bleus <eos>,14,bleus,bleues,12,F,S,bleus,-10.850348,bleues,-16.794106,1
8852,P_NOUN_9_ADJ_b,M,P,les chargeurs avec la pomme qui étaient là depuis hier ne sont pas très noirs <eos>,14,noirs,noires,12,F,S,noirs,-10.20809,noires,-14.494646,1
8853,P_NOUN_9_ADJ_b,M,P,les chargeurs avec la pomme qui étaient là depuis hier ne sont pas très délicats <eos>,14,délicats,délicates,12,F,S,délicats,-8.497855,délicates,-13.235909,1
8854,P_NOUN_9_ADJ_b,M,P,les chargeurs avec la pomme qui étaient là depuis hier ne sont pas très pointus <eos>,14,pointus,pointues,12,F,S,pointus,-10.350017,pointues,-12.498591,1
8855,P_NOUN_9_ADJ_b,M,P,les chargeurs avec la pomme qui étaient là depuis hier ne sont pas très ronds <eos>,14,ronds,rondes,12,F,S,ronds,-10.7206135,rondes,-14.124491,1
8856,P_NOUN_9_ADJ_b,M,P,les chargeurs avec la pomme qui étaient là depuis hier ne sont pas très froids <eos>,14,froids,froides,12,F,S,froids,-9.498208,froides,-9.679964,1
8857,P_NOUN_9_ADJ_b,M,P,les chargeurs avec la pomme qui étaient là depuis hier ne sont pas très chauds <eos>,14,chauds,chaudes,12,F,S,chauds,-6.8729396,chaudes,-11.138229,1
8858,P_NOUN_9_ADJ_b,M,P,les chargeurs avec la pomme qui étaient là depuis hier ne sont pas très importants <eos>,14,importants,importantes,12,F,S,importants,-4.662138,importantes,-7.8313265,1
8859,P_NOUN_9_ADJ_b,M,P,les chargeurs avec la pomme qui étaient là depuis hier ne sont pas très courts <eos>,14,courts,courtes,12,F,S,courts,-5.656372,courtes,-9.444191,1
8860,P_NOUN_9_ADJ_b,M,P,les chargeurs avec la pomme qui étaient là depuis hier ne sont pas très durs <eos>,14,durs,dures,12,F,S,durs,-4.935257,dures,-8.3310375,1
8861,P_NOUN_9_ADJ_b,M,P,les chargeurs avec la pomme qui étaient là depuis hier ne sont pas très clairs <eos>,14,clairs,claires,12,F,S,clairs,-6.0775013,claires,-9.196084,1
8862,P_NOUN_9_ADJ_b,M,P,les chargeurs avec la pomme qui étaient là depuis hier ne sont pas très intéressants <eos>,14,intéressants,intéressantes,12,F,S,intéressants,-6.556566,intéressantes,-9.808132,1
8863,P_NOUN_9_ADJ_b,M,P,les chargeurs avec la pomme qui étaient là depuis hier ne sont pas très brillants <eos>,14,brillants,brillantes,12,F,S,brillants,-6.9059286,brillantes,-11.525546,1
8864,P_NOUN_9_ADJ_b,M,P,les chargeurs avec la pomme qui étaient là depuis hier ne sont pas très compliqués <eos>,14,compliqués,compliquées,12,F,S,compliqués,-6.541632,compliquées,-10.174471,1
8865,P_NOUN_9_ADJ_b,M,P,les chargeurs avec la tasse qui étaient là depuis hier ne sont pas très verts <eos>,14,verts,vertes,12,F,S,verts,-9.176489,vertes,-14.440979,1
8866,P_NOUN_9_ADJ_b,M,P,les chargeurs avec la tasse qui étaient là depuis hier ne sont pas très bleus <eos>,14,bleus,bleues,12,F,S,bleus,-9.962517,bleues,-15.917721,1
8867,P_NOUN_9_ADJ_b,M,P,les chargeurs avec la tasse qui étaient là depuis hier ne sont pas très noirs <eos>,14,noirs,noires,12,F,S,noirs,-10.072758,noires,-14.011627,1
8868,P_NOUN_9_ADJ_b,M,P,les chargeurs avec la tasse qui étaient là depuis hier ne sont pas très délicats <eos>,14,délicats,délicates,12,F,S,délicats,-8.118264,délicates,-11.885098,1
8869,P_NOUN_9_ADJ_b,M,P,les chargeurs avec la tasse qui étaient là depuis hier ne sont pas très pointus <eos>,14,pointus,pointues,12,F,S,pointus,-9.865961,pointues,-12.567721,1
8870,P_NOUN_9_ADJ_b,M,P,les chargeurs avec la tasse qui étaient là depuis hier ne sont pas très ronds <eos>,14,ronds,rondes,12,F,S,ronds,-10.4561615,rondes,-13.908453,1
8871,P_NOUN_9_ADJ_b,M,P,les chargeurs avec la tasse qui étaient là depuis hier ne sont pas très froids <eos>,14,froids,froides,12,F,S,froids,-8.652255,froides,-8.821153,1
8872,P_NOUN_9_ADJ_b,M,P,les chargeurs avec la tasse qui étaient là depuis hier ne sont pas très chauds <eos>,14,chauds,chaudes,12,F,S,chauds,-6.420856,chaudes,-10.140242,1
8873,P_NOUN_9_ADJ_b,M,P,les chargeurs avec la tasse qui étaient là depuis hier ne sont pas très importants <eos>,14,importants,importantes,12,F,S,importants,-4.6418405,importantes,-7.630571,1
8874,P_NOUN_9_ADJ_b,M,P,les chargeurs avec la tasse qui étaient là depuis hier ne sont pas très courts <eos>,14,courts,courtes,12,F,S,courts,-5.5482025,courtes,-9.616191,1
8875,P_NOUN_9_ADJ_b,M,P,les chargeurs avec la tasse qui étaient là depuis hier ne sont pas très durs <eos>,14,durs,dures,12,F,S,durs,-5.4719296,dures,-8.462924,1
8876,P_NOUN_9_ADJ_b,M,P,les chargeurs avec la tasse qui étaient là depuis hier ne sont pas très clairs <eos>,14,clairs,claires,12,F,S,clairs,-5.515766,claires,-8.473464,1
8877,P_NOUN_9_ADJ_b,M,P,les chargeurs avec la tasse qui étaient là depuis hier ne sont pas très intéressants <eos>,14,intéressants,intéressantes,12,F,S,intéressants,-6.669714,intéressantes,-10.278493,1
8878,P_NOUN_9_ADJ_b,M,P,les chargeurs avec la tasse qui étaient là depuis hier ne sont pas très brillants <eos>,14,brillants,brillantes,12,F,S,brillants,-6.6853714,brillantes,-11.425288,1
8879,P_NOUN_9_ADJ_b,M,P,les chargeurs avec la tasse qui étaient là depuis hier ne sont pas très compliqués <eos>,14,compliqués,compliquées,12,F,S,compliqués,-6.0943623,compliquées,-10.547926,1
8880,P_NOUN_9_ADJ_b,M,P,les chargeurs avec la bougie qui étaient là depuis hier ne sont pas très verts <eos>,14,verts,vertes,12,F,S,verts,-10.377435,vertes,-15.286665,1
8881,P_NOUN_9_ADJ_b,M,P,les chargeurs avec la bougie qui étaient là depuis hier ne sont pas très bleus <eos>,14,bleus,bleues,12,F,S,bleus,-11.062337,bleues,-16.680227,1
8882,P_NOUN_9_ADJ_b,M,P,les chargeurs avec la bougie qui étaient là depuis hier ne sont pas très noirs <eos>,14,noirs,noires,12,F,S,noirs,-10.769518,noires,-14.758244,1
8883,P_NOUN_9_ADJ_b,M,P,les chargeurs avec la bougie qui étaient là depuis hier ne sont pas très délicats <eos>,14,délicats,délicates,12,F,S,délicats,-8.390255,délicates,-12.868343,1
8884,P_NOUN_9_ADJ_b,M,P,les chargeurs avec la bougie qui étaient là depuis hier ne sont pas très pointus <eos>,14,pointus,pointues,12,F,S,pointus,-10.258797,pointues,-12.327624,1
8885,P_NOUN_9_ADJ_b,M,P,les chargeurs avec la bougie qui étaient là depuis hier ne sont pas très ronds <eos>,14,ronds,rondes,12,F,S,ronds,-11.047722,rondes,-14.471725,1
8886,P_NOUN_9_ADJ_b,M,P,les chargeurs avec la bougie qui étaient là depuis hier ne sont pas très froids <eos>,14,froids,froides,12,F,S,froids,-9.234533,froides,-9.336891,1
8887,P_NOUN_9_ADJ_b,M,P,les chargeurs avec la bougie qui étaient là depuis hier ne sont pas très chauds <eos>,14,chauds,chaudes,12,F,S,chauds,-6.767739,chaudes,-11.036436,1
8888,P_NOUN_9_ADJ_b,M,P,les chargeurs avec la bougie qui étaient là depuis hier ne sont pas très importants <eos>,14,importants,importantes,12,F,S,importants,-4.60704,importantes,-7.9519753,1
8889,P_NOUN_9_ADJ_b,M,P,les chargeurs avec la bougie qui étaient là depuis hier ne sont pas très courts <eos>,14,courts,courtes,12,F,S,courts,-5.746108,courtes,-9.147719,1
8890,P_NOUN_9_ADJ_b,M,P,les chargeurs avec la bougie qui étaient là depuis hier ne sont pas très durs <eos>,14,durs,dures,12,F,S,durs,-4.7047396,dures,-8.3400755,1
8891,P_NOUN_9_ADJ_b,M,P,les chargeurs avec la bougie qui étaient là depuis hier ne sont pas très clairs <eos>,14,clairs,claires,12,F,S,clairs,-5.8396015,claires,-9.083211,1
8892,P_NOUN_9_ADJ_b,M,P,les chargeurs avec la bougie qui étaient là depuis hier ne sont pas très intéressants <eos>,14,intéressants,intéressantes,12,F,S,intéressants,-6.496295,intéressantes,-9.955168,1
8893,P_NOUN_9_ADJ_b,M,P,les chargeurs avec la bougie qui étaient là depuis hier ne sont pas très brillants <eos>,14,brillants,brillantes,12,F,S,brillants,-6.469507,brillantes,-11.209227,1
8894,P_NOUN_9_ADJ_b,M,P,les chargeurs avec la bougie qui étaient là depuis hier ne sont pas très compliqués <eos>,14,compliqués,compliquées,12,F,S,compliqués,-6.040425,compliquées,-9.987804,1
8895,P_NOUN_9_ADJ_b,M,P,les chargeurs avec la pochette qui étaient là depuis hier ne sont pas très verts <eos>,14,verts,vertes,12,F,S,verts,-9.0993595,vertes,-14.067194,1
8896,P_NOUN_9_ADJ_b,M,P,les chargeurs avec la pochette qui étaient là depuis hier ne sont pas très bleus <eos>,14,bleus,bleues,12,F,S,bleus,-10.154753,bleues,-15.164384,1
8897,P_NOUN_9_ADJ_b,M,P,les chargeurs avec la pochette qui étaient là depuis hier ne sont pas très noirs <eos>,14,noirs,noires,12,F,S,noirs,-10.18185,noires,-13.7454605,1
8898,P_NOUN_9_ADJ_b,M,P,les chargeurs avec la pochette qui étaient là depuis hier ne sont pas très délicats <eos>,14,délicats,délicates,12,F,S,délicats,-8.568984,délicates,-12.0413885,1
8899,P_NOUN_9_ADJ_b,M,P,les chargeurs avec la pochette qui étaient là depuis hier ne sont pas très pointus <eos>,14,pointus,pointues,12,F,S,pointus,-9.959218,pointues,-12.140141,1
8900,P_NOUN_9_ADJ_b,M,P,les chargeurs avec la pochette qui étaient là depuis hier ne sont pas très ronds <eos>,14,ronds,rondes,12,F,S,ronds,-10.560375,rondes,-14.211267,1
8901,P_NOUN_9_ADJ_b,M,P,les chargeurs avec la pochette qui étaient là depuis hier ne sont pas très froids <eos>,14,froids,froides,12,F,S,froids,-10.213755,froides,-9.769844,0
8902,P_NOUN_9_ADJ_b,M,P,les chargeurs avec la pochette qui étaient là depuis hier ne sont pas très chauds <eos>,14,chauds,chaudes,12,F,S,chauds,-7.6306715,chaudes,-11.734568,1
8903,P_NOUN_9_ADJ_b,M,P,les chargeurs avec la pochette qui étaient là depuis hier ne sont pas très importants <eos>,14,importants,importantes,12,F,S,importants,-5.2718334,importantes,-8.75265,1
8904,P_NOUN_9_ADJ_b,M,P,les chargeurs avec la pochette qui étaient là depuis hier ne sont pas très courts <eos>,14,courts,courtes,12,F,S,courts,-5.330309,courtes,-8.962243,1
8905,P_NOUN_9_ADJ_b,M,P,les chargeurs avec la pochette qui étaient là depuis hier ne sont pas très durs <eos>,14,durs,dures,12,F,S,durs,-5.3567715,dures,-9.123532,1
8906,P_NOUN_9_ADJ_b,M,P,les chargeurs avec la pochette qui étaient là depuis hier ne sont pas très clairs <eos>,14,clairs,claires,12,F,S,clairs,-4.99861,claires,-8.240528,1
8907,P_NOUN_9_ADJ_b,M,P,les chargeurs avec la pochette qui étaient là depuis hier ne sont pas très intéressants <eos>,14,intéressants,intéressantes,12,F,S,intéressants,-5.8729286,intéressantes,-9.797935,1
8908,P_NOUN_9_ADJ_b,M,P,les chargeurs avec la pochette qui étaient là depuis hier ne sont pas très brillants <eos>,14,brillants,brillantes,12,F,S,brillants,-6.6213875,brillantes,-11.000689,1
8909,P_NOUN_9_ADJ_b,M,P,les chargeurs avec la pochette qui étaient là depuis hier ne sont pas très compliqués <eos>,14,compliqués,compliquées,12,F,S,compliqués,-5.758462,compliquées,-9.431926,1
8910,P_NOUN_9_ADJ_b,M,P,les chargeurs avec la banane qui étaient là depuis hier ne sont pas très verts <eos>,14,verts,vertes,12,F,S,verts,-9.345964,vertes,-14.664431,1
8911,P_NOUN_9_ADJ_b,M,P,les chargeurs avec la banane qui étaient là depuis hier ne sont pas très bleus <eos>,14,bleus,bleues,12,F,S,bleus,-10.617744,bleues,-16.121626,1
8912,P_NOUN_9_ADJ_b,M,P,les chargeurs avec la banane qui étaient là depuis hier ne sont pas très noirs <eos>,14,noirs,noires,12,F,S,noirs,-10.278737,noires,-14.425667,1
8913,P_NOUN_9_ADJ_b,M,P,les chargeurs avec la banane qui étaient là depuis hier ne sont pas très délicats <eos>,14,délicats,délicates,12,F,S,délicats,-8.006897,délicates,-12.333841,1
8914,P_NOUN_9_ADJ_b,M,P,les chargeurs avec la banane qui étaient là depuis hier ne sont pas très pointus <eos>,14,pointus,pointues,12,F,S,pointus,-9.752402,pointues,-12.735159,1
8915,P_NOUN_9_ADJ_b,M,P,les chargeurs avec la banane qui étaient là depuis hier ne sont pas très ronds <eos>,14,ronds,rondes,12,F,S,ronds,-10.325436,rondes,-14.520477,1
8916,P_NOUN_9_ADJ_b,M,P,les chargeurs avec la banane qui étaient là depuis hier ne sont pas très froids <eos>,14,froids,froides,12,F,S,froids,-8.668369,froides,-9.709426,1
8917,P_NOUN_9_ADJ_b,M,P,les chargeurs avec la banane qui étaient là depuis hier ne sont pas très chauds <eos>,14,chauds,chaudes,12,F,S,chauds,-7.0267053,chaudes,-10.501347,1
8918,P_NOUN_9_ADJ_b,M,P,les chargeurs avec la banane qui étaient là depuis hier ne sont pas très importants <eos>,14,importants,importantes,12,F,S,importants,-4.6389856,importantes,-7.90454,1
8919,P_NOUN_9_ADJ_b,M,P,les chargeurs avec la banane qui étaient là depuis hier ne sont pas très courts <eos>,14,courts,courtes,12,F,S,courts,-5.3501797,courtes,-9.647123,1
8920,P_NOUN_9_ADJ_b,M,P,les chargeurs avec la banane qui étaient là depuis hier ne sont pas très durs <eos>,14,durs,dures,12,F,S,durs,-4.996782,dures,-7.347507,1
8921,P_NOUN_9_ADJ_b,M,P,les chargeurs avec la banane qui étaient là depuis hier ne sont pas très clairs <eos>,14,clairs,claires,12,F,S,clairs,-5.211997,claires,-8.570456,1
8922,P_NOUN_9_ADJ_b,M,P,les chargeurs avec la banane qui étaient là depuis hier ne sont pas très intéressants <eos>,14,intéressants,intéressantes,12,F,S,intéressants,-6.5331945,intéressantes,-9.981718,1
8923,P_NOUN_9_ADJ_b,M,P,les chargeurs avec la banane qui étaient là depuis hier ne sont pas très brillants <eos>,14,brillants,brillantes,12,F,S,brillants,-6.408451,brillantes,-10.859622,1
8924,P_NOUN_9_ADJ_b,M,P,les chargeurs avec la banane qui étaient là depuis hier ne sont pas très compliqués <eos>,14,compliqués,compliquées,12,F,S,compliqués,-6.5449553,compliquées,-10.323543,1
8925,P_NOUN_9_ADJ_b,M,P,les chargeurs avec la robe qui étaient là depuis hier ne sont pas très verts <eos>,14,verts,vertes,12,F,S,verts,-9.434023,vertes,-14.326973,1
8926,P_NOUN_9_ADJ_b,M,P,les chargeurs avec la robe qui étaient là depuis hier ne sont pas très bleus <eos>,14,bleus,bleues,12,F,S,bleus,-9.694023,bleues,-15.536118,1
8927,P_NOUN_9_ADJ_b,M,P,les chargeurs avec la robe qui étaient là depuis hier ne sont pas très noirs <eos>,14,noirs,noires,12,F,S,noirs,-9.839382,noires,-14.134113,1
8928,P_NOUN_9_ADJ_b,M,P,les chargeurs avec la robe qui étaient là depuis hier ne sont pas très délicats <eos>,14,délicats,délicates,12,F,S,délicats,-8.663036,délicates,-12.9482,1
8929,P_NOUN_9_ADJ_b,M,P,les chargeurs avec la robe qui étaient là depuis hier ne sont pas très pointus <eos>,14,pointus,pointues,12,F,S,pointus,-10.015882,pointues,-12.721342,1
8930,P_NOUN_9_ADJ_b,M,P,les chargeurs avec la robe qui étaient là depuis hier ne sont pas très ronds <eos>,14,ronds,rondes,12,F,S,ronds,-11.037109,rondes,-14.396109,1
8931,P_NOUN_9_ADJ_b,M,P,les chargeurs avec la robe qui étaient là depuis hier ne sont pas très froids <eos>,14,froids,froides,12,F,S,froids,-9.188115,froides,-9.931412,1
8932,P_NOUN_9_ADJ_b,M,P,les chargeurs avec la robe qui étaient là depuis hier ne sont pas très chauds <eos>,14,chauds,chaudes,12,F,S,chauds,-6.87416,chaudes,-11.379868,1
8933,P_NOUN_9_ADJ_b,M,P,les chargeurs avec la robe qui étaient là depuis hier ne sont pas très importants <eos>,14,importants,importantes,12,F,S,importants,-4.8311915,importantes,-8.148508,1
8934,P_NOUN_9_ADJ_b,M,P,les chargeurs avec la robe qui étaient là depuis hier ne sont pas très courts <eos>,14,courts,courtes,12,F,S,courts,-5.2871675,courtes,-8.913325,1
8935,P_NOUN_9_ADJ_b,M,P,les chargeurs avec la robe qui étaient là depuis hier ne sont pas très durs <eos>,14,durs,dures,12,F,S,durs,-5.0990157,dures,-8.011562,1
8936,P_NOUN_9_ADJ_b,M,P,les chargeurs avec la robe qui étaient là depuis hier ne sont pas très clairs <eos>,14,clairs,claires,12,F,S,clairs,-4.0995345,claires,-8.504309,1
8937,P_NOUN_9_ADJ_b,M,P,les chargeurs avec la robe qui étaient là depuis hier ne sont pas très intéressants <eos>,14,intéressants,intéressantes,12,F,S,intéressants,-6.603779,intéressantes,-10.216179,1
8938,P_NOUN_9_ADJ_b,M,P,les chargeurs avec la robe qui étaient là depuis hier ne sont pas très brillants <eos>,14,brillants,brillantes,12,F,S,brillants,-6.576503,brillantes,-10.639996,1
8939,P_NOUN_9_ADJ_b,M,P,les chargeurs avec la robe qui étaient là depuis hier ne sont pas très compliqués <eos>,14,compliqués,compliquées,12,F,S,compliqués,-6.267735,compliquées,-9.93347,1
8940,P_NOUN_9_ADJ_b,M,P,les chargeurs avec la valise qui étaient là depuis hier ne sont pas très verts <eos>,14,verts,vertes,12,F,S,verts,-10.405268,vertes,-14.749939,1
8941,P_NOUN_9_ADJ_b,M,P,les chargeurs avec la valise qui étaient là depuis hier ne sont pas très bleus <eos>,14,bleus,bleues,12,F,S,bleus,-10.580984,bleues,-16.36022,1
8942,P_NOUN_9_ADJ_b,M,P,les chargeurs avec la valise qui étaient là depuis hier ne sont pas très noirs <eos>,14,noirs,noires,12,F,S,noirs,-10.636706,noires,-14.381725,1
8943,P_NOUN_9_ADJ_b,M,P,les chargeurs avec la valise qui étaient là depuis hier ne sont pas très délicats <eos>,14,délicats,délicates,12,F,S,délicats,-9.247562,délicates,-12.934511,1
8944,P_NOUN_9_ADJ_b,M,P,les chargeurs avec la valise qui étaient là depuis hier ne sont pas très pointus <eos>,14,pointus,pointues,12,F,S,pointus,-10.022423,pointues,-12.37822,1
8945,P_NOUN_9_ADJ_b,M,P,les chargeurs avec la valise qui étaient là depuis hier ne sont pas très ronds <eos>,14,ronds,rondes,12,F,S,ronds,-11.627198,rondes,-14.828746,1
8946,P_NOUN_9_ADJ_b,M,P,les chargeurs avec la valise qui étaient là depuis hier ne sont pas très froids <eos>,14,froids,froides,12,F,S,froids,-10.112073,froides,-9.974798,0
8947,P_NOUN_9_ADJ_b,M,P,les chargeurs avec la valise qui étaient là depuis hier ne sont pas très chauds <eos>,14,chauds,chaudes,12,F,S,chauds,-7.0782375,chaudes,-11.660767,1
8948,P_NOUN_9_ADJ_b,M,P,les chargeurs avec la valise qui étaient là depuis hier ne sont pas très importants <eos>,14,importants,importantes,12,F,S,importants,-5.2123923,importantes,-8.612024,1
8949,P_NOUN_9_ADJ_b,M,P,les chargeurs avec la valise qui étaient là depuis hier ne sont pas très courts <eos>,14,courts,courtes,12,F,S,courts,-5.731336,courtes,-8.955221,1
8950,P_NOUN_9_ADJ_b,M,P,les chargeurs avec la valise qui étaient là depuis hier ne sont pas très durs <eos>,14,durs,dures,12,F,S,durs,-5.2977495,dures,-9.352835,1
8951,P_NOUN_9_ADJ_b,M,P,les chargeurs avec la valise qui étaient là depuis hier ne sont pas très clairs <eos>,14,clairs,claires,12,F,S,clairs,-5.6786547,claires,-9.49562,1
8952,P_NOUN_9_ADJ_b,M,P,les chargeurs avec la valise qui étaient là depuis hier ne sont pas très intéressants <eos>,14,intéressants,intéressantes,12,F,S,intéressants,-6.0977907,intéressantes,-10.422584,1
8953,P_NOUN_9_ADJ_b,M,P,les chargeurs avec la valise qui étaient là depuis hier ne sont pas très brillants <eos>,14,brillants,brillantes,12,F,S,brillants,-6.8085475,brillantes,-11.709391,1
8954,P_NOUN_9_ADJ_b,M,P,les chargeurs avec la valise qui étaient là depuis hier ne sont pas très compliqués <eos>,14,compliqués,compliquées,12,F,S,compliqués,-5.808203,compliquées,-9.821938,1
8955,P_NOUN_9_ADJ_b,M,P,les chargeurs avec la pendule qui étaient là depuis hier ne sont pas très verts <eos>,14,verts,vertes,12,F,S,verts,-10.075743,vertes,-15.129873,1
8956,P_NOUN_9_ADJ_b,M,P,les chargeurs avec la pendule qui étaient là depuis hier ne sont pas très bleus <eos>,14,bleus,bleues,12,F,S,bleus,-11.425062,bleues,-16.809769,1
8957,P_NOUN_9_ADJ_b,M,P,les chargeurs avec la pendule qui étaient là depuis hier ne sont pas très noirs <eos>,14,noirs,noires,12,F,S,noirs,-11.303524,noires,-14.866078,1
8958,P_NOUN_9_ADJ_b,M,P,les chargeurs avec la pendule qui étaient là depuis hier ne sont pas très délicats <eos>,14,délicats,délicates,12,F,S,délicats,-8.973883,délicates,-13.460871,1
8959,P_NOUN_9_ADJ_b,M,P,les chargeurs avec la pendule qui étaient là depuis hier ne sont pas très pointus <eos>,14,pointus,pointues,12,F,S,pointus,-10.201536,pointues,-12.212906,1
8960,P_NOUN_9_ADJ_b,M,P,les chargeurs avec la pendule qui étaient là depuis hier ne sont pas très ronds <eos>,14,ronds,rondes,12,F,S,ronds,-11.2825775,rondes,-14.555807,1
8961,P_NOUN_9_ADJ_b,M,P,les chargeurs avec la pendule qui étaient là depuis hier ne sont pas très froids <eos>,14,froids,froides,12,F,S,froids,-9.498366,froides,-9.494968,0
8962,P_NOUN_9_ADJ_b,M,P,les chargeurs avec la pendule qui étaient là depuis hier ne sont pas très chauds <eos>,14,chauds,chaudes,12,F,S,chauds,-6.507489,chaudes,-11.3011265,1
8963,P_NOUN_9_ADJ_b,M,P,les chargeurs avec la pendule qui étaient là depuis hier ne sont pas très importants <eos>,14,importants,importantes,12,F,S,importants,-4.688101,importantes,-7.9752283,1
8964,P_NOUN_9_ADJ_b,M,P,les chargeurs avec la pendule qui étaient là depuis hier ne sont pas très courts <eos>,14,courts,courtes,12,F,S,courts,-5.5604935,courtes,-9.055172,1
8965,P_NOUN_9_ADJ_b,M,P,les chargeurs avec la pendule qui étaient là depuis hier ne sont pas très durs <eos>,14,durs,dures,12,F,S,durs,-5.255761,dures,-8.741068,1
8966,P_NOUN_9_ADJ_b,M,P,les chargeurs avec la pendule qui étaient là depuis hier ne sont pas très clairs <eos>,14,clairs,claires,12,F,S,clairs,-6.4406443,claires,-9.575682,1
8967,P_NOUN_9_ADJ_b,M,P,les chargeurs avec la pendule qui étaient là depuis hier ne sont pas très intéressants <eos>,14,intéressants,intéressantes,12,F,S,intéressants,-6.74191,intéressantes,-10.28542,1
8968,P_NOUN_9_ADJ_b,M,P,les chargeurs avec la pendule qui étaient là depuis hier ne sont pas très brillants <eos>,14,brillants,brillantes,12,F,S,brillants,-6.7890434,brillantes,-11.571329,1
8969,P_NOUN_9_ADJ_b,M,P,les chargeurs avec la pendule qui étaient là depuis hier ne sont pas très compliqués <eos>,14,compliqués,compliquées,12,F,S,compliqués,-6.154146,compliquées,-10.458393,1
8970,P_NOUN_9_ADJ_b,M,P,les chargeurs avec la cloche qui étaient là depuis hier ne sont pas très verts <eos>,14,verts,vertes,12,F,S,verts,-10.1409645,vertes,-15.253576,1
8971,P_NOUN_9_ADJ_b,M,P,les chargeurs avec la cloche qui étaient là depuis hier ne sont pas très bleus <eos>,14,bleus,bleues,12,F,S,bleus,-11.05448,bleues,-16.905485,1
8972,P_NOUN_9_ADJ_b,M,P,les chargeurs avec la cloche qui étaient là depuis hier ne sont pas très noirs <eos>,14,noirs,noires,12,F,S,noirs,-10.976535,noires,-14.927129,1
8973,P_NOUN_9_ADJ_b,M,P,les chargeurs avec la cloche qui étaient là depuis hier ne sont pas très délicats <eos>,14,délicats,délicates,12,F,S,délicats,-8.877801,délicates,-13.31817,1
8974,P_NOUN_9_ADJ_b,M,P,les chargeurs avec la cloche qui étaient là depuis hier ne sont pas très pointus <eos>,14,pointus,pointues,12,F,S,pointus,-10.477919,pointues,-12.645332,1
8975,P_NOUN_9_ADJ_b,M,P,les chargeurs avec la cloche qui étaient là depuis hier ne sont pas très ronds <eos>,14,ronds,rondes,12,F,S,ronds,-11.00717,rondes,-14.585949,1
8976,P_NOUN_9_ADJ_b,M,P,les chargeurs avec la cloche qui étaient là depuis hier ne sont pas très froids <eos>,14,froids,froides,12,F,S,froids,-9.941404,froides,-10.5966425,1
8977,P_NOUN_9_ADJ_b,M,P,les chargeurs avec la cloche qui étaient là depuis hier ne sont pas très chauds <eos>,14,chauds,chaudes,12,F,S,chauds,-7.2368426,chaudes,-11.912622,1
8978,P_NOUN_9_ADJ_b,M,P,les chargeurs avec la cloche qui étaient là depuis hier ne sont pas très importants <eos>,14,importants,importantes,12,F,S,importants,-4.777169,importantes,-8.10943,1
8979,P_NOUN_9_ADJ_b,M,P,les chargeurs avec la cloche qui étaient là depuis hier ne sont pas très courts <eos>,14,courts,courtes,12,F,S,courts,-5.47548,courtes,-9.105231,1
8980,P_NOUN_9_ADJ_b,M,P,les chargeurs avec la cloche qui étaient là depuis hier ne sont pas très durs <eos>,14,durs,dures,12,F,S,durs,-5.1322317,dures,-8.565179,1
8981,P_NOUN_9_ADJ_b,M,P,les chargeurs avec la cloche qui étaient là depuis hier ne sont pas très clairs <eos>,14,clairs,claires,12,F,S,clairs,-5.809411,claires,-9.790842,1
8982,P_NOUN_9_ADJ_b,M,P,les chargeurs avec la cloche qui étaient là depuis hier ne sont pas très intéressants <eos>,14,intéressants,intéressantes,12,F,S,intéressants,-6.41674,intéressantes,-10.0301,1
8983,P_NOUN_9_ADJ_b,M,P,les chargeurs avec la cloche qui étaient là depuis hier ne sont pas très brillants <eos>,14,brillants,brillantes,12,F,S,brillants,-7.0303707,brillantes,-11.837388,1
8984,P_NOUN_9_ADJ_b,M,P,les chargeurs avec la cloche qui étaient là depuis hier ne sont pas très compliqués <eos>,14,compliqués,compliquées,12,F,S,compliqués,-6.3863106,compliquées,-10.129952,1
8985,P_NOUN_9_ADJ_b,M,P,les chargeurs avec la cerise qui étaient là depuis hier ne sont pas très verts <eos>,14,verts,vertes,12,F,S,verts,-9.317728,vertes,-14.337646,1
8986,P_NOUN_9_ADJ_b,M,P,les chargeurs avec la cerise qui étaient là depuis hier ne sont pas très bleus <eos>,14,bleus,bleues,12,F,S,bleus,-10.556099,bleues,-16.363829,1
8987,P_NOUN_9_ADJ_b,M,P,les chargeurs avec la cerise qui étaient là depuis hier ne sont pas très noirs <eos>,14,noirs,noires,12,F,S,noirs,-10.506004,noires,-14.476729,1
8988,P_NOUN_9_ADJ_b,M,P,les chargeurs avec la cerise qui étaient là depuis hier ne sont pas très délicats <eos>,14,délicats,délicates,12,F,S,délicats,-7.794029,délicates,-12.367441,1
8989,P_NOUN_9_ADJ_b,M,P,les chargeurs avec la cerise qui étaient là depuis hier ne sont pas très pointus <eos>,14,pointus,pointues,12,F,S,pointus,-10.053335,pointues,-12.463459,1
8990,P_NOUN_9_ADJ_b,M,P,les chargeurs avec la cerise qui étaient là depuis hier ne sont pas très ronds <eos>,14,ronds,rondes,12,F,S,ronds,-10.202888,rondes,-14.2331085,1
8991,P_NOUN_9_ADJ_b,M,P,les chargeurs avec la cerise qui étaient là depuis hier ne sont pas très froids <eos>,14,froids,froides,12,F,S,froids,-8.865269,froides,-9.293468,1
8992,P_NOUN_9_ADJ_b,M,P,les chargeurs avec la cerise qui étaient là depuis hier ne sont pas très chauds <eos>,14,chauds,chaudes,12,F,S,chauds,-6.5167603,chaudes,-10.63777,1
8993,P_NOUN_9_ADJ_b,M,P,les chargeurs avec la cerise qui étaient là depuis hier ne sont pas très importants <eos>,14,importants,importantes,12,F,S,importants,-4.865152,importantes,-8.032125,1
8994,P_NOUN_9_ADJ_b,M,P,les chargeurs avec la cerise qui étaient là depuis hier ne sont pas très courts <eos>,14,courts,courtes,12,F,S,courts,-5.554178,courtes,-9.6198435,1
8995,P_NOUN_9_ADJ_b,M,P,les chargeurs avec la cerise qui étaient là depuis hier ne sont pas très durs <eos>,14,durs,dures,12,F,S,durs,-4.939719,dures,-7.8793106,1
8996,P_NOUN_9_ADJ_b,M,P,les chargeurs avec la cerise qui étaient là depuis hier ne sont pas très clairs <eos>,14,clairs,claires,12,F,S,clairs,-5.575459,claires,-8.925194,1
8997,P_NOUN_9_ADJ_b,M,P,les chargeurs avec la cerise qui étaient là depuis hier ne sont pas très intéressants <eos>,14,intéressants,intéressantes,12,F,S,intéressants,-6.4586296,intéressantes,-9.625731,1
8998,P_NOUN_9_ADJ_b,M,P,les chargeurs avec la cerise qui étaient là depuis hier ne sont pas très brillants <eos>,14,brillants,brillantes,12,F,S,brillants,-6.303022,brillantes,-11.14361,1
8999,P_NOUN_9_ADJ_b,M,P,les chargeurs avec la cerise qui étaient là depuis hier ne sont pas très compliqués <eos>,14,compliqués,compliquées,12,F,S,compliqués,-6.2908497,compliquées,-10.186684,1
9000,P_NOUN_9_ADJ_b,M,P,les vases avec la gemme qui étaient là depuis hier ne sont pas très verts <eos>,14,verts,vertes,12,F,S,verts,-8.275089,vertes,-13.887712,1
9001,P_NOUN_9_ADJ_b,M,P,les vases avec la gemme qui étaient là depuis hier ne sont pas très bleus <eos>,14,bleus,bleues,12,F,S,bleus,-10.331308,bleues,-14.457661,1
9002,P_NOUN_9_ADJ_b,M,P,les vases avec la gemme qui étaient là depuis hier ne sont pas très noirs <eos>,14,noirs,noires,12,F,S,noirs,-10.128599,noires,-13.08197,1
9003,P_NOUN_9_ADJ_b,M,P,les vases avec la gemme qui étaient là depuis hier ne sont pas très délicats <eos>,14,délicats,délicates,12,F,S,délicats,-6.746238,délicates,-10.605923,1
9004,P_NOUN_9_ADJ_b,M,P,les vases avec la gemme qui étaient là depuis hier ne sont pas très pointus <eos>,14,pointus,pointues,12,F,S,pointus,-9.524707,pointues,-12.099219,1
9005,P_NOUN_9_ADJ_b,M,P,les vases avec la gemme qui étaient là depuis hier ne sont pas très ronds <eos>,14,ronds,rondes,12,F,S,ronds,-9.87768,rondes,-13.278695,1
9006,P_NOUN_9_ADJ_b,M,P,les vases avec la gemme qui étaient là depuis hier ne sont pas très froids <eos>,14,froids,froides,12,F,S,froids,-8.595888,froides,-9.151171,1
9007,P_NOUN_9_ADJ_b,M,P,les vases avec la gemme qui étaient là depuis hier ne sont pas très chauds <eos>,14,chauds,chaudes,12,F,S,chauds,-7.006896,chaudes,-9.784714,1
9008,P_NOUN_9_ADJ_b,M,P,les vases avec la gemme qui étaient là depuis hier ne sont pas très importants <eos>,14,importants,importantes,12,F,S,importants,-4.934518,importantes,-8.505865,1
9009,P_NOUN_9_ADJ_b,M,P,les vases avec la gemme qui étaient là depuis hier ne sont pas très courts <eos>,14,courts,courtes,12,F,S,courts,-6.3258142,courtes,-10.9336605,1
9010,P_NOUN_9_ADJ_b,M,P,les vases avec la gemme qui étaient là depuis hier ne sont pas très durs <eos>,14,durs,dures,12,F,S,durs,-5.563497,dures,-7.3680377,1
9011,P_NOUN_9_ADJ_b,M,P,les vases avec la gemme qui étaient là depuis hier ne sont pas très clairs <eos>,14,clairs,claires,12,F,S,clairs,-4.022422,claires,-7.400055,1
9012,P_NOUN_9_ADJ_b,M,P,les vases avec la gemme qui étaient là depuis hier ne sont pas très intéressants <eos>,14,intéressants,intéressantes,12,F,S,intéressants,-5.475099,intéressantes,-9.503815,1
9013,P_NOUN_9_ADJ_b,M,P,les vases avec la gemme qui étaient là depuis hier ne sont pas très brillants <eos>,14,brillants,brillantes,12,F,S,brillants,-6.2769156,brillantes,-9.538365,1
9014,P_NOUN_9_ADJ_b,M,P,les vases avec la gemme qui étaient là depuis hier ne sont pas très compliqués <eos>,14,compliqués,compliquées,12,F,S,compliqués,-5.854615,compliquées,-10.177741,1
9015,P_NOUN_9_ADJ_b,M,P,les vases avec la chaise qui étaient là depuis hier ne sont pas très verts <eos>,14,verts,vertes,12,F,S,verts,-8.684826,vertes,-14.100998,1
9016,P_NOUN_9_ADJ_b,M,P,les vases avec la chaise qui étaient là depuis hier ne sont pas très bleus <eos>,14,bleus,bleues,12,F,S,bleus,-10.598075,bleues,-14.612725,1
9017,P_NOUN_9_ADJ_b,M,P,les vases avec la chaise qui étaient là depuis hier ne sont pas très noirs <eos>,14,noirs,noires,12,F,S,noirs,-10.187551,noires,-13.104884,1
9018,P_NOUN_9_ADJ_b,M,P,les vases avec la chaise qui étaient là depuis hier ne sont pas très délicats <eos>,14,délicats,délicates,12,F,S,délicats,-7.1383767,délicates,-11.066282,1
9019,P_NOUN_9_ADJ_b,M,P,les vases avec la chaise qui étaient là depuis hier ne sont pas très pointus <eos>,14,pointus,pointues,12,F,S,pointus,-9.437075,pointues,-11.625589,1
9020,P_NOUN_9_ADJ_b,M,P,les vases avec la chaise qui étaient là depuis hier ne sont pas très ronds <eos>,14,ronds,rondes,12,F,S,ronds,-9.331682,rondes,-12.472504,1
9021,P_NOUN_9_ADJ_b,M,P,les vases avec la chaise qui étaient là depuis hier ne sont pas très froids <eos>,14,froids,froides,12,F,S,froids,-9.36945,froides,-9.829268,1
9022,P_NOUN_9_ADJ_b,M,P,les vases avec la chaise qui étaient là depuis hier ne sont pas très chauds <eos>,14,chauds,chaudes,12,F,S,chauds,-7.4835854,chaudes,-10.663323,1
9023,P_NOUN_9_ADJ_b,M,P,les vases avec la chaise qui étaient là depuis hier ne sont pas très importants <eos>,14,importants,importantes,12,F,S,importants,-5.2784677,importantes,-9.170105,1
9024,P_NOUN_9_ADJ_b,M,P,les vases avec la chaise qui étaient là depuis hier ne sont pas très courts <eos>,14,courts,courtes,12,F,S,courts,-6.250925,courtes,-10.404462,1
9025,P_NOUN_9_ADJ_b,M,P,les vases avec la chaise qui étaient là depuis hier ne sont pas très durs <eos>,14,durs,dures,12,F,S,durs,-5.4082823,dures,-7.9929276,1
9026,P_NOUN_9_ADJ_b,M,P,les vases avec la chaise qui étaient là depuis hier ne sont pas très clairs <eos>,14,clairs,claires,12,F,S,clairs,-4.473734,claires,-7.5934086,1
9027,P_NOUN_9_ADJ_b,M,P,les vases avec la chaise qui étaient là depuis hier ne sont pas très intéressants <eos>,14,intéressants,intéressantes,12,F,S,intéressants,-5.7471824,intéressantes,-9.965029,1
9028,P_NOUN_9_ADJ_b,M,P,les vases avec la chaise qui étaient là depuis hier ne sont pas très brillants <eos>,14,brillants,brillantes,12,F,S,brillants,-6.8273697,brillantes,-10.01981,1
9029,P_NOUN_9_ADJ_b,M,P,les vases avec la chaise qui étaient là depuis hier ne sont pas très compliqués <eos>,14,compliqués,compliquées,12,F,S,compliqués,-5.6754227,compliquées,-9.826176,1
9030,P_NOUN_9_ADJ_b,M,P,les vases avec la poubelle qui étaient là depuis hier ne sont pas très verts <eos>,14,verts,vertes,12,F,S,verts,-8.412003,vertes,-13.745941,1
9031,P_NOUN_9_ADJ_b,M,P,les vases avec la poubelle qui étaient là depuis hier ne sont pas très bleus <eos>,14,bleus,bleues,12,F,S,bleus,-10.391819,bleues,-14.448372,1
9032,P_NOUN_9_ADJ_b,M,P,les vases avec la poubelle qui étaient là depuis hier ne sont pas très noirs <eos>,14,noirs,noires,12,F,S,noirs,-10.178674,noires,-13.102013,1
9033,P_NOUN_9_ADJ_b,M,P,les vases avec la poubelle qui étaient là depuis hier ne sont pas très délicats <eos>,14,délicats,délicates,12,F,S,délicats,-6.8926883,délicates,-10.880596,1
9034,P_NOUN_9_ADJ_b,M,P,les vases avec la poubelle qui étaient là depuis hier ne sont pas très pointus <eos>,14,pointus,pointues,12,F,S,pointus,-9.523662,pointues,-11.968758,1
9035,P_NOUN_9_ADJ_b,M,P,les vases avec la poubelle qui étaient là depuis hier ne sont pas très ronds <eos>,14,ronds,rondes,12,F,S,ronds,-9.893961,rondes,-12.923346,1
9036,P_NOUN_9_ADJ_b,M,P,les vases avec la poubelle qui étaient là depuis hier ne sont pas très froids <eos>,14,froids,froides,12,F,S,froids,-8.89748,froides,-9.054236,1
9037,P_NOUN_9_ADJ_b,M,P,les vases avec la poubelle qui étaient là depuis hier ne sont pas très chauds <eos>,14,chauds,chaudes,12,F,S,chauds,-7.1606174,chaudes,-10.173298,1
9038,P_NOUN_9_ADJ_b,M,P,les vases avec la poubelle qui étaient là depuis hier ne sont pas très importants <eos>,14,importants,importantes,12,F,S,importants,-5.2449803,importantes,-8.960743,1
9039,P_NOUN_9_ADJ_b,M,P,les vases avec la poubelle qui étaient là depuis hier ne sont pas très courts <eos>,14,courts,courtes,12,F,S,courts,-6.213134,courtes,-10.667833,1
9040,P_NOUN_9_ADJ_b,M,P,les vases avec la poubelle qui étaient là depuis hier ne sont pas très durs <eos>,14,durs,dures,12,F,S,durs,-5.384227,dures,-7.973548,1
9041,P_NOUN_9_ADJ_b,M,P,les vases avec la poubelle qui étaient là depuis hier ne sont pas très clairs <eos>,14,clairs,claires,12,F,S,clairs,-4.500053,claires,-7.678845,1
9042,P_NOUN_9_ADJ_b,M,P,les vases avec la poubelle qui étaient là depuis hier ne sont pas très intéressants <eos>,14,intéressants,intéressantes,12,F,S,intéressants,-5.5097885,intéressantes,-9.626925,1
9043,P_NOUN_9_ADJ_b,M,P,les vases avec la poubelle qui étaient là depuis hier ne sont pas très brillants <eos>,14,brillants,brillantes,12,F,S,brillants,-6.833397,brillantes,-10.174915,1
9044,P_NOUN_9_ADJ_b,M,P,les vases avec la poubelle qui étaient là depuis hier ne sont pas très compliqués <eos>,14,compliqués,compliquées,12,F,S,compliqués,-5.600214,compliquées,-9.955633,1
9045,P_NOUN_9_ADJ_b,M,P,les vases avec la chemise qui étaient là depuis hier ne sont pas très verts <eos>,14,verts,vertes,12,F,S,verts,-8.48878,vertes,-13.956796,1
9046,P_NOUN_9_ADJ_b,M,P,les vases avec la chemise qui étaient là depuis hier ne sont pas très bleus <eos>,14,bleus,bleues,12,F,S,bleus,-10.154681,bleues,-14.338729,1
9047,P_NOUN_9_ADJ_b,M,P,les vases avec la chemise qui étaient là depuis hier ne sont pas très noirs <eos>,14,noirs,noires,12,F,S,noirs,-9.882168,noires,-12.898353,1
9048,P_NOUN_9_ADJ_b,M,P,les vases avec la chemise qui étaient là depuis hier ne sont pas très délicats <eos>,14,délicats,délicates,12,F,S,délicats,-7.0449457,délicates,-11.062323,1
9049,P_NOUN_9_ADJ_b,M,P,les vases avec la chemise qui étaient là depuis hier ne sont pas très pointus <eos>,14,pointus,pointues,12,F,S,pointus,-9.253471,pointues,-11.755181,1
9050,P_NOUN_9_ADJ_b,M,P,les vases avec la chemise qui étaient là depuis hier ne sont pas très ronds <eos>,14,ronds,rondes,12,F,S,ronds,-9.5891285,rondes,-12.720846,1
9051,P_NOUN_9_ADJ_b,M,P,les vases avec la chemise qui étaient là depuis hier ne sont pas très froids <eos>,14,froids,froides,12,F,S,froids,-9.142598,froides,-9.491305,1
9052,P_NOUN_9_ADJ_b,M,P,les vases avec la chemise qui étaient là depuis hier ne sont pas très chauds <eos>,14,chauds,chaudes,12,F,S,chauds,-7.0230193,chaudes,-10.580093,1
9053,P_NOUN_9_ADJ_b,M,P,les vases avec la chemise qui étaient là depuis hier ne sont pas très importants <eos>,14,importants,importantes,12,F,S,importants,-5.2125034,importantes,-8.969294,1
9054,P_NOUN_9_ADJ_b,M,P,les vases avec la chemise qui étaient là depuis hier ne sont pas très courts <eos>,14,courts,courtes,12,F,S,courts,-6.1326694,courtes,-10.288478,1
9055,P_NOUN_9_ADJ_b,M,P,les vases avec la chemise qui étaient là depuis hier ne sont pas très durs <eos>,14,durs,dures,12,F,S,durs,-5.5366397,dures,-7.8391757,1
9056,P_NOUN_9_ADJ_b,M,P,les vases avec la chemise qui étaient là depuis hier ne sont pas très clairs <eos>,14,clairs,claires,12,F,S,clairs,-4.1189957,claires,-7.7465363,1
9057,P_NOUN_9_ADJ_b,M,P,les vases avec la chemise qui étaient là depuis hier ne sont pas très intéressants <eos>,14,intéressants,intéressantes,12,F,S,intéressants,-5.803128,intéressantes,-9.986776,1
9058,P_NOUN_9_ADJ_b,M,P,les vases avec la chemise qui étaient là depuis hier ne sont pas très brillants <eos>,14,brillants,brillantes,12,F,S,brillants,-6.7532253,brillantes,-10.073277,1
9059,P_NOUN_9_ADJ_b,M,P,les vases avec la chemise qui étaient là depuis hier ne sont pas très compliqués <eos>,14,compliqués,compliquées,12,F,S,compliqués,-5.8219585,compliquées,-10.028175,1
9060,P_NOUN_9_ADJ_b,M,P,les vases avec la recette qui étaient là depuis hier ne sont pas très verts <eos>,14,verts,vertes,12,F,S,verts,-9.125496,vertes,-14.127487,1
9061,P_NOUN_9_ADJ_b,M,P,les vases avec la recette qui étaient là depuis hier ne sont pas très bleus <eos>,14,bleus,bleues,12,F,S,bleus,-11.194971,bleues,-15.341482,1
9062,P_NOUN_9_ADJ_b,M,P,les vases avec la recette qui étaient là depuis hier ne sont pas très noirs <eos>,14,noirs,noires,12,F,S,noirs,-11.0984125,noires,-14.086325,1
9063,P_NOUN_9_ADJ_b,M,P,les vases avec la recette qui étaient là depuis hier ne sont pas très délicats <eos>,14,délicats,délicates,12,F,S,délicats,-6.4266944,délicates,-10.683531,1
9064,P_NOUN_9_ADJ_b,M,P,les vases avec la recette qui étaient là depuis hier ne sont pas très pointus <eos>,14,pointus,pointues,12,F,S,pointus,-10.388626,pointues,-12.682618,1
9065,P_NOUN_9_ADJ_b,M,P,les vases avec la recette qui étaient là depuis hier ne sont pas très ronds <eos>,14,ronds,rondes,12,F,S,ronds,-10.324747,rondes,-13.494875,1
9066,P_NOUN_9_ADJ_b,M,P,les vases avec la recette qui étaient là depuis hier ne sont pas très froids <eos>,14,froids,froides,12,F,S,froids,-8.452865,froides,-9.109857,1
9067,P_NOUN_9_ADJ_b,M,P,les vases avec la recette qui étaient là depuis hier ne sont pas très chauds <eos>,14,chauds,chaudes,12,F,S,chauds,-6.810361,chaudes,-9.555947,1
9068,P_NOUN_9_ADJ_b,M,P,les vases avec la recette qui étaient là depuis hier ne sont pas très importants <eos>,14,importants,importantes,12,F,S,importants,-4.837695,importantes,-7.9591713,1
9069,P_NOUN_9_ADJ_b,M,P,les vases avec la recette qui étaient là depuis hier ne sont pas très courts <eos>,14,courts,courtes,12,F,S,courts,-6.9103823,courtes,-10.701232,1
9070,P_NOUN_9_ADJ_b,M,P,les vases avec la recette qui étaient là depuis hier ne sont pas très durs <eos>,14,durs,dures,12,F,S,durs,-5.4278507,dures,-7.6203594,1
9071,P_NOUN_9_ADJ_b,M,P,les vases avec la recette qui étaient là depuis hier ne sont pas très clairs <eos>,14,clairs,claires,12,F,S,clairs,-4.80198,claires,-7.3766375,1
9072,P_NOUN_9_ADJ_b,M,P,les vases avec la recette qui étaient là depuis hier ne sont pas très intéressants <eos>,14,intéressants,intéressantes,12,F,S,intéressants,-5.767164,intéressantes,-8.964353,1
9073,P_NOUN_9_ADJ_b,M,P,les vases avec la recette qui étaient là depuis hier ne sont pas très brillants <eos>,14,brillants,brillantes,12,F,S,brillants,-7.0119147,brillantes,-9.6088505,1
9074,P_NOUN_9_ADJ_b,M,P,les vases avec la recette qui étaient là depuis hier ne sont pas très compliqués <eos>,14,compliqués,compliquées,12,F,S,compliqués,-5.839432,compliquées,-9.91865,1
9075,P_NOUN_9_ADJ_b,M,P,les vases avec la jupe qui étaient là depuis hier ne sont pas très verts <eos>,14,verts,vertes,12,F,S,verts,-8.574048,vertes,-13.894597,1
9076,P_NOUN_9_ADJ_b,M,P,les vases avec la jupe qui étaient là depuis hier ne sont pas très bleus <eos>,14,bleus,bleues,12,F,S,bleus,-10.552784,bleues,-14.353611,1
9077,P_NOUN_9_ADJ_b,M,P,les vases avec la jupe qui étaient là depuis hier ne sont pas très noirs <eos>,14,noirs,noires,12,F,S,noirs,-10.032236,noires,-12.863395,1
9078,P_NOUN_9_ADJ_b,M,P,les vases avec la jupe qui étaient là depuis hier ne sont pas très délicats <eos>,14,délicats,délicates,12,F,S,délicats,-6.9587293,délicates,-10.938194,1
9079,P_NOUN_9_ADJ_b,M,P,les vases avec la jupe qui étaient là depuis hier ne sont pas très pointus <eos>,14,pointus,pointues,12,F,S,pointus,-9.454124,pointues,-11.837096,1
9080,P_NOUN_9_ADJ_b,M,P,les vases avec la jupe qui étaient là depuis hier ne sont pas très ronds <eos>,14,ronds,rondes,12,F,S,ronds,-9.373951,rondes,-12.769201,1
9081,P_NOUN_9_ADJ_b,M,P,les vases avec la jupe qui étaient là depuis hier ne sont pas très froids <eos>,14,froids,froides,12,F,S,froids,-9.501308,froides,-9.589333,1
9082,P_NOUN_9_ADJ_b,M,P,les vases avec la jupe qui étaient là depuis hier ne sont pas très chauds <eos>,14,chauds,chaudes,12,F,S,chauds,-7.3696527,chaudes,-10.39648,1
9083,P_NOUN_9_ADJ_b,M,P,les vases avec la jupe qui étaient là depuis hier ne sont pas très importants <eos>,14,importants,importantes,12,F,S,importants,-5.2480125,importantes,-8.830764,1
9084,P_NOUN_9_ADJ_b,M,P,les vases avec la jupe qui étaient là depuis hier ne sont pas très courts <eos>,14,courts,courtes,12,F,S,courts,-6.2985754,courtes,-10.29021,1
9085,P_NOUN_9_ADJ_b,M,P,les vases avec la jupe qui étaient là depuis hier ne sont pas très durs <eos>,14,durs,dures,12,F,S,durs,-5.572546,dures,-7.9086237,1
9086,P_NOUN_9_ADJ_b,M,P,les vases avec la jupe qui étaient là depuis hier ne sont pas très clairs <eos>,14,clairs,claires,12,F,S,clairs,-4.0752344,claires,-7.325817,1
9087,P_NOUN_9_ADJ_b,M,P,les vases avec la jupe qui étaient là depuis hier ne sont pas très intéressants <eos>,14,intéressants,intéressantes,12,F,S,intéressants,-5.9025497,intéressantes,-9.8499155,1
9088,P_NOUN_9_ADJ_b,M,P,les vases avec la jupe qui étaient là depuis hier ne sont pas très brillants <eos>,14,brillants,brillantes,12,F,S,brillants,-6.9208674,brillantes,-9.940767,1
9089,P_NOUN_9_ADJ_b,M,P,les vases avec la jupe qui étaient là depuis hier ne sont pas très compliqués <eos>,14,compliqués,compliquées,12,F,S,compliqués,-5.790251,compliquées,-9.982717,1
9090,P_NOUN_9_ADJ_b,M,P,les vases avec la colle qui étaient là depuis hier ne sont pas très verts <eos>,14,verts,vertes,12,F,S,verts,-8.462622,vertes,-13.896975,1
9091,P_NOUN_9_ADJ_b,M,P,les vases avec la colle qui étaient là depuis hier ne sont pas très bleus <eos>,14,bleus,bleues,12,F,S,bleus,-10.806895,bleues,-14.750281,1
9092,P_NOUN_9_ADJ_b,M,P,les vases avec la colle qui étaient là depuis hier ne sont pas très noirs <eos>,14,noirs,noires,12,F,S,noirs,-10.435418,noires,-13.168047,1
9093,P_NOUN_9_ADJ_b,M,P,les vases avec la colle qui étaient là depuis hier ne sont pas très délicats <eos>,14,délicats,délicates,12,F,S,délicats,-6.860738,délicates,-11.1749525,1
9094,P_NOUN_9_ADJ_b,M,P,les vases avec la colle qui étaient là depuis hier ne sont pas très pointus <eos>,14,pointus,pointues,12,F,S,pointus,-9.741499,pointues,-12.159072,1
9095,P_NOUN_9_ADJ_b,M,P,les vases avec la colle qui étaient là depuis hier ne sont pas très ronds <eos>,14,ronds,rondes,12,F,S,ronds,-10.0005,rondes,-13.374098,1
9096,P_NOUN_9_ADJ_b,M,P,les vases avec la colle qui étaient là depuis hier ne sont pas très froids <eos>,14,froids,froides,12,F,S,froids,-8.958294,froides,-9.030238,1
9097,P_NOUN_9_ADJ_b,M,P,les vases avec la colle qui étaient là depuis hier ne sont pas très chauds <eos>,14,chauds,chaudes,12,F,S,chauds,-6.7502527,chaudes,-9.641226,1
9098,P_NOUN_9_ADJ_b,M,P,les vases avec la colle qui étaient là depuis hier ne sont pas très importants <eos>,14,importants,importantes,12,F,S,importants,-5.2167387,importantes,-8.599165,1
9099,P_NOUN_9_ADJ_b,M,P,les vases avec la colle qui étaient là depuis hier ne sont pas très courts <eos>,14,courts,courtes,12,F,S,courts,-6.664818,courtes,-10.943897,1
9100,P_NOUN_9_ADJ_b,M,P,les vases avec la colle qui étaient là depuis hier ne sont pas très durs <eos>,14,durs,dures,12,F,S,durs,-5.310558,dures,-7.42291,1
9101,P_NOUN_9_ADJ_b,M,P,les vases avec la colle qui étaient là depuis hier ne sont pas très clairs <eos>,14,clairs,claires,12,F,S,clairs,-4.519245,claires,-7.23096,1
9102,P_NOUN_9_ADJ_b,M,P,les vases avec la colle qui étaient là depuis hier ne sont pas très intéressants <eos>,14,intéressants,intéressantes,12,F,S,intéressants,-5.8579535,intéressantes,-9.509132,1
9103,P_NOUN_9_ADJ_b,M,P,les vases avec la colle qui étaient là depuis hier ne sont pas très brillants <eos>,14,brillants,brillantes,12,F,S,brillants,-6.5769424,brillantes,-9.81439,1
9104,P_NOUN_9_ADJ_b,M,P,les vases avec la colle qui étaient là depuis hier ne sont pas très compliqués <eos>,14,compliqués,compliquées,12,F,S,compliqués,-5.859577,compliquées,-10.390201,1
9105,P_NOUN_9_ADJ_b,M,P,les vases avec la lampe qui étaient là depuis hier ne sont pas très verts <eos>,14,verts,vertes,12,F,S,verts,-8.514877,vertes,-13.657822,1
9106,P_NOUN_9_ADJ_b,M,P,les vases avec la lampe qui étaient là depuis hier ne sont pas très bleus <eos>,14,bleus,bleues,12,F,S,bleus,-10.799447,bleues,-14.41967,1
9107,P_NOUN_9_ADJ_b,M,P,les vases avec la lampe qui étaient là depuis hier ne sont pas très noirs <eos>,14,noirs,noires,12,F,S,noirs,-10.517227,noires,-13.096522,1
9108,P_NOUN_9_ADJ_b,M,P,les vases avec la lampe qui étaient là depuis hier ne sont pas très délicats <eos>,14,délicats,délicates,12,F,S,délicats,-6.8260303,délicates,-10.914593,1
9109,P_NOUN_9_ADJ_b,M,P,les vases avec la lampe qui étaient là depuis hier ne sont pas très pointus <eos>,14,pointus,pointues,12,F,S,pointus,-9.5949745,pointues,-11.862875,1
9110,P_NOUN_9_ADJ_b,M,P,les vases avec la lampe qui étaient là depuis hier ne sont pas très ronds <eos>,14,ronds,rondes,12,F,S,ronds,-9.885351,rondes,-13.181719,1
9111,P_NOUN_9_ADJ_b,M,P,les vases avec la lampe qui étaient là depuis hier ne sont pas très froids <eos>,14,froids,froides,12,F,S,froids,-8.9959545,froides,-9.142677,1
9112,P_NOUN_9_ADJ_b,M,P,les vases avec la lampe qui étaient là depuis hier ne sont pas très chauds <eos>,14,chauds,chaudes,12,F,S,chauds,-6.841711,chaudes,-9.934026,1
9113,P_NOUN_9_ADJ_b,M,P,les vases avec la lampe qui étaient là depuis hier ne sont pas très importants <eos>,14,importants,importantes,12,F,S,importants,-5.192443,importantes,-8.638251,1
9114,P_NOUN_9_ADJ_b,M,P,les vases avec la lampe qui étaient là depuis hier ne sont pas très courts <eos>,14,courts,courtes,12,F,S,courts,-6.542677,courtes,-10.409916,1
9115,P_NOUN_9_ADJ_b,M,P,les vases avec la lampe qui étaient là depuis hier ne sont pas très durs <eos>,14,durs,dures,12,F,S,durs,-5.2204847,dures,-7.7662363,1
9116,P_NOUN_9_ADJ_b,M,P,les vases avec la lampe qui étaient là depuis hier ne sont pas très clairs <eos>,14,clairs,claires,12,F,S,clairs,-4.3260765,claires,-7.310545,1
9117,P_NOUN_9_ADJ_b,M,P,les vases avec la lampe qui étaient là depuis hier ne sont pas très intéressants <eos>,14,intéressants,intéressantes,12,F,S,intéressants,-5.5740747,intéressantes,-9.349105,1
9118,P_NOUN_9_ADJ_b,M,P,les vases avec la lampe qui étaient là depuis hier ne sont pas très brillants <eos>,14,brillants,brillantes,12,F,S,brillants,-6.5725975,brillantes,-9.485456,1
9119,P_NOUN_9_ADJ_b,M,P,les vases avec la lampe qui étaient là depuis hier ne sont pas très compliqués <eos>,14,compliqués,compliquées,12,F,S,compliqués,-5.4722133,compliquées,-9.921288,1
9120,P_NOUN_9_ADJ_b,M,P,les vases avec la bouteille qui étaient là depuis hier ne sont pas très verts <eos>,14,verts,vertes,12,F,S,verts,-8.527993,vertes,-13.98375,1
9121,P_NOUN_9_ADJ_b,M,P,les vases avec la bouteille qui étaient là depuis hier ne sont pas très bleus <eos>,14,bleus,bleues,12,F,S,bleus,-10.5840645,bleues,-14.689634,1
9122,P_NOUN_9_ADJ_b,M,P,les vases avec la bouteille qui étaient là depuis hier ne sont pas très noirs <eos>,14,noirs,noires,12,F,S,noirs,-10.1784,noires,-13.160571,1
9123,P_NOUN_9_ADJ_b,M,P,les vases avec la bouteille qui étaient là depuis hier ne sont pas très délicats <eos>,14,délicats,délicates,12,F,S,délicats,-6.1965265,délicates,-10.57974,1
9124,P_NOUN_9_ADJ_b,M,P,les vases avec la bouteille qui étaient là depuis hier ne sont pas très pointus <eos>,14,pointus,pointues,12,F,S,pointus,-9.961713,pointues,-12.215949,1
9125,P_NOUN_9_ADJ_b,M,P,les vases avec la bouteille qui étaient là depuis hier ne sont pas très ronds <eos>,14,ronds,rondes,12,F,S,ronds,-9.835271,rondes,-13.294488,1
9126,P_NOUN_9_ADJ_b,M,P,les vases avec la bouteille qui étaient là depuis hier ne sont pas très froids <eos>,14,froids,froides,12,F,S,froids,-8.480125,froides,-8.628464,1
9127,P_NOUN_9_ADJ_b,M,P,les vases avec la bouteille qui étaient là depuis hier ne sont pas très chauds <eos>,14,chauds,chaudes,12,F,S,chauds,-6.9069033,chaudes,-9.40007,1
9128,P_NOUN_9_ADJ_b,M,P,les vases avec la bouteille qui étaient là depuis hier ne sont pas très importants <eos>,14,importants,importantes,12,F,S,importants,-4.817216,importantes,-8.166957,1
9129,P_NOUN_9_ADJ_b,M,P,les vases avec la bouteille qui étaient là depuis hier ne sont pas très courts <eos>,14,courts,courtes,12,F,S,courts,-6.426738,courtes,-10.865754,1
9130,P_NOUN_9_ADJ_b,M,P,les vases avec la bouteille qui étaient là depuis hier ne sont pas très durs <eos>,14,durs,dures,12,F,S,durs,-5.351555,dures,-7.677785,1
9131,P_NOUN_9_ADJ_b,M,P,les vases avec la bouteille qui étaient là depuis hier ne sont pas très clairs <eos>,14,clairs,claires,12,F,S,clairs,-4.72976,claires,-7.197854,1
9132,P_NOUN_9_ADJ_b,M,P,les vases avec la bouteille qui étaient là depuis hier ne sont pas très intéressants <eos>,14,intéressants,intéressantes,12,F,S,intéressants,-5.560814,intéressantes,-9.156428,1
9133,P_NOUN_9_ADJ_b,M,P,les vases avec la bouteille qui étaient là depuis hier ne sont pas très brillants <eos>,14,brillants,brillantes,12,F,S,brillants,-6.956247,brillantes,-9.805096,1
9134,P_NOUN_9_ADJ_b,M,P,les vases avec la bouteille qui étaient là depuis hier ne sont pas très compliqués <eos>,14,compliqués,compliquées,12,F,S,compliqués,-5.930682,compliquées,-10.185346,1
9135,P_NOUN_9_ADJ_b,M,P,les vases avec la boisson qui étaient là depuis hier ne sont pas très verts <eos>,14,verts,vertes,12,F,S,verts,-8.361698,vertes,-14.030961,1
9136,P_NOUN_9_ADJ_b,M,P,les vases avec la boisson qui étaient là depuis hier ne sont pas très bleus <eos>,14,bleus,bleues,12,F,S,bleus,-10.653476,bleues,-14.848778,1
9137,P_NOUN_9_ADJ_b,M,P,les vases avec la boisson qui étaient là depuis hier ne sont pas très noirs <eos>,14,noirs,noires,12,F,S,noirs,-10.388593,noires,-13.448526,1
9138,P_NOUN_9_ADJ_b,M,P,les vases avec la boisson qui étaient là depuis hier ne sont pas très délicats <eos>,14,délicats,délicates,12,F,S,délicats,-6.3184347,délicates,-10.71003,1
9139,P_NOUN_9_ADJ_b,M,P,les vases avec la boisson qui étaient là depuis hier ne sont pas très pointus <eos>,14,pointus,pointues,12,F,S,pointus,-10.339104,pointues,-12.63477,1
9140,P_NOUN_9_ADJ_b,M,P,les vases avec la boisson qui étaient là depuis hier ne sont pas très ronds <eos>,14,ronds,rondes,12,F,S,ronds,-10.150212,rondes,-13.441742,1
9141,P_NOUN_9_ADJ_b,M,P,les vases avec la boisson qui étaient là depuis hier ne sont pas très froids <eos>,14,froids,froides,12,F,S,froids,-8.076805,froides,-8.776699,1
9142,P_NOUN_9_ADJ_b,M,P,les vases avec la boisson qui étaient là depuis hier ne sont pas très chauds <eos>,14,chauds,chaudes,12,F,S,chauds,-6.532919,chaudes,-9.353631,1
9143,P_NOUN_9_ADJ_b,M,P,les vases avec la boisson qui étaient là depuis hier ne sont pas très importants <eos>,14,importants,importantes,12,F,S,importants,-4.8420477,importantes,-8.227289,1
9144,P_NOUN_9_ADJ_b,M,P,les vases avec la boisson qui étaient là depuis hier ne sont pas très courts <eos>,14,courts,courtes,12,F,S,courts,-6.783966,courtes,-11.208565,1
9145,P_NOUN_9_ADJ_b,M,P,les vases avec la boisson qui étaient là depuis hier ne sont pas très durs <eos>,14,durs,dures,12,F,S,durs,-5.4802294,dures,-7.2661886,1
9146,P_NOUN_9_ADJ_b,M,P,les vases avec la boisson qui étaient là depuis hier ne sont pas très clairs <eos>,14,clairs,claires,12,F,S,clairs,-4.5549107,claires,-7.266837,1
9147,P_NOUN_9_ADJ_b,M,P,les vases avec la boisson qui étaient là depuis hier ne sont pas très intéressants <eos>,14,intéressants,intéressantes,12,F,S,intéressants,-5.805486,intéressantes,-9.426937,1
9148,P_NOUN_9_ADJ_b,M,P,les vases avec la boisson qui étaient là depuis hier ne sont pas très brillants <eos>,14,brillants,brillantes,12,F,S,brillants,-6.8142457,brillantes,-9.874437,1
9149,P_NOUN_9_ADJ_b,M,P,les vases avec la boisson qui étaient là depuis hier ne sont pas très compliqués <eos>,14,compliqués,compliquées,12,F,S,compliqués,-6.175926,compliquées,-10.683219,1
9150,P_NOUN_9_ADJ_b,M,P,les vases avec la pomme qui étaient là depuis hier ne sont pas très verts <eos>,14,verts,vertes,12,F,S,verts,-8.7135935,vertes,-14.219768,1
9151,P_NOUN_9_ADJ_b,M,P,les vases avec la pomme qui étaient là depuis hier ne sont pas très bleus <eos>,14,bleus,bleues,12,F,S,bleus,-10.92634,bleues,-15.044329,1
9152,P_NOUN_9_ADJ_b,M,P,les vases avec la pomme qui étaient là depuis hier ne sont pas très noirs <eos>,14,noirs,noires,12,F,S,noirs,-10.30172,noires,-13.472471,1
9153,P_NOUN_9_ADJ_b,M,P,les vases avec la pomme qui étaient là depuis hier ne sont pas très délicats <eos>,14,délicats,délicates,12,F,S,délicats,-6.471079,délicates,-10.948447,1
9154,P_NOUN_9_ADJ_b,M,P,les vases avec la pomme qui étaient là depuis hier ne sont pas très pointus <eos>,14,pointus,pointues,12,F,S,pointus,-9.933686,pointues,-12.364693,1
9155,P_NOUN_9_ADJ_b,M,P,les vases avec la pomme qui étaient là depuis hier ne sont pas très ronds <eos>,14,ronds,rondes,12,F,S,ronds,-9.836431,rondes,-13.376029,1
9156,P_NOUN_9_ADJ_b,M,P,les vases avec la pomme qui étaient là depuis hier ne sont pas très froids <eos>,14,froids,froides,12,F,S,froids,-8.849787,froides,-9.196234,1
9157,P_NOUN_9_ADJ_b,M,P,les vases avec la pomme qui étaient là depuis hier ne sont pas très chauds <eos>,14,chauds,chaudes,12,F,S,chauds,-6.985264,chaudes,-9.845615,1
9158,P_NOUN_9_ADJ_b,M,P,les vases avec la pomme qui étaient là depuis hier ne sont pas très importants <eos>,14,importants,importantes,12,F,S,importants,-4.762989,importantes,-8.354088,1
9159,P_NOUN_9_ADJ_b,M,P,les vases avec la pomme qui étaient là depuis hier ne sont pas très courts <eos>,14,courts,courtes,12,F,S,courts,-6.593729,courtes,-11.008023,1
9160,P_NOUN_9_ADJ_b,M,P,les vases avec la pomme qui étaient là depuis hier ne sont pas très durs <eos>,14,durs,dures,12,F,S,durs,-5.2702146,dures,-7.437018,1
9161,P_NOUN_9_ADJ_b,M,P,les vases avec la pomme qui étaient là depuis hier ne sont pas très clairs <eos>,14,clairs,claires,12,F,S,clairs,-4.4194975,claires,-7.470332,1
9162,P_NOUN_9_ADJ_b,M,P,les vases avec la pomme qui étaient là depuis hier ne sont pas très intéressants <eos>,14,intéressants,intéressantes,12,F,S,intéressants,-5.4566336,intéressantes,-9.263807,1
9163,P_NOUN_9_ADJ_b,M,P,les vases avec la pomme qui étaient là depuis hier ne sont pas très brillants <eos>,14,brillants,brillantes,12,F,S,brillants,-6.7231493,brillantes,-9.669905,1
9164,P_NOUN_9_ADJ_b,M,P,les vases avec la pomme qui étaient là depuis hier ne sont pas très compliqués <eos>,14,compliqués,compliquées,12,F,S,compliqués,-5.9145784,compliquées,-10.25415,1
9165,P_NOUN_9_ADJ_b,M,P,les vases avec la tasse qui étaient là depuis hier ne sont pas très verts <eos>,14,verts,vertes,12,F,S,verts,-8.3928175,vertes,-13.816037,1
9166,P_NOUN_9_ADJ_b,M,P,les vases avec la tasse qui étaient là depuis hier ne sont pas très bleus <eos>,14,bleus,bleues,12,F,S,bleus,-10.294615,bleues,-14.649372,1
9167,P_NOUN_9_ADJ_b,M,P,les vases avec la tasse qui étaient là depuis hier ne sont pas très noirs <eos>,14,noirs,noires,12,F,S,noirs,-9.825398,noires,-12.9128065,1
9168,P_NOUN_9_ADJ_b,M,P,les vases avec la tasse qui étaient là depuis hier ne sont pas très délicats <eos>,14,délicats,délicates,12,F,S,délicats,-6.578045,délicates,-10.140218,1
9169,P_NOUN_9_ADJ_b,M,P,les vases avec la tasse qui étaient là depuis hier ne sont pas très pointus <eos>,14,pointus,pointues,12,F,S,pointus,-10.194077,pointues,-12.299629,1
9170,P_NOUN_9_ADJ_b,M,P,les vases avec la tasse qui étaient là depuis hier ne sont pas très ronds <eos>,14,ronds,rondes,12,F,S,ronds,-9.676777,rondes,-12.9197445,1
9171,P_NOUN_9_ADJ_b,M,P,les vases avec la tasse qui étaient là depuis hier ne sont pas très froids <eos>,14,froids,froides,12,F,S,froids,-8.253723,froides,-8.633175,1
9172,P_NOUN_9_ADJ_b,M,P,les vases avec la tasse qui étaient là depuis hier ne sont pas très chauds <eos>,14,chauds,chaudes,12,F,S,chauds,-6.7454224,chaudes,-9.261502,1
9173,P_NOUN_9_ADJ_b,M,P,les vases avec la tasse qui étaient là depuis hier ne sont pas très importants <eos>,14,importants,importantes,12,F,S,importants,-4.8195276,importantes,-8.195328,1
9174,P_NOUN_9_ADJ_b,M,P,les vases avec la tasse qui étaient là depuis hier ne sont pas très courts <eos>,14,courts,courtes,12,F,S,courts,-6.6512084,courtes,-11.199873,1
9175,P_NOUN_9_ADJ_b,M,P,les vases avec la tasse qui étaient là depuis hier ne sont pas très durs <eos>,14,durs,dures,12,F,S,durs,-5.794256,dures,-8.126608,1
9176,P_NOUN_9_ADJ_b,M,P,les vases avec la tasse qui étaient là depuis hier ne sont pas très clairs <eos>,14,clairs,claires,12,F,S,clairs,-4.6334386,claires,-7.1700854,1
9177,P_NOUN_9_ADJ_b,M,P,les vases avec la tasse qui étaient là depuis hier ne sont pas très intéressants <eos>,14,intéressants,intéressantes,12,F,S,intéressants,-5.8810544,intéressantes,-9.778519,1
9178,P_NOUN_9_ADJ_b,M,P,les vases avec la tasse qui étaient là depuis hier ne sont pas très brillants <eos>,14,brillants,brillantes,12,F,S,brillants,-7.146654,brillantes,-10.412809,1
9179,P_NOUN_9_ADJ_b,M,P,les vases avec la tasse qui étaient là depuis hier ne sont pas très compliqués <eos>,14,compliqués,compliquées,12,F,S,compliqués,-6.2045383,compliquées,-10.8032255,1
9180,P_NOUN_9_ADJ_b,M,P,les vases avec la bougie qui étaient là depuis hier ne sont pas très verts <eos>,14,verts,vertes,12,F,S,verts,-8.57099,vertes,-14.059059,1
9181,P_NOUN_9_ADJ_b,M,P,les vases avec la bougie qui étaient là depuis hier ne sont pas très bleus <eos>,14,bleus,bleues,12,F,S,bleus,-10.57239,bleues,-14.581703,1
9182,P_NOUN_9_ADJ_b,M,P,les vases avec la bougie qui étaient là depuis hier ne sont pas très noirs <eos>,14,noirs,noires,12,F,S,noirs,-10.276027,noires,-13.353349,1
9183,P_NOUN_9_ADJ_b,M,P,les vases avec la bougie qui étaient là depuis hier ne sont pas très délicats <eos>,14,délicats,délicates,12,F,S,délicats,-6.543447,délicates,-10.665066,1
9184,P_NOUN_9_ADJ_b,M,P,les vases avec la bougie qui étaient là depuis hier ne sont pas très pointus <eos>,14,pointus,pointues,12,F,S,pointus,-9.748211,pointues,-12.139664,1
9185,P_NOUN_9_ADJ_b,M,P,les vases avec la bougie qui étaient là depuis hier ne sont pas très ronds <eos>,14,ronds,rondes,12,F,S,ronds,-9.984184,rondes,-13.346409,1
9186,P_NOUN_9_ADJ_b,M,P,les vases avec la bougie qui étaient là depuis hier ne sont pas très froids <eos>,14,froids,froides,12,F,S,froids,-8.611694,froides,-8.832075,1
9187,P_NOUN_9_ADJ_b,M,P,les vases avec la bougie qui étaient là depuis hier ne sont pas très chauds <eos>,14,chauds,chaudes,12,F,S,chauds,-6.9413567,chaudes,-9.825399,1
9188,P_NOUN_9_ADJ_b,M,P,les vases avec la bougie qui étaient là depuis hier ne sont pas très importants <eos>,14,importants,importantes,12,F,S,importants,-5.027856,importantes,-8.624111,1
9189,P_NOUN_9_ADJ_b,M,P,les vases avec la bougie qui étaient là depuis hier ne sont pas très courts <eos>,14,courts,courtes,12,F,S,courts,-6.362042,courtes,-10.721947,1
9190,P_NOUN_9_ADJ_b,M,P,les vases avec la bougie qui étaient là depuis hier ne sont pas très durs <eos>,14,durs,dures,12,F,S,durs,-5.095046,dures,-7.5600386,1
9191,P_NOUN_9_ADJ_b,M,P,les vases avec la bougie qui étaient là depuis hier ne sont pas très clairs <eos>,14,clairs,claires,12,F,S,clairs,-4.253212,claires,-7.410718,1
9192,P_NOUN_9_ADJ_b,M,P,les vases avec la bougie qui étaient là depuis hier ne sont pas très intéressants <eos>,14,intéressants,intéressantes,12,F,S,intéressants,-5.5004325,intéressantes,-9.367182,1
9193,P_NOUN_9_ADJ_b,M,P,les vases avec la bougie qui étaient là depuis hier ne sont pas très brillants <eos>,14,brillants,brillantes,12,F,S,brillants,-6.494957,brillantes,-9.721477,1
9194,P_NOUN_9_ADJ_b,M,P,les vases avec la bougie qui étaient là depuis hier ne sont pas très compliqués <eos>,14,compliqués,compliquées,12,F,S,compliqués,-5.5851965,compliquées,-9.8421545,1
9195,P_NOUN_9_ADJ_b,M,P,les vases avec la pochette qui étaient là depuis hier ne sont pas très verts <eos>,14,verts,vertes,12,F,S,verts,-8.236728,vertes,-13.402177,1
9196,P_NOUN_9_ADJ_b,M,P,les vases avec la pochette qui étaient là depuis hier ne sont pas très bleus <eos>,14,bleus,bleues,12,F,S,bleus,-10.005198,bleues,-13.643267,1
9197,P_NOUN_9_ADJ_b,M,P,les vases avec la pochette qui étaient là depuis hier ne sont pas très noirs <eos>,14,noirs,noires,12,F,S,noirs,-9.633134,noires,-12.742436,1
9198,P_NOUN_9_ADJ_b,M,P,les vases avec la pochette qui étaient là depuis hier ne sont pas très délicats <eos>,14,délicats,délicates,12,F,S,délicats,-7.1115017,délicates,-10.502914,1
9199,P_NOUN_9_ADJ_b,M,P,les vases avec la pochette qui étaient là depuis hier ne sont pas très pointus <eos>,14,pointus,pointues,12,F,S,pointus,-9.733536,pointues,-12.173265,1
9200,P_NOUN_9_ADJ_b,M,P,les vases avec la pochette qui étaient là depuis hier ne sont pas très ronds <eos>,14,ronds,rondes,12,F,S,ronds,-9.5892105,rondes,-13.210941,1
9201,P_NOUN_9_ADJ_b,M,P,les vases avec la pochette qui étaient là depuis hier ne sont pas très froids <eos>,14,froids,froides,12,F,S,froids,-9.871878,froides,-9.389605,0
9202,P_NOUN_9_ADJ_b,M,P,les vases avec la pochette qui étaient là depuis hier ne sont pas très chauds <eos>,14,chauds,chaudes,12,F,S,chauds,-8.470799,chaudes,-10.826009,1
9203,P_NOUN_9_ADJ_b,M,P,les vases avec la pochette qui étaient là depuis hier ne sont pas très importants <eos>,14,importants,importantes,12,F,S,importants,-5.495492,importantes,-9.314579,1
9204,P_NOUN_9_ADJ_b,M,P,les vases avec la pochette qui étaient là depuis hier ne sont pas très courts <eos>,14,courts,courtes,12,F,S,courts,-5.9615765,courtes,-10.138402,1
9205,P_NOUN_9_ADJ_b,M,P,les vases avec la pochette qui étaient là depuis hier ne sont pas très durs <eos>,14,durs,dures,12,F,S,durs,-5.838706,dures,-8.7298,1
9206,P_NOUN_9_ADJ_b,M,P,les vases avec la pochette qui étaient là depuis hier ne sont pas très clairs <eos>,14,clairs,claires,12,F,S,clairs,-4.205531,claires,-7.135313,1
9207,P_NOUN_9_ADJ_b,M,P,les vases avec la pochette qui étaient là depuis hier ne sont pas très intéressants <eos>,14,intéressants,intéressantes,12,F,S,intéressants,-5.0399704,intéressantes,-9.359468,1
9208,P_NOUN_9_ADJ_b,M,P,les vases avec la pochette qui étaient là depuis hier ne sont pas très brillants <eos>,14,brillants,brillantes,12,F,S,brillants,-7.198284,brillantes,-10.015495,1
9209,P_NOUN_9_ADJ_b,M,P,les vases avec la pochette qui étaient là depuis hier ne sont pas très compliqués <eos>,14,compliqués,compliquées,12,F,S,compliqués,-5.776752,compliquées,-9.256317,1
9210,P_NOUN_9_ADJ_b,M,P,les vases avec la banane qui étaient là depuis hier ne sont pas très verts <eos>,14,verts,vertes,12,F,S,verts,-8.41193,vertes,-13.652332,1
9211,P_NOUN_9_ADJ_b,M,P,les vases avec la banane qui étaient là depuis hier ne sont pas très bleus <eos>,14,bleus,bleues,12,F,S,bleus,-10.427397,bleues,-14.28116,1
9212,P_NOUN_9_ADJ_b,M,P,les vases avec la banane qui étaient là depuis hier ne sont pas très noirs <eos>,14,noirs,noires,12,F,S,noirs,-9.661655,noires,-13.032993,1
9213,P_NOUN_9_ADJ_b,M,P,les vases avec la banane qui étaient là depuis hier ne sont pas très délicats <eos>,14,délicats,délicates,12,F,S,délicats,-6.7237434,délicates,-10.812959,1
9214,P_NOUN_9_ADJ_b,M,P,les vases avec la banane qui étaient là depuis hier ne sont pas très pointus <eos>,14,pointus,pointues,12,F,S,pointus,-10.056784,pointues,-12.664918,1
9215,P_NOUN_9_ADJ_b,M,P,les vases avec la banane qui étaient là depuis hier ne sont pas très ronds <eos>,14,ronds,rondes,12,F,S,ronds,-9.595595,rondes,-13.672015,1
9216,P_NOUN_9_ADJ_b,M,P,les vases avec la banane qui étaient là depuis hier ne sont pas très froids <eos>,14,froids,froides,12,F,S,froids,-8.108921,froides,-8.920402,1
9217,P_NOUN_9_ADJ_b,M,P,les vases avec la banane qui étaient là depuis hier ne sont pas très chauds <eos>,14,chauds,chaudes,12,F,S,chauds,-6.811784,chaudes,-9.364181,1
9218,P_NOUN_9_ADJ_b,M,P,les vases avec la banane qui étaient là depuis hier ne sont pas très importants <eos>,14,importants,importantes,12,F,S,importants,-4.9596996,importantes,-8.41255,1
9219,P_NOUN_9_ADJ_b,M,P,les vases avec la banane qui étaient là depuis hier ne sont pas très courts <eos>,14,courts,courtes,12,F,S,courts,-6.367243,courtes,-10.997305,1
9220,P_NOUN_9_ADJ_b,M,P,les vases avec la banane qui étaient là depuis hier ne sont pas très durs <eos>,14,durs,dures,12,F,S,durs,-5.243859,dures,-7.1865115,1
9221,P_NOUN_9_ADJ_b,M,P,les vases avec la banane qui étaient là depuis hier ne sont pas très clairs <eos>,14,clairs,claires,12,F,S,clairs,-3.8989115,claires,-7.106558,1
9222,P_NOUN_9_ADJ_b,M,P,les vases avec la banane qui étaient là depuis hier ne sont pas très intéressants <eos>,14,intéressants,intéressantes,12,F,S,intéressants,-5.903631,intéressantes,-9.506209,1
9223,P_NOUN_9_ADJ_b,M,P,les vases avec la banane qui étaient là depuis hier ne sont pas très brillants <eos>,14,brillants,brillantes,12,F,S,brillants,-6.613097,brillantes,-9.387258,1
9224,P_NOUN_9_ADJ_b,M,P,les vases avec la banane qui étaient là depuis hier ne sont pas très compliqués <eos>,14,compliqués,compliquées,12,F,S,compliqués,-6.251308,compliquées,-10.470154,1
9225,P_NOUN_9_ADJ_b,M,P,les vases avec la robe qui étaient là depuis hier ne sont pas très verts <eos>,14,verts,vertes,12,F,S,verts,-8.464383,vertes,-13.768568,1
9226,P_NOUN_9_ADJ_b,M,P,les vases avec la robe qui étaient là depuis hier ne sont pas très bleus <eos>,14,bleus,bleues,12,F,S,bleus,-9.925755,bleues,-14.077127,1
9227,P_NOUN_9_ADJ_b,M,P,les vases avec la robe qui étaient là depuis hier ne sont pas très noirs <eos>,14,noirs,noires,12,F,S,noirs,-9.753903,noires,-12.889525,1
9228,P_NOUN_9_ADJ_b,M,P,les vases avec la robe qui étaient là depuis hier ne sont pas très délicats <eos>,14,délicats,délicates,12,F,S,délicats,-7.125152,délicates,-11.050486,1
9229,P_NOUN_9_ADJ_b,M,P,les vases avec la robe qui étaient là depuis hier ne sont pas très pointus <eos>,14,pointus,pointues,12,F,S,pointus,-9.909872,pointues,-12.238189,1
9230,P_NOUN_9_ADJ_b,M,P,les vases avec la robe qui étaient là depuis hier ne sont pas très ronds <eos>,14,ronds,rondes,12,F,S,ronds,-10.136622,rondes,-13.383414,1
9231,P_NOUN_9_ADJ_b,M,P,les vases avec la robe qui étaient là depuis hier ne sont pas très froids <eos>,14,froids,froides,12,F,S,froids,-8.661371,froides,-9.02402,1
9232,P_NOUN_9_ADJ_b,M,P,les vases avec la robe qui étaient là depuis hier ne sont pas très chauds <eos>,14,chauds,chaudes,12,F,S,chauds,-6.5783916,chaudes,-9.904699,1
9233,P_NOUN_9_ADJ_b,M,P,les vases avec la robe qui étaient là depuis hier ne sont pas très importants <eos>,14,importants,importantes,12,F,S,importants,-5.0196576,importantes,-8.454866,1
9234,P_NOUN_9_ADJ_b,M,P,les vases avec la robe qui étaient là depuis hier ne sont pas très courts <eos>,14,courts,courtes,12,F,S,courts,-6.511241,courtes,-10.339037,1
9235,P_NOUN_9_ADJ_b,M,P,les vases avec la robe qui étaient là depuis hier ne sont pas très durs <eos>,14,durs,dures,12,F,S,durs,-5.5907764,dures,-7.728262,1
9236,P_NOUN_9_ADJ_b,M,P,les vases avec la robe qui étaient là depuis hier ne sont pas très clairs <eos>,14,clairs,claires,12,F,S,clairs,-3.3648586,claires,-7.1475325,1
9237,P_NOUN_9_ADJ_b,M,P,les vases avec la robe qui étaient là depuis hier ne sont pas très intéressants <eos>,14,intéressants,intéressantes,12,F,S,intéressants,-5.972217,intéressantes,-9.766876,1
9238,P_NOUN_9_ADJ_b,M,P,les vases avec la robe qui étaient là depuis hier ne sont pas très brillants <eos>,14,brillants,brillantes,12,F,S,brillants,-6.662407,brillantes,-9.321041,1
9239,P_NOUN_9_ADJ_b,M,P,les vases avec la robe qui étaient là depuis hier ne sont pas très compliqués <eos>,14,compliqués,compliquées,12,F,S,compliqués,-5.9236097,compliquées,-10.347737,1
9240,P_NOUN_9_ADJ_b,M,P,les vases avec la valise qui étaient là depuis hier ne sont pas très verts <eos>,14,verts,vertes,12,F,S,verts,-8.850638,vertes,-13.439258,1
9241,P_NOUN_9_ADJ_b,M,P,les vases avec la valise qui étaient là depuis hier ne sont pas très bleus <eos>,14,bleus,bleues,12,F,S,bleus,-10.107806,bleues,-14.369478,1
9242,P_NOUN_9_ADJ_b,M,P,les vases avec la valise qui étaient là depuis hier ne sont pas très noirs <eos>,14,noirs,noires,12,F,S,noirs,-10.2212515,noires,-12.945647,1
9243,P_NOUN_9_ADJ_b,M,P,les vases avec la valise qui étaient là depuis hier ne sont pas très délicats <eos>,14,délicats,délicates,12,F,S,délicats,-7.4316683,délicates,-10.495832,1
9244,P_NOUN_9_ADJ_b,M,P,les vases avec la valise qui étaient là depuis hier ne sont pas très pointus <eos>,14,pointus,pointues,12,F,S,pointus,-9.010437,pointues,-11.9168,1
9245,P_NOUN_9_ADJ_b,M,P,les vases avec la valise qui étaient là depuis hier ne sont pas très ronds <eos>,14,ronds,rondes,12,F,S,ronds,-10.400874,rondes,-13.206349,1
9246,P_NOUN_9_ADJ_b,M,P,les vases avec la valise qui étaient là depuis hier ne sont pas très froids <eos>,14,froids,froides,12,F,S,froids,-9.423955,froides,-9.043989,0
9247,P_NOUN_9_ADJ_b,M,P,les vases avec la valise qui étaient là depuis hier ne sont pas très chauds <eos>,14,chauds,chaudes,12,F,S,chauds,-7.2145596,chaudes,-10.43571,1
9248,P_NOUN_9_ADJ_b,M,P,les vases avec la valise qui étaient là depuis hier ne sont pas très importants <eos>,14,importants,importantes,12,F,S,importants,-5.327004,importantes,-8.928551,1
9249,P_NOUN_9_ADJ_b,M,P,les vases avec la valise qui étaient là depuis hier ne sont pas très courts <eos>,14,courts,courtes,12,F,S,courts,-6.3494368,courtes,-10.348792,1
9250,P_NOUN_9_ADJ_b,M,P,les vases avec la valise qui étaient là depuis hier ne sont pas très durs <eos>,14,durs,dures,12,F,S,durs,-5.6872625,dures,-8.410783,1
9251,P_NOUN_9_ADJ_b,M,P,les vases avec la valise qui étaient là depuis hier ne sont pas très clairs <eos>,14,clairs,claires,12,F,S,clairs,-4.70905,claires,-7.7487707,1
9252,P_NOUN_9_ADJ_b,M,P,les vases avec la valise qui étaient là depuis hier ne sont pas très intéressants <eos>,14,intéressants,intéressantes,12,F,S,intéressants,-5.2875004,intéressantes,-9.727941,1
9253,P_NOUN_9_ADJ_b,M,P,les vases avec la valise qui étaient là depuis hier ne sont pas très brillants <eos>,14,brillants,brillantes,12,F,S,brillants,-6.8208156,brillantes,-10.409103,1
9254,P_NOUN_9_ADJ_b,M,P,les vases avec la valise qui étaient là depuis hier ne sont pas très compliqués <eos>,14,compliqués,compliquées,12,F,S,compliqués,-5.5422344,compliquées,-9.901729,1
9255,P_NOUN_9_ADJ_b,M,P,les vases avec la pendule qui étaient là depuis hier ne sont pas très verts <eos>,14,verts,vertes,12,F,S,verts,-8.301602,vertes,-13.63194,1
9256,P_NOUN_9_ADJ_b,M,P,les vases avec la pendule qui étaient là depuis hier ne sont pas très bleus <eos>,14,bleus,bleues,12,F,S,bleus,-10.844078,bleues,-14.547862,1
9257,P_NOUN_9_ADJ_b,M,P,les vases avec la pendule qui étaient là depuis hier ne sont pas très noirs <eos>,14,noirs,noires,12,F,S,noirs,-10.59154,noires,-13.346186,1
9258,P_NOUN_9_ADJ_b,M,P,les vases avec la pendule qui étaient là depuis hier ne sont pas très délicats <eos>,14,délicats,délicates,12,F,S,délicats,-6.9772253,délicates,-11.078547,1
9259,P_NOUN_9_ADJ_b,M,P,les vases avec la pendule qui étaient là depuis hier ne sont pas très pointus <eos>,14,pointus,pointues,12,F,S,pointus,-9.172512,pointues,-11.7976265,1
9260,P_NOUN_9_ADJ_b,M,P,les vases avec la pendule qui étaient là depuis hier ne sont pas très ronds <eos>,14,ronds,rondes,12,F,S,ronds,-9.9911,rondes,-13.314737,1
9261,P_NOUN_9_ADJ_b,M,P,les vases avec la pendule qui étaient là depuis hier ne sont pas très froids <eos>,14,froids,froides,12,F,S,froids,-8.958011,froides,-9.039639,1
9262,P_NOUN_9_ADJ_b,M,P,les vases avec la pendule qui étaient là depuis hier ne sont pas très chauds <eos>,14,chauds,chaudes,12,F,S,chauds,-6.656232,chaudes,-10.020273,1
9263,P_NOUN_9_ADJ_b,M,P,les vases avec la pendule qui étaient là depuis hier ne sont pas très importants <eos>,14,importants,importantes,12,F,S,importants,-5.217004,importantes,-8.824913,1
9264,P_NOUN_9_ADJ_b,M,P,les vases avec la pendule qui étaient là depuis hier ne sont pas très courts <eos>,14,courts,courtes,12,F,S,courts,-6.32826,courtes,-10.547981,1
9265,P_NOUN_9_ADJ_b,M,P,les vases avec la pendule qui étaient là depuis hier ne sont pas très durs <eos>,14,durs,dures,12,F,S,durs,-4.891449,dures,-7.6931496,1
9266,P_NOUN_9_ADJ_b,M,P,les vases avec la pendule qui étaient là depuis hier ne sont pas très clairs <eos>,14,clairs,claires,12,F,S,clairs,-4.532237,claires,-7.514141,1
9267,P_NOUN_9_ADJ_b,M,P,les vases avec la pendule qui étaient là depuis hier ne sont pas très intéressants <eos>,14,intéressants,intéressantes,12,F,S,intéressants,-5.544875,intéressantes,-9.464659,1
9268,P_NOUN_9_ADJ_b,M,P,les vases avec la pendule qui étaient là depuis hier ne sont pas très brillants <eos>,14,brillants,brillantes,12,F,S,brillants,-6.3261766,brillantes,-9.374276,1
9269,P_NOUN_9_ADJ_b,M,P,les vases avec la pendule qui étaient là depuis hier ne sont pas très compliqués <eos>,14,compliqués,compliquées,12,F,S,compliqués,-5.233802,compliquées,-9.7924795,1
9270,P_NOUN_9_ADJ_b,M,P,les vases avec la cloche qui étaient là depuis hier ne sont pas très verts <eos>,14,verts,vertes,12,F,S,verts,-8.816427,vertes,-14.244459,1
9271,P_NOUN_9_ADJ_b,M,P,les vases avec la cloche qui étaient là depuis hier ne sont pas très bleus <eos>,14,bleus,bleues,12,F,S,bleus,-10.813649,bleues,-14.935071,1
9272,P_NOUN_9_ADJ_b,M,P,les vases avec la cloche qui étaient là depuis hier ne sont pas très noirs <eos>,14,noirs,noires,12,F,S,noirs,-10.724386,noires,-13.779197,1
9273,P_NOUN_9_ADJ_b,M,P,les vases avec la cloche qui étaient là depuis hier ne sont pas très délicats <eos>,14,délicats,délicates,12,F,S,délicats,-6.8292966,délicates,-10.714727,1
9274,P_NOUN_9_ADJ_b,M,P,les vases avec la cloche qui étaient là depuis hier ne sont pas très pointus <eos>,14,pointus,pointues,12,F,S,pointus,-9.719254,pointues,-12.285207,1
9275,P_NOUN_9_ADJ_b,M,P,les vases avec la cloche qui étaient là depuis hier ne sont pas très ronds <eos>,14,ronds,rondes,12,F,S,ronds,-9.830124,rondes,-13.050165,1
9276,P_NOUN_9_ADJ_b,M,P,les vases avec la cloche qui étaient là depuis hier ne sont pas très froids <eos>,14,froids,froides,12,F,S,froids,-9.295317,froides,-10.097591,1
9277,P_NOUN_9_ADJ_b,M,P,les vases avec la cloche qui étaient là depuis hier ne sont pas très chauds <eos>,14,chauds,chaudes,12,F,S,chauds,-7.7978067,chaudes,-10.563213,1
9278,P_NOUN_9_ADJ_b,M,P,les vases avec la cloche qui étaient là depuis hier ne sont pas très importants <eos>,14,importants,importantes,12,F,S,importants,-4.699691,importantes,-8.677373,1
9279,P_NOUN_9_ADJ_b,M,P,les vases avec la cloche qui étaient là depuis hier ne sont pas très courts <eos>,14,courts,courtes,12,F,S,courts,-6.4558926,courtes,-10.771968,1
9280,P_NOUN_9_ADJ_b,M,P,les vases avec la cloche qui étaient là depuis hier ne sont pas très durs <eos>,14,durs,dures,12,F,S,durs,-5.7442017,dures,-8.066443,1
9281,P_NOUN_9_ADJ_b,M,P,les vases avec la cloche qui étaient là depuis hier ne sont pas très clairs <eos>,14,clairs,claires,12,F,S,clairs,-4.4153576,claires,-7.8000746,1
9282,P_NOUN_9_ADJ_b,M,P,les vases avec la cloche qui étaient là depuis hier ne sont pas très intéressants <eos>,14,intéressants,intéressantes,12,F,S,intéressants,-4.919303,intéressantes,-9.244055,1
9283,P_NOUN_9_ADJ_b,M,P,les vases avec la cloche qui étaient là depuis hier ne sont pas très brillants <eos>,14,brillants,brillantes,12,F,S,brillants,-6.781994,brillantes,-10.120343,1
9284,P_NOUN_9_ADJ_b,M,P,les vases avec la cloche qui étaient là depuis hier ne sont pas très compliqués <eos>,14,compliqués,compliquées,12,F,S,compliqués,-5.7750216,compliquées,-9.901892,1
9285,P_NOUN_9_ADJ_b,M,P,les vases avec la cerise qui étaient là depuis hier ne sont pas très verts <eos>,14,verts,vertes,12,F,S,verts,-8.457874,vertes,-13.845809,1
9286,P_NOUN_9_ADJ_b,M,P,les vases avec la cerise qui étaient là depuis hier ne sont pas très bleus <eos>,14,bleus,bleues,12,F,S,bleus,-10.773159,bleues,-14.937038,1
9287,P_NOUN_9_ADJ_b,M,P,les vases avec la cerise qui étaient là depuis hier ne sont pas très noirs <eos>,14,noirs,noires,12,F,S,noirs,-10.323692,noires,-13.52057,1
9288,P_NOUN_9_ADJ_b,M,P,les vases avec la cerise qui étaient là depuis hier ne sont pas très délicats <eos>,14,délicats,délicates,12,F,S,délicats,-6.362932,délicates,-10.574371,1
9289,P_NOUN_9_ADJ_b,M,P,les vases avec la cerise qui étaient là depuis hier ne sont pas très pointus <eos>,14,pointus,pointues,12,F,S,pointus,-10.240694,pointues,-12.436104,1
9290,P_NOUN_9_ADJ_b,M,P,les vases avec la cerise qui étaient là depuis hier ne sont pas très ronds <eos>,14,ronds,rondes,12,F,S,ronds,-9.749919,rondes,-13.620645,1
9291,P_NOUN_9_ADJ_b,M,P,les vases avec la cerise qui étaient là depuis hier ne sont pas très froids <eos>,14,froids,froides,12,F,S,froids,-8.206297,froides,-8.872964,1
9292,P_NOUN_9_ADJ_b,M,P,les vases avec la cerise qui étaient là depuis hier ne sont pas très chauds <eos>,14,chauds,chaudes,12,F,S,chauds,-6.5905247,chaudes,-9.4379835,1
9293,P_NOUN_9_ADJ_b,M,P,les vases avec la cerise qui étaient là depuis hier ne sont pas très importants <eos>,14,importants,importantes,12,F,S,importants,-5.003609,importantes,-8.466337,1
9294,P_NOUN_9_ADJ_b,M,P,les vases avec la cerise qui étaient là depuis hier ne sont pas très courts <eos>,14,courts,courtes,12,F,S,courts,-6.8735733,courtes,-11.456889,1
9295,P_NOUN_9_ADJ_b,M,P,les vases avec la cerise qui étaient là depuis hier ne sont pas très durs <eos>,14,durs,dures,12,F,S,durs,-5.415376,dures,-7.5755763,1
9296,P_NOUN_9_ADJ_b,M,P,les vases avec la cerise qui étaient là depuis hier ne sont pas très clairs <eos>,14,clairs,claires,12,F,S,clairs,-4.367561,claires,-7.302942,1
9297,P_NOUN_9_ADJ_b,M,P,les vases avec la cerise qui étaient là depuis hier ne sont pas très intéressants <eos>,14,intéressants,intéressantes,12,F,S,intéressants,-5.8644676,intéressantes,-9.321455,1
9298,P_NOUN_9_ADJ_b,M,P,les vases avec la cerise qui étaient là depuis hier ne sont pas très brillants <eos>,14,brillants,brillantes,12,F,S,brillants,-6.4485025,brillantes,-9.518054,1
9299,P_NOUN_9_ADJ_b,M,P,les vases avec la cerise qui étaient là depuis hier ne sont pas très compliqués <eos>,14,compliqués,compliquées,12,F,S,compliqués,-6.123127,compliquées,-10.543725,1
9300,P_NOUN_9_ADJ_b,M,P,les paniers avec la gemme qui étaient là depuis hier ne sont pas très verts <eos>,14,verts,vertes,12,F,S,verts,-7.612976,vertes,-12.796444,1
9301,P_NOUN_9_ADJ_b,M,P,les paniers avec la gemme qui étaient là depuis hier ne sont pas très bleus <eos>,14,bleus,bleues,12,F,S,bleus,-9.112383,bleues,-13.589296,1
9302,P_NOUN_9_ADJ_b,M,P,les paniers avec la gemme qui étaient là depuis hier ne sont pas très noirs <eos>,14,noirs,noires,12,F,S,noirs,-9.2789135,noires,-11.645328,1
9303,P_NOUN_9_ADJ_b,M,P,les paniers avec la gemme qui étaient là depuis hier ne sont pas très délicats <eos>,14,délicats,délicates,12,F,S,délicats,-6.9809012,délicates,-10.615147,1
9304,P_NOUN_9_ADJ_b,M,P,les paniers avec la gemme qui étaient là depuis hier ne sont pas très pointus <eos>,14,pointus,pointues,12,F,S,pointus,-9.563153,pointues,-11.381586,1
9305,P_NOUN_9_ADJ_b,M,P,les paniers avec la gemme qui étaient là depuis hier ne sont pas très ronds <eos>,14,ronds,rondes,12,F,S,ronds,-9.6970005,rondes,-12.587296,1
9306,P_NOUN_9_ADJ_b,M,P,les paniers avec la gemme qui étaient là depuis hier ne sont pas très froids <eos>,14,froids,froides,12,F,S,froids,-7.8695736,froides,-7.868699,0
9307,P_NOUN_9_ADJ_b,M,P,les paniers avec la gemme qui étaient là depuis hier ne sont pas très chauds <eos>,14,chauds,chaudes,12,F,S,chauds,-6.03551,chaudes,-9.386631,1
9308,P_NOUN_9_ADJ_b,M,P,les paniers avec la gemme qui étaient là depuis hier ne sont pas très importants <eos>,14,importants,importantes,12,F,S,importants,-5.534971,importantes,-7.9513054,1
9309,P_NOUN_9_ADJ_b,M,P,les paniers avec la gemme qui étaient là depuis hier ne sont pas très courts <eos>,14,courts,courtes,12,F,S,courts,-5.7188473,courtes,-9.468455,1
9310,P_NOUN_9_ADJ_b,M,P,les paniers avec la gemme qui étaient là depuis hier ne sont pas très durs <eos>,14,durs,dures,12,F,S,durs,-4.8667774,dures,-6.9083595,1
9311,P_NOUN_9_ADJ_b,M,P,les paniers avec la gemme qui étaient là depuis hier ne sont pas très clairs <eos>,14,clairs,claires,12,F,S,clairs,-4.112648,claires,-7.293935,1
9312,P_NOUN_9_ADJ_b,M,P,les paniers avec la gemme qui étaient là depuis hier ne sont pas très intéressants <eos>,14,intéressants,intéressantes,12,F,S,intéressants,-6.3819904,intéressantes,-9.043116,1
9313,P_NOUN_9_ADJ_b,M,P,les paniers avec la gemme qui étaient là depuis hier ne sont pas très brillants <eos>,14,brillants,brillantes,12,F,S,brillants,-6.255422,brillantes,-9.665407,1
9314,P_NOUN_9_ADJ_b,M,P,les paniers avec la gemme qui étaient là depuis hier ne sont pas très compliqués <eos>,14,compliqués,compliquées,12,F,S,compliqués,-5.9302654,compliquées,-9.766942,1
9315,P_NOUN_9_ADJ_b,M,P,les paniers avec la chaise qui étaient là depuis hier ne sont pas très verts <eos>,14,verts,vertes,12,F,S,verts,-8.1510315,vertes,-13.363572,1
9316,P_NOUN_9_ADJ_b,M,P,les paniers avec la chaise qui étaient là depuis hier ne sont pas très bleus <eos>,14,bleus,bleues,12,F,S,bleus,-9.434748,bleues,-13.862043,1
9317,P_NOUN_9_ADJ_b,M,P,les paniers avec la chaise qui étaient là depuis hier ne sont pas très noirs <eos>,14,noirs,noires,12,F,S,noirs,-9.210066,noires,-11.792528,1
9318,P_NOUN_9_ADJ_b,M,P,les paniers avec la chaise qui étaient là depuis hier ne sont pas très délicats <eos>,14,délicats,délicates,12,F,S,délicats,-7.396777,délicates,-11.127756,1
9319,P_NOUN_9_ADJ_b,M,P,les paniers avec la chaise qui étaient là depuis hier ne sont pas très pointus <eos>,14,pointus,pointues,12,F,S,pointus,-9.449298,pointues,-11.068965,1
9320,P_NOUN_9_ADJ_b,M,P,les paniers avec la chaise qui étaient là depuis hier ne sont pas très ronds <eos>,14,ronds,rondes,12,F,S,ronds,-9.20496,rondes,-11.852926,1
9321,P_NOUN_9_ADJ_b,M,P,les paniers avec la chaise qui étaient là depuis hier ne sont pas très froids <eos>,14,froids,froides,12,F,S,froids,-8.798403,froides,-8.648375,0
9322,P_NOUN_9_ADJ_b,M,P,les paniers avec la chaise qui étaient là depuis hier ne sont pas très chauds <eos>,14,chauds,chaudes,12,F,S,chauds,-6.7833014,chaudes,-10.538407,1
9323,P_NOUN_9_ADJ_b,M,P,les paniers avec la chaise qui étaient là depuis hier ne sont pas très importants <eos>,14,importants,importantes,12,F,S,importants,-5.9061794,importantes,-8.574023,1
9324,P_NOUN_9_ADJ_b,M,P,les paniers avec la chaise qui étaient là depuis hier ne sont pas très courts <eos>,14,courts,courtes,12,F,S,courts,-5.4979744,courtes,-8.986969,1
9325,P_NOUN_9_ADJ_b,M,P,les paniers avec la chaise qui étaient là depuis hier ne sont pas très durs <eos>,14,durs,dures,12,F,S,durs,-4.72764,dures,-7.400421,1
9326,P_NOUN_9_ADJ_b,M,P,les paniers avec la chaise qui étaient là depuis hier ne sont pas très clairs <eos>,14,clairs,claires,12,F,S,clairs,-4.533759,claires,-7.777357,1
9327,P_NOUN_9_ADJ_b,M,P,les paniers avec la chaise qui étaient là depuis hier ne sont pas très intéressants <eos>,14,intéressants,intéressantes,12,F,S,intéressants,-6.575391,intéressantes,-9.515145,1
9328,P_NOUN_9_ADJ_b,M,P,les paniers avec la chaise qui étaient là depuis hier ne sont pas très brillants <eos>,14,brillants,brillantes,12,F,S,brillants,-6.9068656,brillantes,-10.151192,1
9329,P_NOUN_9_ADJ_b,M,P,les paniers avec la chaise qui étaient là depuis hier ne sont pas très compliqués <eos>,14,compliqués,compliquées,12,F,S,compliqués,-5.816478,compliquées,-9.47363,1
9330,P_NOUN_9_ADJ_b,M,P,les paniers avec la poubelle qui étaient là depuis hier ne sont pas très verts <eos>,14,verts,vertes,12,F,S,verts,-8.026874,vertes,-12.826761,1
9331,P_NOUN_9_ADJ_b,M,P,les paniers avec la poubelle qui étaient là depuis hier ne sont pas très bleus <eos>,14,bleus,bleues,12,F,S,bleus,-9.451092,bleues,-13.757841,1
9332,P_NOUN_9_ADJ_b,M,P,les paniers avec la poubelle qui étaient là depuis hier ne sont pas très noirs <eos>,14,noirs,noires,12,F,S,noirs,-9.478188,noires,-11.867849,1
9333,P_NOUN_9_ADJ_b,M,P,les paniers avec la poubelle qui étaient là depuis hier ne sont pas très délicats <eos>,14,délicats,délicates,12,F,S,délicats,-7.279663,délicates,-10.93694,1
9334,P_NOUN_9_ADJ_b,M,P,les paniers avec la poubelle qui étaient là depuis hier ne sont pas très pointus <eos>,14,pointus,pointues,12,F,S,pointus,-9.578633,pointues,-11.197432,1
9335,P_NOUN_9_ADJ_b,M,P,les paniers avec la poubelle qui étaient là depuis hier ne sont pas très ronds <eos>,14,ronds,rondes,12,F,S,ronds,-9.864103,rondes,-12.318642,1
9336,P_NOUN_9_ADJ_b,M,P,les paniers avec la poubelle qui étaient là depuis hier ne sont pas très froids <eos>,14,froids,froides,12,F,S,froids,-8.420618,froides,-7.9495826,0
9337,P_NOUN_9_ADJ_b,M,P,les paniers avec la poubelle qui étaient là depuis hier ne sont pas très chauds <eos>,14,chauds,chaudes,12,F,S,chauds,-6.2861805,chaudes,-9.884843,1
9338,P_NOUN_9_ADJ_b,M,P,les paniers avec la poubelle qui étaient là depuis hier ne sont pas très importants <eos>,14,importants,importantes,12,F,S,importants,-5.971218,importantes,-8.530542,1
9339,P_NOUN_9_ADJ_b,M,P,les paniers avec la poubelle qui étaient là depuis hier ne sont pas très courts <eos>,14,courts,courtes,12,F,S,courts,-5.836404,courtes,-9.294181,1
9340,P_NOUN_9_ADJ_b,M,P,les paniers avec la poubelle qui étaient là depuis hier ne sont pas très durs <eos>,14,durs,dures,12,F,S,durs,-4.8930464,dures,-7.530237,1
9341,P_NOUN_9_ADJ_b,M,P,les paniers avec la poubelle qui étaient là depuis hier ne sont pas très clairs <eos>,14,clairs,claires,12,F,S,clairs,-4.7886467,claires,-7.6144676,1
9342,P_NOUN_9_ADJ_b,M,P,les paniers avec la poubelle qui étaient là depuis hier ne sont pas très intéressants <eos>,14,intéressants,intéressantes,12,F,S,intéressants,-6.410208,intéressantes,-9.300018,1
9343,P_NOUN_9_ADJ_b,M,P,les paniers avec la poubelle qui étaient là depuis hier ne sont pas très brillants <eos>,14,brillants,brillantes,12,F,S,brillants,-6.959299,brillantes,-10.333939,1
9344,P_NOUN_9_ADJ_b,M,P,les paniers avec la poubelle qui étaient là depuis hier ne sont pas très compliqués <eos>,14,compliqués,compliquées,12,F,S,compliqués,-5.838835,compliquées,-9.721882,1
9345,P_NOUN_9_ADJ_b,M,P,les paniers avec la chemise qui étaient là depuis hier ne sont pas très verts <eos>,14,verts,vertes,12,F,S,verts,-7.83564,vertes,-12.974944,1
9346,P_NOUN_9_ADJ_b,M,P,les paniers avec la chemise qui étaient là depuis hier ne sont pas très bleus <eos>,14,bleus,bleues,12,F,S,bleus,-8.813431,bleues,-13.445585,1
9347,P_NOUN_9_ADJ_b,M,P,les paniers avec la chemise qui étaient là depuis hier ne sont pas très noirs <eos>,14,noirs,noires,12,F,S,noirs,-8.866406,noires,-11.505799,1
9348,P_NOUN_9_ADJ_b,M,P,les paniers avec la chemise qui étaient là depuis hier ne sont pas très délicats <eos>,14,délicats,délicates,12,F,S,délicats,-7.415517,délicates,-11.072165,1
9349,P_NOUN_9_ADJ_b,M,P,les paniers avec la chemise qui étaient là depuis hier ne sont pas très pointus <eos>,14,pointus,pointues,12,F,S,pointus,-9.207731,pointues,-11.165014,1
9350,P_NOUN_9_ADJ_b,M,P,les paniers avec la chemise qui étaient là depuis hier ne sont pas très ronds <eos>,14,ronds,rondes,12,F,S,ronds,-9.4990425,rondes,-11.845848,1
9351,P_NOUN_9_ADJ_b,M,P,les paniers avec la chemise qui étaient là depuis hier ne sont pas très froids <eos>,14,froids,froides,12,F,S,froids,-8.663531,froides,-8.416801,0
9352,P_NOUN_9_ADJ_b,M,P,les paniers avec la chemise qui étaient là depuis hier ne sont pas très chauds <eos>,14,chauds,chaudes,12,F,S,chauds,-6.3543053,chaudes,-10.554335,1
9353,P_NOUN_9_ADJ_b,M,P,les paniers avec la chemise qui étaient là depuis hier ne sont pas très importants <eos>,14,importants,importantes,12,F,S,importants,-6.0482626,importantes,-8.606177,1
9354,P_NOUN_9_ADJ_b,M,P,les paniers avec la chemise qui étaient là depuis hier ne sont pas très courts <eos>,14,courts,courtes,12,F,S,courts,-5.348065,courtes,-8.862867,1
9355,P_NOUN_9_ADJ_b,M,P,les paniers avec la chemise qui étaient là depuis hier ne sont pas très durs <eos>,14,durs,dures,12,F,S,durs,-4.7941093,dures,-7.37801,1
9356,P_NOUN_9_ADJ_b,M,P,les paniers avec la chemise qui étaient là depuis hier ne sont pas très clairs <eos>,14,clairs,claires,12,F,S,clairs,-4.1987286,claires,-7.7758846,1
9357,P_NOUN_9_ADJ_b,M,P,les paniers avec la chemise qui étaient là depuis hier ne sont pas très intéressants <eos>,14,intéressants,intéressantes,12,F,S,intéressants,-6.643626,intéressantes,-9.588548,1
9358,P_NOUN_9_ADJ_b,M,P,les paniers avec la chemise qui étaient là depuis hier ne sont pas très brillants <eos>,14,brillants,brillantes,12,F,S,brillants,-6.826564,brillantes,-10.427561,1
9359,P_NOUN_9_ADJ_b,M,P,les paniers avec la chemise qui étaient là depuis hier ne sont pas très compliqués <eos>,14,compliqués,compliquées,12,F,S,compliqués,-6.177414,compliquées,-9.7678,1
9360,P_NOUN_9_ADJ_b,M,P,les paniers avec la recette qui étaient là depuis hier ne sont pas très verts <eos>,14,verts,vertes,12,F,S,verts,-8.669261,vertes,-13.046538,1
9361,P_NOUN_9_ADJ_b,M,P,les paniers avec la recette qui étaient là depuis hier ne sont pas très bleus <eos>,14,bleus,bleues,12,F,S,bleus,-9.917383,bleues,-14.126646,1
9362,P_NOUN_9_ADJ_b,M,P,les paniers avec la recette qui étaient là depuis hier ne sont pas très noirs <eos>,14,noirs,noires,12,F,S,noirs,-10.105707,noires,-12.419977,1
9363,P_NOUN_9_ADJ_b,M,P,les paniers avec la recette qui étaient là depuis hier ne sont pas très délicats <eos>,14,délicats,délicates,12,F,S,délicats,-6.9550986,délicates,-10.367134,1
9364,P_NOUN_9_ADJ_b,M,P,les paniers avec la recette qui étaient là depuis hier ne sont pas très pointus <eos>,14,pointus,pointues,12,F,S,pointus,-10.5650625,pointues,-11.789668,1
9365,P_NOUN_9_ADJ_b,M,P,les paniers avec la recette qui étaient là depuis hier ne sont pas très ronds <eos>,14,ronds,rondes,12,F,S,ronds,-10.021833,rondes,-12.655244,1
9366,P_NOUN_9_ADJ_b,M,P,les paniers avec la recette qui étaient là depuis hier ne sont pas très froids <eos>,14,froids,froides,12,F,S,froids,-8.313762,froides,-7.750677,0
9367,P_NOUN_9_ADJ_b,M,P,les paniers avec la recette qui étaient là depuis hier ne sont pas très chauds <eos>,14,chauds,chaudes,12,F,S,chauds,-6.2751746,chaudes,-9.204493,1
9368,P_NOUN_9_ADJ_b,M,P,les paniers avec la recette qui étaient là depuis hier ne sont pas très importants <eos>,14,importants,importantes,12,F,S,importants,-5.578021,importantes,-7.0351954,1
9369,P_NOUN_9_ADJ_b,M,P,les paniers avec la recette qui étaient là depuis hier ne sont pas très courts <eos>,14,courts,courtes,12,F,S,courts,-6.513896,courtes,-8.886865,1
9370,P_NOUN_9_ADJ_b,M,P,les paniers avec la recette qui étaient là depuis hier ne sont pas très durs <eos>,14,durs,dures,12,F,S,durs,-5.0754046,dures,-6.9784293,1
9371,P_NOUN_9_ADJ_b,M,P,les paniers avec la recette qui étaient là depuis hier ne sont pas très clairs <eos>,14,clairs,claires,12,F,S,clairs,-5.283733,claires,-7.1425624,1
9372,P_NOUN_9_ADJ_b,M,P,les paniers avec la recette qui étaient là depuis hier ne sont pas très intéressants <eos>,14,intéressants,intéressantes,12,F,S,intéressants,-6.669714,intéressantes,-8.333512,1
9373,P_NOUN_9_ADJ_b,M,P,les paniers avec la recette qui étaient là depuis hier ne sont pas très brillants <eos>,14,brillants,brillantes,12,F,S,brillants,-7.1878376,brillantes,-9.668253,1
9374,P_NOUN_9_ADJ_b,M,P,les paniers avec la recette qui étaient là depuis hier ne sont pas très compliqués <eos>,14,compliqués,compliquées,12,F,S,compliqués,-6.270515,compliquées,-9.574287,1
9375,P_NOUN_9_ADJ_b,M,P,les paniers avec la jupe qui étaient là depuis hier ne sont pas très verts <eos>,14,verts,vertes,12,F,S,verts,-7.9364786,vertes,-12.649047,1
9376,P_NOUN_9_ADJ_b,M,P,les paniers avec la jupe qui étaient là depuis hier ne sont pas très bleus <eos>,14,bleus,bleues,12,F,S,bleus,-9.051001,bleues,-13.198684,1
9377,P_NOUN_9_ADJ_b,M,P,les paniers avec la jupe qui étaient là depuis hier ne sont pas très noirs <eos>,14,noirs,noires,12,F,S,noirs,-9.011116,noires,-11.339708,1
9378,P_NOUN_9_ADJ_b,M,P,les paniers avec la jupe qui étaient là depuis hier ne sont pas très délicats <eos>,14,délicats,délicates,12,F,S,délicats,-7.064872,délicates,-10.639059,1
9379,P_NOUN_9_ADJ_b,M,P,les paniers avec la jupe qui étaient là depuis hier ne sont pas très pointus <eos>,14,pointus,pointues,12,F,S,pointus,-9.357239,pointues,-11.155653,1
9380,P_NOUN_9_ADJ_b,M,P,les paniers avec la jupe qui étaient là depuis hier ne sont pas très ronds <eos>,14,ronds,rondes,12,F,S,ronds,-9.087107,rondes,-11.891229,1
9381,P_NOUN_9_ADJ_b,M,P,les paniers avec la jupe qui étaient là depuis hier ne sont pas très froids <eos>,14,froids,froides,12,F,S,froids,-8.845043,froides,-8.244793,0
9382,P_NOUN_9_ADJ_b,M,P,les paniers avec la jupe qui étaient là depuis hier ne sont pas très chauds <eos>,14,chauds,chaudes,12,F,S,chauds,-6.5408983,chaudes,-10.052352,1
9383,P_NOUN_9_ADJ_b,M,P,les paniers avec la jupe qui étaient là depuis hier ne sont pas très importants <eos>,14,importants,importantes,12,F,S,importants,-5.9090977,importantes,-8.053061,1
9384,P_NOUN_9_ADJ_b,M,P,les paniers avec la jupe qui étaient là depuis hier ne sont pas très courts <eos>,14,courts,courtes,12,F,S,courts,-5.4602704,courtes,-8.686766,1
9385,P_NOUN_9_ADJ_b,M,P,les paniers avec la jupe qui étaient là depuis hier ne sont pas très durs <eos>,14,durs,dures,12,F,S,durs,-4.8761644,dures,-7.360997,1
9386,P_NOUN_9_ADJ_b,M,P,les paniers avec la jupe qui étaient là depuis hier ne sont pas très clairs <eos>,14,clairs,claires,12,F,S,clairs,-4.0642414,claires,-7.167982,1
9387,P_NOUN_9_ADJ_b,M,P,les paniers avec la jupe qui étaient là depuis hier ne sont pas très intéressants <eos>,14,intéressants,intéressantes,12,F,S,intéressants,-6.6377335,intéressantes,-9.129738,1
9388,P_NOUN_9_ADJ_b,M,P,les paniers avec la jupe qui étaient là depuis hier ne sont pas très brillants <eos>,14,brillants,brillantes,12,F,S,brillants,-6.8200088,brillantes,-9.92701,1
9389,P_NOUN_9_ADJ_b,M,P,les paniers avec la jupe qui étaient là depuis hier ne sont pas très compliqués <eos>,14,compliqués,compliquées,12,F,S,compliqués,-6.048043,compliquées,-9.583233,1
9390,P_NOUN_9_ADJ_b,M,P,les paniers avec la colle qui étaient là depuis hier ne sont pas très verts <eos>,14,verts,vertes,12,F,S,verts,-8.062031,vertes,-12.64431,1
9391,P_NOUN_9_ADJ_b,M,P,les paniers avec la colle qui étaient là depuis hier ne sont pas très bleus <eos>,14,bleus,bleues,12,F,S,bleus,-9.633465,bleues,-13.81506,1
9392,P_NOUN_9_ADJ_b,M,P,les paniers avec la colle qui étaient là depuis hier ne sont pas très noirs <eos>,14,noirs,noires,12,F,S,noirs,-9.696564,noires,-11.759795,1
9393,P_NOUN_9_ADJ_b,M,P,les paniers avec la colle qui étaient là depuis hier ne sont pas très délicats <eos>,14,délicats,délicates,12,F,S,délicats,-7.0254517,délicates,-11.072643,1
9394,P_NOUN_9_ADJ_b,M,P,les paniers avec la colle qui étaient là depuis hier ne sont pas très pointus <eos>,14,pointus,pointues,12,F,S,pointus,-9.840856,pointues,-11.450213,1
9395,P_NOUN_9_ADJ_b,M,P,les paniers avec la colle qui étaient là depuis hier ne sont pas très ronds <eos>,14,ronds,rondes,12,F,S,ronds,-9.858496,rondes,-12.424393,1
9396,P_NOUN_9_ADJ_b,M,P,les paniers avec la colle qui étaient là depuis hier ne sont pas très froids <eos>,14,froids,froides,12,F,S,froids,-8.348487,froides,-7.812972,0
9397,P_NOUN_9_ADJ_b,M,P,les paniers avec la colle qui étaient là depuis hier ne sont pas très chauds <eos>,14,chauds,chaudes,12,F,S,chauds,-6.032858,chaudes,-9.204347,1
9398,P_NOUN_9_ADJ_b,M,P,les paniers avec la colle qui étaient là depuis hier ne sont pas très importants <eos>,14,importants,importantes,12,F,S,importants,-5.8897724,importantes,-7.8727684,1
9399,P_NOUN_9_ADJ_b,M,P,les paniers avec la colle qui étaient là depuis hier ne sont pas très courts <eos>,14,courts,courtes,12,F,S,courts,-6.041,courtes,-9.351643,1
9400,P_NOUN_9_ADJ_b,M,P,les paniers avec la colle qui étaient là depuis hier ne sont pas très durs <eos>,14,durs,dures,12,F,S,durs,-4.722154,dures,-6.9784446,1
9401,P_NOUN_9_ADJ_b,M,P,les paniers avec la colle qui étaient là depuis hier ne sont pas très clairs <eos>,14,clairs,claires,12,F,S,clairs,-4.858601,claires,-7.042917,1
9402,P_NOUN_9_ADJ_b,M,P,les paniers avec la colle qui étaient là depuis hier ne sont pas très intéressants <eos>,14,intéressants,intéressantes,12,F,S,intéressants,-6.7185373,intéressantes,-8.974244,1
9403,P_NOUN_9_ADJ_b,M,P,les paniers avec la colle qui étaient là depuis hier ne sont pas très brillants <eos>,14,brillants,brillantes,12,F,S,brillants,-6.7990937,brillantes,-10.053877,1
9404,P_NOUN_9_ADJ_b,M,P,les paniers avec la colle qui étaient là depuis hier ne sont pas très compliqués <eos>,14,compliqués,compliquées,12,F,S,compliqués,-6.2114487,compliquées,-10.153976,1
9405,P_NOUN_9_ADJ_b,M,P,les paniers avec la lampe qui étaient là depuis hier ne sont pas très verts <eos>,14,verts,vertes,12,F,S,verts,-8.028842,vertes,-12.19008,1
9406,P_NOUN_9_ADJ_b,M,P,les paniers avec la lampe qui étaient là depuis hier ne sont pas très bleus <eos>,14,bleus,bleues,12,F,S,bleus,-9.565774,bleues,-13.172088,1
9407,P_NOUN_9_ADJ_b,M,P,les paniers avec la lampe qui étaient là depuis hier ne sont pas très noirs <eos>,14,noirs,noires,12,F,S,noirs,-9.835725,noires,-11.572821,1
9408,P_NOUN_9_ADJ_b,M,P,les paniers avec la lampe qui étaient là depuis hier ne sont pas très délicats <eos>,14,délicats,délicates,12,F,S,délicats,-6.965564,délicates,-10.411843,1
9409,P_NOUN_9_ADJ_b,M,P,les paniers avec la lampe qui étaient là depuis hier ne sont pas très pointus <eos>,14,pointus,pointues,12,F,S,pointus,-9.705172,pointues,-10.89473,1
9410,P_NOUN_9_ADJ_b,M,P,les paniers avec la lampe qui étaient là depuis hier ne sont pas très ronds <eos>,14,ronds,rondes,12,F,S,ronds,-9.6817,rondes,-12.226446,1
9411,P_NOUN_9_ADJ_b,M,P,les paniers avec la lampe qui étaient là depuis hier ne sont pas très froids <eos>,14,froids,froides,12,F,S,froids,-8.356622,froides,-7.5881014,0
9412,P_NOUN_9_ADJ_b,M,P,les paniers avec la lampe qui étaient là depuis hier ne sont pas très chauds <eos>,14,chauds,chaudes,12,F,S,chauds,-6.028096,chaudes,-9.102516,1
9413,P_NOUN_9_ADJ_b,M,P,les paniers avec la lampe qui étaient là depuis hier ne sont pas très importants <eos>,14,importants,importantes,12,F,S,importants,-5.8496695,importantes,-7.6262026,1
9414,P_NOUN_9_ADJ_b,M,P,les paniers avec la lampe qui étaient là depuis hier ne sont pas très courts <eos>,14,courts,courtes,12,F,S,courts,-6.0573125,courtes,-8.762569,1
9415,P_NOUN_9_ADJ_b,M,P,les paniers avec la lampe qui étaient là depuis hier ne sont pas très durs <eos>,14,durs,dures,12,F,S,durs,-4.6498404,dures,-7.11874,1
9416,P_NOUN_9_ADJ_b,M,P,les paniers avec la lampe qui étaient là depuis hier ne sont pas très clairs <eos>,14,clairs,claires,12,F,S,clairs,-4.607103,claires,-6.9234834,1
9417,P_NOUN_9_ADJ_b,M,P,les paniers avec la lampe qui étaient là depuis hier ne sont pas très intéressants <eos>,14,intéressants,intéressantes,12,F,S,intéressants,-6.359287,intéressantes,-8.521706,1
9418,P_NOUN_9_ADJ_b,M,P,les paniers avec la lampe qui étaient là depuis hier ne sont pas très brillants <eos>,14,brillants,brillantes,12,F,S,brillants,-6.477742,brillantes,-9.17909,1
9419,P_NOUN_9_ADJ_b,M,P,les paniers avec la lampe qui étaient là depuis hier ne sont pas très compliqués <eos>,14,compliqués,compliquées,12,F,S,compliqués,-5.7717166,compliquées,-9.484707,1
9420,P_NOUN_9_ADJ_b,M,P,les paniers avec la bouteille qui étaient là depuis hier ne sont pas très verts <eos>,14,verts,vertes,12,F,S,verts,-7.9998674,vertes,-12.863367,1
9421,P_NOUN_9_ADJ_b,M,P,les paniers avec la bouteille qui étaient là depuis hier ne sont pas très bleus <eos>,14,bleus,bleues,12,F,S,bleus,-9.387761,bleues,-13.77841,1
9422,P_NOUN_9_ADJ_b,M,P,les paniers avec la bouteille qui étaient là depuis hier ne sont pas très noirs <eos>,14,noirs,noires,12,F,S,noirs,-9.40774,noires,-11.847463,1
9423,P_NOUN_9_ADJ_b,M,P,les paniers avec la bouteille qui étaient là depuis hier ne sont pas très délicats <eos>,14,délicats,délicates,12,F,S,délicats,-6.466978,délicates,-10.276574,1
9424,P_NOUN_9_ADJ_b,M,P,les paniers avec la bouteille qui étaient là depuis hier ne sont pas très pointus <eos>,14,pointus,pointues,12,F,S,pointus,-10.159454,pointues,-11.536846,1
9425,P_NOUN_9_ADJ_b,M,P,les paniers avec la bouteille qui étaient là depuis hier ne sont pas très ronds <eos>,14,ronds,rondes,12,F,S,ronds,-9.683265,rondes,-12.59914,1
9426,P_NOUN_9_ADJ_b,M,P,les paniers avec la bouteille qui étaient là depuis hier ne sont pas très froids <eos>,14,froids,froides,12,F,S,froids,-7.9384413,froides,-7.265253,0
9427,P_NOUN_9_ADJ_b,M,P,les paniers avec la bouteille qui étaient là depuis hier ne sont pas très chauds <eos>,14,chauds,chaudes,12,F,S,chauds,-6.1740656,chaudes,-8.905637,1
9428,P_NOUN_9_ADJ_b,M,P,les paniers avec la bouteille qui étaient là depuis hier ne sont pas très importants <eos>,14,importants,importantes,12,F,S,importants,-5.5056353,importantes,-7.50657,1
9429,P_NOUN_9_ADJ_b,M,P,les paniers avec la bouteille qui étaient là depuis hier ne sont pas très courts <eos>,14,courts,courtes,12,F,S,courts,-5.9113703,courtes,-9.45855,1
9430,P_NOUN_9_ADJ_b,M,P,les paniers avec la bouteille qui étaient là depuis hier ne sont pas très durs <eos>,14,durs,dures,12,F,S,durs,-4.9857416,dures,-7.202489,1
9431,P_NOUN_9_ADJ_b,M,P,les paniers avec la bouteille qui étaient là depuis hier ne sont pas très clairs <eos>,14,clairs,claires,12,F,S,clairs,-5.154444,claires,-7.0260596,1
9432,P_NOUN_9_ADJ_b,M,P,les paniers avec la bouteille qui étaient là depuis hier ne sont pas très intéressants <eos>,14,intéressants,intéressantes,12,F,S,intéressants,-6.405984,intéressantes,-8.695891,1
9433,P_NOUN_9_ADJ_b,M,P,les paniers avec la bouteille qui étaient là depuis hier ne sont pas très brillants <eos>,14,brillants,brillantes,12,F,S,brillants,-7.041939,brillantes,-10.018621,1
9434,P_NOUN_9_ADJ_b,M,P,les paniers avec la bouteille qui étaient là depuis hier ne sont pas très compliqués <eos>,14,compliqués,compliquées,12,F,S,compliqués,-6.310981,compliquées,-9.962405,1
9435,P_NOUN_9_ADJ_b,M,P,les paniers avec la boisson qui étaient là depuis hier ne sont pas très verts <eos>,14,verts,vertes,12,F,S,verts,-7.8072233,vertes,-12.940128,1
9436,P_NOUN_9_ADJ_b,M,P,les paniers avec la boisson qui étaient là depuis hier ne sont pas très bleus <eos>,14,bleus,bleues,12,F,S,bleus,-9.559829,bleues,-13.934501,1
9437,P_NOUN_9_ADJ_b,M,P,les paniers avec la boisson qui étaient là depuis hier ne sont pas très noirs <eos>,14,noirs,noires,12,F,S,noirs,-9.684965,noires,-12.145661,1
9438,P_NOUN_9_ADJ_b,M,P,les paniers avec la boisson qui étaient là depuis hier ne sont pas très délicats <eos>,14,délicats,délicates,12,F,S,délicats,-6.7560587,délicates,-10.593951,1
9439,P_NOUN_9_ADJ_b,M,P,les paniers avec la boisson qui étaient là depuis hier ne sont pas très pointus <eos>,14,pointus,pointues,12,F,S,pointus,-10.517397,pointues,-12.149799,1
9440,P_NOUN_9_ADJ_b,M,P,les paniers avec la boisson qui étaient là depuis hier ne sont pas très ronds <eos>,14,ronds,rondes,12,F,S,ronds,-10.060548,rondes,-12.697208,1
9441,P_NOUN_9_ADJ_b,M,P,les paniers avec la boisson qui étaient là depuis hier ne sont pas très froids <eos>,14,froids,froides,12,F,S,froids,-7.5982556,froides,-7.5796456,0
9442,P_NOUN_9_ADJ_b,M,P,les paniers avec la boisson qui étaient là depuis hier ne sont pas très chauds <eos>,14,chauds,chaudes,12,F,S,chauds,-5.990589,chaudes,-9.085329,1
9443,P_NOUN_9_ADJ_b,M,P,les paniers avec la boisson qui étaient là depuis hier ne sont pas très importants <eos>,14,importants,importantes,12,F,S,importants,-5.4895563,importantes,-7.536994,1
9444,P_NOUN_9_ADJ_b,M,P,les paniers avec la boisson qui étaient là depuis hier ne sont pas très courts <eos>,14,courts,courtes,12,F,S,courts,-6.3753653,courtes,-9.838864,1
9445,P_NOUN_9_ADJ_b,M,P,les paniers avec la boisson qui étaient là depuis hier ne sont pas très durs <eos>,14,durs,dures,12,F,S,durs,-5.2108994,dures,-6.7838345,1
9446,P_NOUN_9_ADJ_b,M,P,les paniers avec la boisson qui étaient là depuis hier ne sont pas très clairs <eos>,14,clairs,claires,12,F,S,clairs,-5.026185,claires,-7.2206097,1
9447,P_NOUN_9_ADJ_b,M,P,les paniers avec la boisson qui étaient là depuis hier ne sont pas très intéressants <eos>,14,intéressants,intéressantes,12,F,S,intéressants,-6.609156,intéressantes,-8.969,1
9448,P_NOUN_9_ADJ_b,M,P,les paniers avec la boisson qui étaient là depuis hier ne sont pas très brillants <eos>,14,brillants,brillantes,12,F,S,brillants,-7.0230207,brillantes,-10.249755,1
9449,P_NOUN_9_ADJ_b,M,P,les paniers avec la boisson qui étaient là depuis hier ne sont pas très compliqués <eos>,14,compliqués,compliquées,12,F,S,compliqués,-6.649581,compliquées,-10.574473,1
9450,P_NOUN_9_ADJ_b,M,P,les paniers avec la pomme qui étaient là depuis hier ne sont pas très verts <eos>,14,verts,vertes,12,F,S,verts,-8.231221,vertes,-13.205173,1
9451,P_NOUN_9_ADJ_b,M,P,les paniers avec la pomme qui étaient là depuis hier ne sont pas très bleus <eos>,14,bleus,bleues,12,F,S,bleus,-9.579495,bleues,-14.148335,1
9452,P_NOUN_9_ADJ_b,M,P,les paniers avec la pomme qui étaient là depuis hier ne sont pas très noirs <eos>,14,noirs,noires,12,F,S,noirs,-9.421884,noires,-12.222154,1
9453,P_NOUN_9_ADJ_b,M,P,les paniers avec la pomme qui étaient là depuis hier ne sont pas très délicats <eos>,14,délicats,délicates,12,F,S,délicats,-6.8926325,délicates,-10.925021,1
9454,P_NOUN_9_ADJ_b,M,P,les paniers avec la pomme qui étaient là depuis hier ne sont pas très pointus <eos>,14,pointus,pointues,12,F,S,pointus,-9.869646,pointues,-11.701438,1
9455,P_NOUN_9_ADJ_b,M,P,les paniers avec la pomme qui étaient là depuis hier ne sont pas très ronds <eos>,14,ronds,rondes,12,F,S,ronds,-9.6913395,rondes,-12.765999,1
9456,P_NOUN_9_ADJ_b,M,P,les paniers avec la pomme qui étaient là depuis hier ne sont pas très froids <eos>,14,froids,froides,12,F,S,froids,-8.051659,froides,-8.013098,0
9457,P_NOUN_9_ADJ_b,M,P,les paniers avec la pomme qui étaient là depuis hier ne sont pas très chauds <eos>,14,chauds,chaudes,12,F,S,chauds,-6.1814957,chaudes,-9.794235,1
9458,P_NOUN_9_ADJ_b,M,P,les paniers avec la pomme qui étaient là depuis hier ne sont pas très importants <eos>,14,importants,importantes,12,F,S,importants,-5.413526,importantes,-7.9116197,1
9459,P_NOUN_9_ADJ_b,M,P,les paniers avec la pomme qui étaient là depuis hier ne sont pas très courts <eos>,14,courts,courtes,12,F,S,courts,-6.0038323,courtes,-9.57534,1
9460,P_NOUN_9_ADJ_b,M,P,les paniers avec la pomme qui étaient là depuis hier ne sont pas très durs <eos>,14,durs,dures,12,F,S,durs,-4.684986,dures,-7.02299,1
9461,P_NOUN_9_ADJ_b,M,P,les paniers avec la pomme qui étaient là depuis hier ne sont pas très clairs <eos>,14,clairs,claires,12,F,S,clairs,-4.6915,claires,-7.72516,1
9462,P_NOUN_9_ADJ_b,M,P,les paniers avec la pomme qui étaient là depuis hier ne sont pas très intéressants <eos>,14,intéressants,intéressantes,12,F,S,intéressants,-6.3149815,intéressantes,-8.844697,1
9463,P_NOUN_9_ADJ_b,M,P,les paniers avec la pomme qui étaient là depuis hier ne sont pas très brillants <eos>,14,brillants,brillantes,12,F,S,brillants,-6.7490387,brillantes,-10.044584,1
9464,P_NOUN_9_ADJ_b,M,P,les paniers avec la pomme qui étaient là depuis hier ne sont pas très compliqués <eos>,14,compliqués,compliquées,12,F,S,compliqués,-6.193758,compliquées,-10.005693,1
9465,P_NOUN_9_ADJ_b,M,P,les paniers avec la tasse qui étaient là depuis hier ne sont pas très verts <eos>,14,verts,vertes,12,F,S,verts,-7.543021,vertes,-12.61869,1
9466,P_NOUN_9_ADJ_b,M,P,les paniers avec la tasse qui étaient là depuis hier ne sont pas très bleus <eos>,14,bleus,bleues,12,F,S,bleus,-8.900121,bleues,-13.393094,1
9467,P_NOUN_9_ADJ_b,M,P,les paniers avec la tasse qui étaient là depuis hier ne sont pas très noirs <eos>,14,noirs,noires,12,F,S,noirs,-8.75707,noires,-11.4177685,1
9468,P_NOUN_9_ADJ_b,M,P,les paniers avec la tasse qui étaient là depuis hier ne sont pas très délicats <eos>,14,délicats,délicates,12,F,S,délicats,-6.8067036,délicates,-9.692,1
9469,P_NOUN_9_ADJ_b,M,P,les paniers avec la tasse qui étaient là depuis hier ne sont pas très pointus <eos>,14,pointus,pointues,12,F,S,pointus,-10.170025,pointues,-11.739481,1
9470,P_NOUN_9_ADJ_b,M,P,les paniers avec la tasse qui étaient là depuis hier ne sont pas très ronds <eos>,14,ronds,rondes,12,F,S,ronds,-9.324503,rondes,-12.279892,1
9471,P_NOUN_9_ADJ_b,M,P,les paniers avec la tasse qui étaient là depuis hier ne sont pas très froids <eos>,14,froids,froides,12,F,S,froids,-7.745446,froides,-7.2678556,0
9472,P_NOUN_9_ADJ_b,M,P,les paniers avec la tasse qui étaient là depuis hier ne sont pas très chauds <eos>,14,chauds,chaudes,12,F,S,chauds,-5.8990064,chaudes,-8.573845,1
9473,P_NOUN_9_ADJ_b,M,P,les paniers avec la tasse qui étaient là depuis hier ne sont pas très importants <eos>,14,importants,importantes,12,F,S,importants,-5.5454607,importantes,-7.5511026,1
9474,P_NOUN_9_ADJ_b,M,P,les paniers avec la tasse qui étaient là depuis hier ne sont pas très courts <eos>,14,courts,courtes,12,F,S,courts,-6.223011,courtes,-9.986375,1
9475,P_NOUN_9_ADJ_b,M,P,les paniers avec la tasse qui étaient là depuis hier ne sont pas très durs <eos>,14,durs,dures,12,F,S,durs,-5.3898783,dures,-7.5899715,1
9476,P_NOUN_9_ADJ_b,M,P,les paniers avec la tasse qui étaient là depuis hier ne sont pas très clairs <eos>,14,clairs,claires,12,F,S,clairs,-4.6555157,claires,-6.808922,1
9477,P_NOUN_9_ADJ_b,M,P,les paniers avec la tasse qui étaient là depuis hier ne sont pas très intéressants <eos>,14,intéressants,intéressantes,12,F,S,intéressants,-6.5758724,intéressantes,-9.238066,1
9478,P_NOUN_9_ADJ_b,M,P,les paniers avec la tasse qui étaient là depuis hier ne sont pas très brillants <eos>,14,brillants,brillantes,12,F,S,brillants,-7.0024443,brillantes,-10.154574,1
9479,P_NOUN_9_ADJ_b,M,P,les paniers avec la tasse qui étaient là depuis hier ne sont pas très compliqués <eos>,14,compliqués,compliquées,12,F,S,compliqués,-6.5110784,compliquées,-10.458406,1
9480,P_NOUN_9_ADJ_b,M,P,les paniers avec la bougie qui étaient là depuis hier ne sont pas très verts <eos>,14,verts,vertes,12,F,S,verts,-8.297497,vertes,-13.202923,1
9481,P_NOUN_9_ADJ_b,M,P,les paniers avec la bougie qui étaient là depuis hier ne sont pas très bleus <eos>,14,bleus,bleues,12,F,S,bleus,-9.552301,bleues,-13.879226,1
9482,P_NOUN_9_ADJ_b,M,P,les paniers avec la bougie qui étaient là depuis hier ne sont pas très noirs <eos>,14,noirs,noires,12,F,S,noirs,-9.412107,noires,-12.059698,1
9483,P_NOUN_9_ADJ_b,M,P,les paniers avec la bougie qui étaient là depuis hier ne sont pas très délicats <eos>,14,délicats,délicates,12,F,S,délicats,-6.900959,délicates,-10.751544,1
9484,P_NOUN_9_ADJ_b,M,P,les paniers avec la bougie qui étaient là depuis hier ne sont pas très pointus <eos>,14,pointus,pointues,12,F,S,pointus,-9.920529,pointues,-11.460276,1
9485,P_NOUN_9_ADJ_b,M,P,les paniers avec la bougie qui étaient là depuis hier ne sont pas très ronds <eos>,14,ronds,rondes,12,F,S,ronds,-9.8202505,rondes,-12.790772,1
9486,P_NOUN_9_ADJ_b,M,P,les paniers avec la bougie qui étaient là depuis hier ne sont pas très froids <eos>,14,froids,froides,12,F,S,froids,-8.253517,froides,-7.576741,0
9487,P_NOUN_9_ADJ_b,M,P,les paniers avec la bougie qui étaient là depuis hier ne sont pas très chauds <eos>,14,chauds,chaudes,12,F,S,chauds,-6.1462593,chaudes,-9.609825,1
9488,P_NOUN_9_ADJ_b,M,P,les paniers avec la bougie qui étaient là depuis hier ne sont pas très importants <eos>,14,importants,importantes,12,F,S,importants,-5.6025267,importantes,-7.950493,1
9489,P_NOUN_9_ADJ_b,M,P,les paniers avec la bougie qui étaient là depuis hier ne sont pas très courts <eos>,14,courts,courtes,12,F,S,courts,-5.872334,courtes,-9.238363,1
9490,P_NOUN_9_ADJ_b,M,P,les paniers avec la bougie qui étaient là depuis hier ne sont pas très durs <eos>,14,durs,dures,12,F,S,durs,-4.5113134,dures,-7.002322,1
9491,P_NOUN_9_ADJ_b,M,P,les paniers avec la bougie qui étaient là depuis hier ne sont pas très clairs <eos>,14,clairs,claires,12,F,S,clairs,-4.6818256,claires,-7.5245104,1
9492,P_NOUN_9_ADJ_b,M,P,les paniers avec la bougie qui étaient là depuis hier ne sont pas très intéressants <eos>,14,intéressants,intéressantes,12,F,S,intéressants,-6.407003,intéressantes,-8.85973,1
9493,P_NOUN_9_ADJ_b,M,P,les paniers avec la bougie qui étaient là depuis hier ne sont pas très brillants <eos>,14,brillants,brillantes,12,F,S,brillants,-6.582797,brillantes,-10.056269,1
9494,P_NOUN_9_ADJ_b,M,P,les paniers avec la bougie qui étaient là depuis hier ne sont pas très compliqués <eos>,14,compliqués,compliquées,12,F,S,compliqués,-5.834408,compliquées,-9.704174,1
9495,P_NOUN_9_ADJ_b,M,P,les paniers avec la pochette qui étaient là depuis hier ne sont pas très verts <eos>,14,verts,vertes,12,F,S,verts,-7.941701,vertes,-12.514946,1
9496,P_NOUN_9_ADJ_b,M,P,les paniers avec la pochette qui étaient là depuis hier ne sont pas très bleus <eos>,14,bleus,bleues,12,F,S,bleus,-9.121092,bleues,-12.681984,1
9497,P_NOUN_9_ADJ_b,M,P,les paniers avec la pochette qui étaient là depuis hier ne sont pas très noirs <eos>,14,noirs,noires,12,F,S,noirs,-9.135845,noires,-11.528254,1
9498,P_NOUN_9_ADJ_b,M,P,les paniers avec la pochette qui étaient là depuis hier ne sont pas très délicats <eos>,14,délicats,délicates,12,F,S,délicats,-7.3272843,délicates,-9.98259,1
9499,P_NOUN_9_ADJ_b,M,P,les paniers avec la pochette qui étaient là depuis hier ne sont pas très pointus <eos>,14,pointus,pointues,12,F,S,pointus,-9.968927,pointues,-11.437696,1
9500,P_NOUN_9_ADJ_b,M,P,les paniers avec la pochette qui étaient là depuis hier ne sont pas très ronds <eos>,14,ronds,rondes,12,F,S,ronds,-9.236574,rondes,-12.309142,1
9501,P_NOUN_9_ADJ_b,M,P,les paniers avec la pochette qui étaient là depuis hier ne sont pas très froids <eos>,14,froids,froides,12,F,S,froids,-9.53656,froides,-8.238492,0
9502,P_NOUN_9_ADJ_b,M,P,les paniers avec la pochette qui étaient là depuis hier ne sont pas très chauds <eos>,14,chauds,chaudes,12,F,S,chauds,-7.834112,chaudes,-10.461181,1
9503,P_NOUN_9_ADJ_b,M,P,les paniers avec la pochette qui étaient là depuis hier ne sont pas très importants <eos>,14,importants,importantes,12,F,S,importants,-6.0885897,importantes,-8.543196,1
9504,P_NOUN_9_ADJ_b,M,P,les paniers avec la pochette qui étaient là depuis hier ne sont pas très courts <eos>,14,courts,courtes,12,F,S,courts,-5.691251,courtes,-8.80485,1
9505,P_NOUN_9_ADJ_b,M,P,les paniers avec la pochette qui étaient là depuis hier ne sont pas très durs <eos>,14,durs,dures,12,F,S,durs,-5.4787483,dures,-7.9848785,1
9506,P_NOUN_9_ADJ_b,M,P,les paniers avec la pochette qui étaient là depuis hier ne sont pas très clairs <eos>,14,clairs,claires,12,F,S,clairs,-4.477786,claires,-6.677845,1
9507,P_NOUN_9_ADJ_b,M,P,les paniers avec la pochette qui étaient là depuis hier ne sont pas très intéressants <eos>,14,intéressants,intéressantes,12,F,S,intéressants,-5.718017,intéressantes,-8.880241,1
9508,P_NOUN_9_ADJ_b,M,P,les paniers avec la pochette qui étaient là depuis hier ne sont pas très brillants <eos>,14,brillants,brillantes,12,F,S,brillants,-7.2200117,brillantes,-9.832267,1
9509,P_NOUN_9_ADJ_b,M,P,les paniers avec la pochette qui étaient là depuis hier ne sont pas très compliqués <eos>,14,compliqués,compliquées,12,F,S,compliqués,-5.7517147,compliquées,-8.858138,1
9510,P_NOUN_9_ADJ_b,M,P,les paniers avec la banane qui étaient là depuis hier ne sont pas très verts <eos>,14,verts,vertes,12,F,S,verts,-7.7899303,vertes,-12.693165,1
9511,P_NOUN_9_ADJ_b,M,P,les paniers avec la banane qui étaient là depuis hier ne sont pas très bleus <eos>,14,bleus,bleues,12,F,S,bleus,-9.285916,bleues,-13.536324,1
9512,P_NOUN_9_ADJ_b,M,P,les paniers avec la banane qui étaient là depuis hier ne sont pas très noirs <eos>,14,noirs,noires,12,F,S,noirs,-9.148138,noires,-11.975343,1
9513,P_NOUN_9_ADJ_b,M,P,les paniers avec la banane qui étaient là depuis hier ne sont pas très délicats <eos>,14,délicats,délicates,12,F,S,délicats,-6.964867,délicates,-10.476299,1
9514,P_NOUN_9_ADJ_b,M,P,les paniers avec la banane qui étaient là depuis hier ne sont pas très pointus <eos>,14,pointus,pointues,12,F,S,pointus,-10.032231,pointues,-12.088371,1
9515,P_NOUN_9_ADJ_b,M,P,les paniers avec la banane qui étaient là depuis hier ne sont pas très ronds <eos>,14,ronds,rondes,12,F,S,ronds,-9.451101,rondes,-12.971554,1
9516,P_NOUN_9_ADJ_b,M,P,les paniers avec la banane qui étaient là depuis hier ne sont pas très froids <eos>,14,froids,froides,12,F,S,froids,-7.362012,froides,-7.8215294,1
9517,P_NOUN_9_ADJ_b,M,P,les paniers avec la banane qui étaient là depuis hier ne sont pas très chauds <eos>,14,chauds,chaudes,12,F,S,chauds,-6.1163588,chaudes,-9.055005,1
9518,P_NOUN_9_ADJ_b,M,P,les paniers avec la banane qui étaient là depuis hier ne sont pas très importants <eos>,14,importants,importantes,12,F,S,importants,-5.4628344,importantes,-7.8500175,1
9519,P_NOUN_9_ADJ_b,M,P,les paniers avec la banane qui étaient là depuis hier ne sont pas très courts <eos>,14,courts,courtes,12,F,S,courts,-6.064183,courtes,-9.9481125,1
9520,P_NOUN_9_ADJ_b,M,P,les paniers avec la banane qui étaient là depuis hier ne sont pas très durs <eos>,14,durs,dures,12,F,S,durs,-4.7735105,dures,-6.8282437,1
9521,P_NOUN_9_ADJ_b,M,P,les paniers avec la banane qui étaient là depuis hier ne sont pas très clairs <eos>,14,clairs,claires,12,F,S,clairs,-4.354504,claires,-7.1623855,1
9522,P_NOUN_9_ADJ_b,M,P,les paniers avec la banane qui étaient là depuis hier ne sont pas très intéressants <eos>,14,intéressants,intéressantes,12,F,S,intéressants,-6.6231,intéressantes,-9.027943,1
9523,P_NOUN_9_ADJ_b,M,P,les paniers avec la banane qui étaient là depuis hier ne sont pas très brillants <eos>,14,brillants,brillantes,12,F,S,brillants,-6.6213684,brillantes,-9.578363,1
9524,P_NOUN_9_ADJ_b,M,P,les paniers avec la banane qui étaient là depuis hier ne sont pas très compliqués <eos>,14,compliqués,compliquées,12,F,S,compliqués,-6.530773,compliquées,-10.280845,1
9525,P_NOUN_9_ADJ_b,M,P,les paniers avec la robe qui étaient là depuis hier ne sont pas très verts <eos>,14,verts,vertes,12,F,S,verts,-7.719157,vertes,-12.507095,1
9526,P_NOUN_9_ADJ_b,M,P,les paniers avec la robe qui étaient là depuis hier ne sont pas très bleus <eos>,14,bleus,bleues,12,F,S,bleus,-8.385447,bleues,-12.676018,1
9527,P_NOUN_9_ADJ_b,M,P,les paniers avec la robe qui étaient là depuis hier ne sont pas très noirs <eos>,14,noirs,noires,12,F,S,noirs,-8.663758,noires,-11.180072,1
9528,P_NOUN_9_ADJ_b,M,P,les paniers avec la robe qui étaient là depuis hier ne sont pas très délicats <eos>,14,délicats,délicates,12,F,S,délicats,-7.4241147,délicates,-10.679136,1
9529,P_NOUN_9_ADJ_b,M,P,les paniers avec la robe qui étaient là depuis hier ne sont pas très pointus <eos>,14,pointus,pointues,12,F,S,pointus,-9.927813,pointues,-11.416505,1
9530,P_NOUN_9_ADJ_b,M,P,les paniers avec la robe qui étaient là depuis hier ne sont pas très ronds <eos>,14,ronds,rondes,12,F,S,ronds,-9.756653,rondes,-12.3913765,1
9531,P_NOUN_9_ADJ_b,M,P,les paniers avec la robe qui étaient là depuis hier ne sont pas très froids <eos>,14,froids,froides,12,F,S,froids,-8.168638,froides,-7.727252,0
9532,P_NOUN_9_ADJ_b,M,P,les paniers avec la robe qui étaient là depuis hier ne sont pas très chauds <eos>,14,chauds,chaudes,12,F,S,chauds,-5.81022,chaudes,-9.4659395,1
9533,P_NOUN_9_ADJ_b,M,P,les paniers avec la robe qui étaient là depuis hier ne sont pas très importants <eos>,14,importants,importantes,12,F,S,importants,-5.795613,importantes,-7.787253,1
9534,P_NOUN_9_ADJ_b,M,P,les paniers avec la robe qui étaient là depuis hier ne sont pas très courts <eos>,14,courts,courtes,12,F,S,courts,-5.8619156,courtes,-8.976254,1
9535,P_NOUN_9_ADJ_b,M,P,les paniers avec la robe qui étaient là depuis hier ne sont pas très durs <eos>,14,durs,dures,12,F,S,durs,-5.0638585,dures,-7.1777606,1
9536,P_NOUN_9_ADJ_b,M,P,les paniers avec la robe qui étaient là depuis hier ne sont pas très clairs <eos>,14,clairs,claires,12,F,S,clairs,-3.3613,claires,-6.7925973,1
9537,P_NOUN_9_ADJ_b,M,P,les paniers avec la robe qui étaient là depuis hier ne sont pas très intéressants <eos>,14,intéressants,intéressantes,12,F,S,intéressants,-6.7843657,intéressantes,-9.161107,1
9538,P_NOUN_9_ADJ_b,M,P,les paniers avec la robe qui étaient là depuis hier ne sont pas très brillants <eos>,14,brillants,brillantes,12,F,S,brillants,-6.501528,brillantes,-9.16951,1
9539,P_NOUN_9_ADJ_b,M,P,les paniers avec la robe qui étaient là depuis hier ne sont pas très compliqués <eos>,14,compliqués,compliquées,12,F,S,compliqués,-6.2819247,compliquées,-10.0497,1
9540,P_NOUN_9_ADJ_b,M,P,les paniers avec la valise qui étaient là depuis hier ne sont pas très verts <eos>,14,verts,vertes,12,F,S,verts,-8.256006,vertes,-12.450148,1
9541,P_NOUN_9_ADJ_b,M,P,les paniers avec la valise qui étaient là depuis hier ne sont pas très bleus <eos>,14,bleus,bleues,12,F,S,bleus,-8.837898,bleues,-13.256811,1
9542,P_NOUN_9_ADJ_b,M,P,les paniers avec la valise qui étaient là depuis hier ne sont pas très noirs <eos>,14,noirs,noires,12,F,S,noirs,-9.085175,noires,-11.529007,1
9543,P_NOUN_9_ADJ_b,M,P,les paniers avec la valise qui étaient là depuis hier ne sont pas très délicats <eos>,14,délicats,délicates,12,F,S,délicats,-7.6465645,délicates,-10.134463,1
9544,P_NOUN_9_ADJ_b,M,P,les paniers avec la valise qui étaient là depuis hier ne sont pas très pointus <eos>,14,pointus,pointues,12,F,S,pointus,-9.402268,pointues,-11.462032,1
9545,P_NOUN_9_ADJ_b,M,P,les paniers avec la valise qui étaient là depuis hier ne sont pas très ronds <eos>,14,ronds,rondes,12,F,S,ronds,-10.188327,rondes,-12.732641,1
9546,P_NOUN_9_ADJ_b,M,P,les paniers avec la valise qui étaient là depuis hier ne sont pas très froids <eos>,14,froids,froides,12,F,S,froids,-9.240804,froides,-7.771453,0
9547,P_NOUN_9_ADJ_b,M,P,les paniers avec la valise qui étaient là depuis hier ne sont pas très chauds <eos>,14,chauds,chaudes,12,F,S,chauds,-6.7183027,chaudes,-10.019996,1
9548,P_NOUN_9_ADJ_b,M,P,les paniers avec la valise qui étaient là depuis hier ne sont pas très importants <eos>,14,importants,importantes,12,F,S,importants,-5.9639225,importantes,-8.204587,1
9549,P_NOUN_9_ADJ_b,M,P,les paniers avec la valise qui étaient là depuis hier ne sont pas très courts <eos>,14,courts,courtes,12,F,S,courts,-6.09921,courtes,-9.154865,1
9550,P_NOUN_9_ADJ_b,M,P,les paniers avec la valise qui étaient là depuis hier ne sont pas très durs <eos>,14,durs,dures,12,F,S,durs,-5.3930397,dures,-7.857769,1
9551,P_NOUN_9_ADJ_b,M,P,les paniers avec la valise qui étaient là depuis hier ne sont pas très clairs <eos>,14,clairs,claires,12,F,S,clairs,-4.876974,claires,-7.457053,1
9552,P_NOUN_9_ADJ_b,M,P,les paniers avec la valise qui étaient là depuis hier ne sont pas très intéressants <eos>,14,intéressants,intéressantes,12,F,S,intéressants,-5.888626,intéressantes,-9.131839,1
9553,P_NOUN_9_ADJ_b,M,P,les paniers avec la valise qui étaient là depuis hier ne sont pas très brillants <eos>,14,brillants,brillantes,12,F,S,brillants,-6.8212395,brillantes,-10.374695,1
9554,P_NOUN_9_ADJ_b,M,P,les paniers avec la valise qui étaient là depuis hier ne sont pas très compliqués <eos>,14,compliqués,compliquées,12,F,S,compliqués,-5.8798065,compliquées,-9.4514,1
9555,P_NOUN_9_ADJ_b,M,P,les paniers avec la pendule qui étaient là depuis hier ne sont pas très verts <eos>,14,verts,vertes,12,F,S,verts,-7.9419336,vertes,-12.672635,1
9556,P_NOUN_9_ADJ_b,M,P,les paniers avec la pendule qui étaient là depuis hier ne sont pas très bleus <eos>,14,bleus,bleues,12,F,S,bleus,-9.902216,bleues,-13.958548,1
9557,P_NOUN_9_ADJ_b,M,P,les paniers avec la pendule qui étaient là depuis hier ne sont pas très noirs <eos>,14,noirs,noires,12,F,S,noirs,-9.990262,noires,-12.177661,1
9558,P_NOUN_9_ADJ_b,M,P,les paniers avec la pendule qui étaient là depuis hier ne sont pas très délicats <eos>,14,délicats,délicates,12,F,S,délicats,-7.3324265,délicates,-11.1982975,1
9559,P_NOUN_9_ADJ_b,M,P,les paniers avec la pendule qui étaient là depuis hier ne sont pas très pointus <eos>,14,pointus,pointues,12,F,S,pointus,-9.35115,pointues,-11.089893,1
9560,P_NOUN_9_ADJ_b,M,P,les paniers avec la pendule qui étaient là depuis hier ne sont pas très ronds <eos>,14,ronds,rondes,12,F,S,ronds,-10.001004,rondes,-12.738654,1
9561,P_NOUN_9_ADJ_b,M,P,les paniers avec la pendule qui étaient là depuis hier ne sont pas très froids <eos>,14,froids,froides,12,F,S,froids,-8.392706,froides,-7.731864,0
9562,P_NOUN_9_ADJ_b,M,P,les paniers avec la pendule qui étaient là depuis hier ne sont pas très chauds <eos>,14,chauds,chaudes,12,F,S,chauds,-5.77878,chaudes,-9.7272625,1
9563,P_NOUN_9_ADJ_b,M,P,les paniers avec la pendule qui étaient là depuis hier ne sont pas très importants <eos>,14,importants,importantes,12,F,S,importants,-5.8827143,importantes,-8.208154,1
9564,P_NOUN_9_ADJ_b,M,P,les paniers avec la pendule qui étaient là depuis hier ne sont pas très courts <eos>,14,courts,courtes,12,F,S,courts,-5.683786,courtes,-9.022972,1
9565,P_NOUN_9_ADJ_b,M,P,les paniers avec la pendule qui étaient là depuis hier ne sont pas très durs <eos>,14,durs,dures,12,F,S,durs,-4.3426437,dures,-7.3340025,1
9566,P_NOUN_9_ADJ_b,M,P,les paniers avec la pendule qui étaient là depuis hier ne sont pas très clairs <eos>,14,clairs,claires,12,F,S,clairs,-5.0271106,claires,-7.7581773,1
9567,P_NOUN_9_ADJ_b,M,P,les paniers avec la pendule qui étaient là depuis hier ne sont pas très intéressants <eos>,14,intéressants,intéressantes,12,F,S,intéressants,-6.5397243,intéressantes,-9.032777,1
9568,P_NOUN_9_ADJ_b,M,P,les paniers avec la pendule qui étaient là depuis hier ne sont pas très brillants <eos>,14,brillants,brillantes,12,F,S,brillants,-6.561157,brillantes,-9.887174,1
9569,P_NOUN_9_ADJ_b,M,P,les paniers avec la pendule qui étaient là depuis hier ne sont pas très compliqués <eos>,14,compliqués,compliquées,12,F,S,compliqués,-5.6088557,compliquées,-9.781425,1
9570,P_NOUN_9_ADJ_b,M,P,les paniers avec la cloche qui étaient là depuis hier ne sont pas très verts <eos>,14,verts,vertes,12,F,S,verts,-8.202454,vertes,-13.286224,1
9571,P_NOUN_9_ADJ_b,M,P,les paniers avec la cloche qui étaient là depuis hier ne sont pas très bleus <eos>,14,bleus,bleues,12,F,S,bleus,-9.634554,bleues,-14.013252,1
9572,P_NOUN_9_ADJ_b,M,P,les paniers avec la cloche qui étaient là depuis hier ne sont pas très noirs <eos>,14,noirs,noires,12,F,S,noirs,-9.733649,noires,-12.356391,1
9573,P_NOUN_9_ADJ_b,M,P,les paniers avec la cloche qui étaient là depuis hier ne sont pas très délicats <eos>,14,délicats,délicates,12,F,S,délicats,-6.964776,délicates,-10.742294,1
9574,P_NOUN_9_ADJ_b,M,P,les paniers avec la cloche qui étaient là depuis hier ne sont pas très pointus <eos>,14,pointus,pointues,12,F,S,pointus,-9.841895,pointues,-11.552256,1
9575,P_NOUN_9_ADJ_b,M,P,les paniers avec la cloche qui étaient là depuis hier ne sont pas très ronds <eos>,14,ronds,rondes,12,F,S,ronds,-9.471858,rondes,-12.498954,1
9576,P_NOUN_9_ADJ_b,M,P,les paniers avec la cloche qui étaient là depuis hier ne sont pas très froids <eos>,14,froids,froides,12,F,S,froids,-8.853973,froides,-8.828483,0
9577,P_NOUN_9_ADJ_b,M,P,les paniers avec la cloche qui étaient là depuis hier ne sont pas très chauds <eos>,14,chauds,chaudes,12,F,S,chauds,-6.829074,chaudes,-10.14966,1
9578,P_NOUN_9_ADJ_b,M,P,les paniers avec la cloche qui étaient là depuis hier ne sont pas très importants <eos>,14,importants,importantes,12,F,S,importants,-5.345443,importantes,-7.859709,1
9579,P_NOUN_9_ADJ_b,M,P,les paniers avec la cloche qui étaient là depuis hier ne sont pas très courts <eos>,14,courts,courtes,12,F,S,courts,-5.6510563,courtes,-9.1421175,1
9580,P_NOUN_9_ADJ_b,M,P,les paniers avec la cloche qui étaient là depuis hier ne sont pas très durs <eos>,14,durs,dures,12,F,S,durs,-4.961649,dures,-7.321801,1
9581,P_NOUN_9_ADJ_b,M,P,les paniers avec la cloche qui étaient là depuis hier ne sont pas très clairs <eos>,14,clairs,claires,12,F,S,clairs,-4.3146505,claires,-7.6560745,1
9582,P_NOUN_9_ADJ_b,M,P,les paniers avec la cloche qui étaient là depuis hier ne sont pas très intéressants <eos>,14,intéressants,intéressantes,12,F,S,intéressants,-5.8737535,intéressantes,-8.781142,1
9583,P_NOUN_9_ADJ_b,M,P,les paniers avec la cloche qui étaient là depuis hier ne sont pas très brillants <eos>,14,brillants,brillantes,12,F,S,brillants,-6.7080984,brillantes,-10.143086,1
9584,P_NOUN_9_ADJ_b,M,P,les paniers avec la cloche qui étaient là depuis hier ne sont pas très compliqués <eos>,14,compliqués,compliquées,12,F,S,compliqués,-5.96249,compliquées,-9.559611,1
9585,P_NOUN_9_ADJ_b,M,P,les paniers avec la cerise qui étaient là depuis hier ne sont pas très verts <eos>,14,verts,vertes,12,F,S,verts,-7.8703284,vertes,-12.693377,1
9586,P_NOUN_9_ADJ_b,M,P,les paniers avec la cerise qui étaient là depuis hier ne sont pas très bleus <eos>,14,bleus,bleues,12,F,S,bleus,-9.504706,bleues,-13.971139,1
9587,P_NOUN_9_ADJ_b,M,P,les paniers avec la cerise qui étaient là depuis hier ne sont pas très noirs <eos>,14,noirs,noires,12,F,S,noirs,-9.640118,noires,-12.314147,1
9588,P_NOUN_9_ADJ_b,M,P,les paniers avec la cerise qui étaient là depuis hier ne sont pas très délicats <eos>,14,délicats,délicates,12,F,S,délicats,-6.511733,délicates,-10.32391,1
9589,P_NOUN_9_ADJ_b,M,P,les paniers avec la cerise qui étaient là depuis hier ne sont pas très pointus <eos>,14,pointus,pointues,12,F,S,pointus,-10.216182,pointues,-11.91008,1
9590,P_NOUN_9_ADJ_b,M,P,les paniers avec la cerise qui étaient là depuis hier ne sont pas très ronds <eos>,14,ronds,rondes,12,F,S,ronds,-9.445478,rondes,-12.937766,1
9591,P_NOUN_9_ADJ_b,M,P,les paniers avec la cerise qui étaient là depuis hier ne sont pas très froids <eos>,14,froids,froides,12,F,S,froids,-7.4047437,froides,-7.680408,1
9592,P_NOUN_9_ADJ_b,M,P,les paniers avec la cerise qui étaient là depuis hier ne sont pas très chauds <eos>,14,chauds,chaudes,12,F,S,chauds,-5.773143,chaudes,-9.040179,1
9593,P_NOUN_9_ADJ_b,M,P,les paniers avec la cerise qui étaient là depuis hier ne sont pas très importants <eos>,14,importants,importantes,12,F,S,importants,-5.629383,importantes,-7.964325,1
9594,P_NOUN_9_ADJ_b,M,P,les paniers avec la cerise qui étaient là depuis hier ne sont pas très courts <eos>,14,courts,courtes,12,F,S,courts,-6.425892,courtes,-10.179263,1
9595,P_NOUN_9_ADJ_b,M,P,les paniers avec la cerise qui étaient là depuis hier ne sont pas très durs <eos>,14,durs,dures,12,F,S,durs,-4.8346577,dures,-7.0898666,1
9596,P_NOUN_9_ADJ_b,M,P,les paniers avec la cerise qui étaient là depuis hier ne sont pas très clairs <eos>,14,clairs,claires,12,F,S,clairs,-4.5144224,claires,-7.2374506,1
9597,P_NOUN_9_ADJ_b,M,P,les paniers avec la cerise qui étaient là depuis hier ne sont pas très intéressants <eos>,14,intéressants,intéressantes,12,F,S,intéressants,-6.611113,intéressantes,-8.863474,1
9598,P_NOUN_9_ADJ_b,M,P,les paniers avec la cerise qui étaient là depuis hier ne sont pas très brillants <eos>,14,brillants,brillantes,12,F,S,brillants,-6.304595,brillantes,-9.619818,1
9599,P_NOUN_9_ADJ_b,M,P,les paniers avec la cerise qui étaient là depuis hier ne sont pas très compliqués <eos>,14,compliqués,compliquées,12,F,S,compliqués,-6.368643,compliquées,-10.278177,1
9600,P_NOUN_9_ADJ_b,M,P,les colliers avec la gemme qui étaient là depuis hier ne sont pas très verts <eos>,14,verts,vertes,12,F,S,verts,-7.9688683,vertes,-12.85763,1
9601,P_NOUN_9_ADJ_b,M,P,les colliers avec la gemme qui étaient là depuis hier ne sont pas très bleus <eos>,14,bleus,bleues,12,F,S,bleus,-9.775227,bleues,-13.516998,1
9602,P_NOUN_9_ADJ_b,M,P,les colliers avec la gemme qui étaient là depuis hier ne sont pas très noirs <eos>,14,noirs,noires,12,F,S,noirs,-9.874418,noires,-12.225094,1
9603,P_NOUN_9_ADJ_b,M,P,les colliers avec la gemme qui étaient là depuis hier ne sont pas très délicats <eos>,14,délicats,délicates,12,F,S,délicats,-7.024146,délicates,-10.627436,1
9604,P_NOUN_9_ADJ_b,M,P,les colliers avec la gemme qui étaient là depuis hier ne sont pas très pointus <eos>,14,pointus,pointues,12,F,S,pointus,-8.900277,pointues,-11.6066265,1
9605,P_NOUN_9_ADJ_b,M,P,les colliers avec la gemme qui étaient là depuis hier ne sont pas très ronds <eos>,14,ronds,rondes,12,F,S,ronds,-10.250757,rondes,-13.242773,1
9606,P_NOUN_9_ADJ_b,M,P,les colliers avec la gemme qui étaient là depuis hier ne sont pas très froids <eos>,14,froids,froides,12,F,S,froids,-8.583727,froides,-8.897114,1
9607,P_NOUN_9_ADJ_b,M,P,les colliers avec la gemme qui étaient là depuis hier ne sont pas très chauds <eos>,14,chauds,chaudes,12,F,S,chauds,-7.108922,chaudes,-9.6389,1
9608,P_NOUN_9_ADJ_b,M,P,les colliers avec la gemme qui étaient là depuis hier ne sont pas très importants <eos>,14,importants,importantes,12,F,S,importants,-5.2823653,importantes,-8.213167,1
9609,P_NOUN_9_ADJ_b,M,P,les colliers avec la gemme qui étaient là depuis hier ne sont pas très courts <eos>,14,courts,courtes,12,F,S,courts,-5.604598,courtes,-9.2123785,1
9610,P_NOUN_9_ADJ_b,M,P,les colliers avec la gemme qui étaient là depuis hier ne sont pas très durs <eos>,14,durs,dures,12,F,S,durs,-5.2839403,dures,-7.5015163,1
9611,P_NOUN_9_ADJ_b,M,P,les colliers avec la gemme qui étaient là depuis hier ne sont pas très clairs <eos>,14,clairs,claires,12,F,S,clairs,-3.480459,claires,-6.989665,1
9612,P_NOUN_9_ADJ_b,M,P,les colliers avec la gemme qui étaient là depuis hier ne sont pas très intéressants <eos>,14,intéressants,intéressantes,12,F,S,intéressants,-5.9462004,intéressantes,-9.40538,1
9613,P_NOUN_9_ADJ_b,M,P,les colliers avec la gemme qui étaient là depuis hier ne sont pas très brillants <eos>,14,brillants,brillantes,12,F,S,brillants,-6.2601857,brillantes,-9.253069,1
9614,P_NOUN_9_ADJ_b,M,P,les colliers avec la gemme qui étaient là depuis hier ne sont pas très compliqués <eos>,14,compliqués,compliquées,12,F,S,compliqués,-5.238662,compliquées,-9.544936,1
9615,P_NOUN_9_ADJ_b,M,P,les colliers avec la chaise qui étaient là depuis hier ne sont pas très verts <eos>,14,verts,vertes,12,F,S,verts,-8.390287,vertes,-13.306024,1
9616,P_NOUN_9_ADJ_b,M,P,les colliers avec la chaise qui étaient là depuis hier ne sont pas très bleus <eos>,14,bleus,bleues,12,F,S,bleus,-10.060238,bleues,-13.742172,1
9617,P_NOUN_9_ADJ_b,M,P,les colliers avec la chaise qui étaient là depuis hier ne sont pas très noirs <eos>,14,noirs,noires,12,F,S,noirs,-9.87634,noires,-12.325379,1
9618,P_NOUN_9_ADJ_b,M,P,les colliers avec la chaise qui étaient là depuis hier ne sont pas très délicats <eos>,14,délicats,délicates,12,F,S,délicats,-7.490517,délicates,-11.205765,1
9619,P_NOUN_9_ADJ_b,M,P,les colliers avec la chaise qui étaient là depuis hier ne sont pas très pointus <eos>,14,pointus,pointues,12,F,S,pointus,-8.747506,pointues,-11.310486,1
9620,P_NOUN_9_ADJ_b,M,P,les colliers avec la chaise qui étaient là depuis hier ne sont pas très ronds <eos>,14,ronds,rondes,12,F,S,ronds,-9.862374,rondes,-12.777064,1
9621,P_NOUN_9_ADJ_b,M,P,les colliers avec la chaise qui étaient là depuis hier ne sont pas très froids <eos>,14,froids,froides,12,F,S,froids,-9.518566,froides,-9.770521,1
9622,P_NOUN_9_ADJ_b,M,P,les colliers avec la chaise qui étaient là depuis hier ne sont pas très chauds <eos>,14,chauds,chaudes,12,F,S,chauds,-7.754713,chaudes,-10.755579,1
9623,P_NOUN_9_ADJ_b,M,P,les colliers avec la chaise qui étaient là depuis hier ne sont pas très importants <eos>,14,importants,importantes,12,F,S,importants,-5.6766987,importantes,-8.896068,1
9624,P_NOUN_9_ADJ_b,M,P,les colliers avec la chaise qui étaient là depuis hier ne sont pas très courts <eos>,14,courts,courtes,12,F,S,courts,-5.576351,courtes,-8.854568,1
9625,P_NOUN_9_ADJ_b,M,P,les colliers avec la chaise qui étaient là depuis hier ne sont pas très durs <eos>,14,durs,dures,12,F,S,durs,-5.2113066,dures,-7.985712,1
9626,P_NOUN_9_ADJ_b,M,P,les colliers avec la chaise qui étaient là depuis hier ne sont pas très clairs <eos>,14,clairs,claires,12,F,S,clairs,-3.9158661,claires,-7.5261307,1
9627,P_NOUN_9_ADJ_b,M,P,les colliers avec la chaise qui étaient là depuis hier ne sont pas très intéressants <eos>,14,intéressants,intéressantes,12,F,S,intéressants,-6.179296,intéressantes,-9.947046,1
9628,P_NOUN_9_ADJ_b,M,P,les colliers avec la chaise qui étaient là depuis hier ne sont pas très brillants <eos>,14,brillants,brillantes,12,F,S,brillants,-6.7770176,brillantes,-9.637649,1
9629,P_NOUN_9_ADJ_b,M,P,les colliers avec la chaise qui étaient là depuis hier ne sont pas très compliqués <eos>,14,compliqués,compliquées,12,F,S,compliqués,-5.1986113,compliquées,-9.367237,1
9630,P_NOUN_9_ADJ_b,M,P,les colliers avec la poubelle qui étaient là depuis hier ne sont pas très verts <eos>,14,verts,vertes,12,F,S,verts,-8.306705,vertes,-12.96843,1
9631,P_NOUN_9_ADJ_b,M,P,les colliers avec la poubelle qui étaient là depuis hier ne sont pas très bleus <eos>,14,bleus,bleues,12,F,S,bleus,-9.969075,bleues,-13.752223,1
9632,P_NOUN_9_ADJ_b,M,P,les colliers avec la poubelle qui étaient là depuis hier ne sont pas très noirs <eos>,14,noirs,noires,12,F,S,noirs,-10.060928,noires,-12.420353,1
9633,P_NOUN_9_ADJ_b,M,P,les colliers avec la poubelle qui étaient là depuis hier ne sont pas très délicats <eos>,14,délicats,délicates,12,F,S,délicats,-7.2739754,délicates,-10.949119,1
9634,P_NOUN_9_ADJ_b,M,P,les colliers avec la poubelle qui étaient là depuis hier ne sont pas très pointus <eos>,14,pointus,pointues,12,F,S,pointus,-8.892357,pointues,-11.592541,1
9635,P_NOUN_9_ADJ_b,M,P,les colliers avec la poubelle qui étaient là depuis hier ne sont pas très ronds <eos>,14,ronds,rondes,12,F,S,ronds,-10.4525585,rondes,-13.135742,1
9636,P_NOUN_9_ADJ_b,M,P,les colliers avec la poubelle qui étaient là depuis hier ne sont pas très froids <eos>,14,froids,froides,12,F,S,froids,-8.833046,froides,-8.842974,1
9637,P_NOUN_9_ADJ_b,M,P,les colliers avec la poubelle qui étaient là depuis hier ne sont pas très chauds <eos>,14,chauds,chaudes,12,F,S,chauds,-7.212777,chaudes,-10.049309,1
9638,P_NOUN_9_ADJ_b,M,P,les colliers avec la poubelle qui étaient là depuis hier ne sont pas très importants <eos>,14,importants,importantes,12,F,S,importants,-5.6044154,importantes,-8.705084,1
9639,P_NOUN_9_ADJ_b,M,P,les colliers avec la poubelle qui étaient là depuis hier ne sont pas très courts <eos>,14,courts,courtes,12,F,S,courts,-5.7405396,courtes,-9.148889,1
9640,P_NOUN_9_ADJ_b,M,P,les colliers avec la poubelle qui étaient là depuis hier ne sont pas très durs <eos>,14,durs,dures,12,F,S,durs,-5.3166323,dures,-8.002745,1
9641,P_NOUN_9_ADJ_b,M,P,les colliers avec la poubelle qui étaient là depuis hier ne sont pas très clairs <eos>,14,clairs,claires,12,F,S,clairs,-4.0494184,claires,-7.3258057,1
9642,P_NOUN_9_ADJ_b,M,P,les colliers avec la poubelle qui étaient là depuis hier ne sont pas très intéressants <eos>,14,intéressants,intéressantes,12,F,S,intéressants,-5.9625673,intéressantes,-9.648018,1
9643,P_NOUN_9_ADJ_b,M,P,les colliers avec la poubelle qui étaient là depuis hier ne sont pas très brillants <eos>,14,brillants,brillantes,12,F,S,brillants,-6.814826,brillantes,-9.851009,1
9644,P_NOUN_9_ADJ_b,M,P,les colliers avec la poubelle qui étaient là depuis hier ne sont pas très compliqués <eos>,14,compliqués,compliquées,12,F,S,compliqués,-5.1277246,compliquées,-9.433283,1
9645,P_NOUN_9_ADJ_b,M,P,les colliers avec la chemise qui étaient là depuis hier ne sont pas très verts <eos>,14,verts,vertes,12,F,S,verts,-8.189506,vertes,-13.0401125,1
9646,P_NOUN_9_ADJ_b,M,P,les colliers avec la chemise qui étaient là depuis hier ne sont pas très bleus <eos>,14,bleus,bleues,12,F,S,bleus,-9.421701,bleues,-13.45266,1
9647,P_NOUN_9_ADJ_b,M,P,les colliers avec la chemise qui étaient là depuis hier ne sont pas très noirs <eos>,14,noirs,noires,12,F,S,noirs,-9.52963,noires,-12.114536,1
9648,P_NOUN_9_ADJ_b,M,P,les colliers avec la chemise qui étaient là depuis hier ne sont pas très délicats <eos>,14,délicats,délicates,12,F,S,délicats,-7.4181786,délicates,-11.083621,1
9649,P_NOUN_9_ADJ_b,M,P,les colliers avec la chemise qui étaient là depuis hier ne sont pas très pointus <eos>,14,pointus,pointues,12,F,S,pointus,-8.438462,pointues,-11.306791,1
9650,P_NOUN_9_ADJ_b,M,P,les colliers avec la chemise qui étaient là depuis hier ne sont pas très ronds <eos>,14,ronds,rondes,12,F,S,ronds,-10.040485,rondes,-12.613797,1
9651,P_NOUN_9_ADJ_b,M,P,les colliers avec la chemise qui étaient là depuis hier ne sont pas très froids <eos>,14,froids,froides,12,F,S,froids,-9.136946,froides,-9.427879,1
9652,P_NOUN_9_ADJ_b,M,P,les colliers avec la chemise qui étaient là depuis hier ne sont pas très chauds <eos>,14,chauds,chaudes,12,F,S,chauds,-7.173206,chaudes,-10.714069,1
9653,P_NOUN_9_ADJ_b,M,P,les colliers avec la chemise qui étaient là depuis hier ne sont pas très importants <eos>,14,importants,importantes,12,F,S,importants,-5.7090955,importantes,-8.7872505,1
9654,P_NOUN_9_ADJ_b,M,P,les colliers avec la chemise qui étaient là depuis hier ne sont pas très courts <eos>,14,courts,courtes,12,F,S,courts,-5.3162155,courtes,-8.613514,1
9655,P_NOUN_9_ADJ_b,M,P,les colliers avec la chemise qui étaient là depuis hier ne sont pas très durs <eos>,14,durs,dures,12,F,S,durs,-5.167577,dures,-7.926074,1
9656,P_NOUN_9_ADJ_b,M,P,les colliers avec la chemise qui étaient là depuis hier ne sont pas très clairs <eos>,14,clairs,claires,12,F,S,clairs,-3.598944,claires,-7.6328783,1
9657,P_NOUN_9_ADJ_b,M,P,les colliers avec la chemise qui étaient là depuis hier ne sont pas très intéressants <eos>,14,intéressants,intéressantes,12,F,S,intéressants,-6.32296,intéressantes,-10.090251,1
9658,P_NOUN_9_ADJ_b,M,P,les colliers avec la chemise qui étaient là depuis hier ne sont pas très brillants <eos>,14,brillants,brillantes,12,F,S,brillants,-6.6050744,brillantes,-9.871212,1
9659,P_NOUN_9_ADJ_b,M,P,les colliers avec la chemise qui étaient là depuis hier ne sont pas très compliqués <eos>,14,compliqués,compliquées,12,F,S,compliqués,-5.418249,compliquées,-9.579651,1
9660,P_NOUN_9_ADJ_b,M,P,les colliers avec la recette qui étaient là depuis hier ne sont pas très verts <eos>,14,verts,vertes,12,F,S,verts,-8.87359,vertes,-13.186983,1
9661,P_NOUN_9_ADJ_b,M,P,les colliers avec la recette qui étaient là depuis hier ne sont pas très bleus <eos>,14,bleus,bleues,12,F,S,bleus,-10.637223,bleues,-14.411267,1
9662,P_NOUN_9_ADJ_b,M,P,les colliers avec la recette qui étaient là depuis hier ne sont pas très noirs <eos>,14,noirs,noires,12,F,S,noirs,-10.911742,noires,-13.3184595,1
9663,P_NOUN_9_ADJ_b,M,P,les colliers avec la recette qui étaient là depuis hier ne sont pas très délicats <eos>,14,délicats,délicates,12,F,S,délicats,-6.7663174,délicates,-10.47828,1
9664,P_NOUN_9_ADJ_b,M,P,les colliers avec la recette qui étaient là depuis hier ne sont pas très pointus <eos>,14,pointus,pointues,12,F,S,pointus,-9.91152,pointues,-12.236317,1
9665,P_NOUN_9_ADJ_b,M,P,les colliers avec la recette qui étaient là depuis hier ne sont pas très ronds <eos>,14,ronds,rondes,12,F,S,ronds,-10.72201,rondes,-13.497371,1
9666,P_NOUN_9_ADJ_b,M,P,les colliers avec la recette qui étaient là depuis hier ne sont pas très froids <eos>,14,froids,froides,12,F,S,froids,-8.520127,froides,-8.724781,1
9667,P_NOUN_9_ADJ_b,M,P,les colliers avec la recette qui étaient là depuis hier ne sont pas très chauds <eos>,14,chauds,chaudes,12,F,S,chauds,-6.9833302,chaudes,-9.376249,1
9668,P_NOUN_9_ADJ_b,M,P,les colliers avec la recette qui étaient là depuis hier ne sont pas très importants <eos>,14,importants,importantes,12,F,S,importants,-5.1889515,importantes,-7.3889675,1
9669,P_NOUN_9_ADJ_b,M,P,les colliers avec la recette qui étaient là depuis hier ne sont pas très courts <eos>,14,courts,courtes,12,F,S,courts,-6.310341,courtes,-9.064916,1
9670,P_NOUN_9_ADJ_b,M,P,les colliers avec la recette qui étaient là depuis hier ne sont pas très durs <eos>,14,durs,dures,12,F,S,durs,-5.301534,dures,-7.5310607,1
9671,P_NOUN_9_ADJ_b,M,P,les colliers avec la recette qui étaient là depuis hier ne sont pas très clairs <eos>,14,clairs,claires,12,F,S,clairs,-4.451341,claires,-6.9284987,1
9672,P_NOUN_9_ADJ_b,M,P,les colliers avec la recette qui étaient là depuis hier ne sont pas très intéressants <eos>,14,intéressants,intéressantes,12,F,S,intéressants,-6.2290773,intéressantes,-8.815053,1
9673,P_NOUN_9_ADJ_b,M,P,les colliers avec la recette qui étaient là depuis hier ne sont pas très brillants <eos>,14,brillants,brillantes,12,F,S,brillants,-7.106653,brillantes,-9.312702,1
9674,P_NOUN_9_ADJ_b,M,P,les colliers avec la recette qui étaient là depuis hier ne sont pas très compliqués <eos>,14,compliqués,compliquées,12,F,S,compliqués,-5.3838406,compliquées,-9.310995,1
9675,P_NOUN_9_ADJ_b,M,P,les colliers avec la jupe qui étaient là depuis hier ne sont pas très verts <eos>,14,verts,vertes,12,F,S,verts,-8.253038,vertes,-12.805391,1
9676,P_NOUN_9_ADJ_b,M,P,les colliers avec la jupe qui étaient là depuis hier ne sont pas très bleus <eos>,14,bleus,bleues,12,F,S,bleus,-9.76371,bleues,-13.300064,1
9677,P_NOUN_9_ADJ_b,M,P,les colliers avec la jupe qui étaient là depuis hier ne sont pas très noirs <eos>,14,noirs,noires,12,F,S,noirs,-9.691332,noires,-12.061619,1
9678,P_NOUN_9_ADJ_b,M,P,les colliers avec la jupe qui étaient là depuis hier ne sont pas très délicats <eos>,14,délicats,délicates,12,F,S,délicats,-7.2878056,délicates,-10.880589,1
9679,P_NOUN_9_ADJ_b,M,P,les colliers avec la jupe qui étaient là depuis hier ne sont pas très pointus <eos>,14,pointus,pointues,12,F,S,pointus,-8.663367,pointues,-11.410584,1
9680,P_NOUN_9_ADJ_b,M,P,les colliers avec la jupe qui étaient là depuis hier ne sont pas très ronds <eos>,14,ronds,rondes,12,F,S,ronds,-9.807194,rondes,-12.757115,1
9681,P_NOUN_9_ADJ_b,M,P,les colliers avec la jupe qui étaient là depuis hier ne sont pas très froids <eos>,14,froids,froides,12,F,S,froids,-9.42868,froides,-9.385191,0
9682,P_NOUN_9_ADJ_b,M,P,les colliers avec la jupe qui étaient là depuis hier ne sont pas très chauds <eos>,14,chauds,chaudes,12,F,S,chauds,-7.447934,chaudes,-10.361948,1
9683,P_NOUN_9_ADJ_b,M,P,les colliers avec la jupe qui étaient là depuis hier ne sont pas très importants <eos>,14,importants,importantes,12,F,S,importants,-5.690322,importantes,-8.488955,1
9684,P_NOUN_9_ADJ_b,M,P,les colliers avec la jupe qui étaient là depuis hier ne sont pas très courts <eos>,14,courts,courtes,12,F,S,courts,-5.4470167,courtes,-8.581719,1
9685,P_NOUN_9_ADJ_b,M,P,les colliers avec la jupe qui étaient là depuis hier ne sont pas très durs <eos>,14,durs,dures,12,F,S,durs,-5.22733,dures,-7.8957815,1
9686,P_NOUN_9_ADJ_b,M,P,les colliers avec la jupe qui étaient là depuis hier ne sont pas très clairs <eos>,14,clairs,claires,12,F,S,clairs,-3.496253,claires,-7.1256104,1
9687,P_NOUN_9_ADJ_b,M,P,les colliers avec la jupe qui étaient là depuis hier ne sont pas très intéressants <eos>,14,intéressants,intéressantes,12,F,S,intéressants,-6.3919897,intéressantes,-9.810257,1
9688,P_NOUN_9_ADJ_b,M,P,les colliers avec la jupe qui étaient là depuis hier ne sont pas très brillants <eos>,14,brillants,brillantes,12,F,S,brillants,-6.775959,brillantes,-9.545889,1
9689,P_NOUN_9_ADJ_b,M,P,les colliers avec la jupe qui étaient là depuis hier ne sont pas très compliqués <eos>,14,compliqués,compliquées,12,F,S,compliqués,-5.3236227,compliquées,-9.420764,1
9690,P_NOUN_9_ADJ_b,M,P,les colliers avec la colle qui étaient là depuis hier ne sont pas très verts <eos>,14,verts,vertes,12,F,S,verts,-8.429983,vertes,-12.907738,1
9691,P_NOUN_9_ADJ_b,M,P,les colliers avec la colle qui étaient là depuis hier ne sont pas très bleus <eos>,14,bleus,bleues,12,F,S,bleus,-10.370062,bleues,-13.987642,1
9692,P_NOUN_9_ADJ_b,M,P,les colliers avec la colle qui étaient là depuis hier ne sont pas très noirs <eos>,14,noirs,noires,12,F,S,noirs,-10.211548,noires,-12.511404,1
9693,P_NOUN_9_ADJ_b,M,P,les colliers avec la colle qui étaient là depuis hier ne sont pas très délicats <eos>,14,délicats,délicates,12,F,S,délicats,-7.2684946,délicates,-11.267248,1
9694,P_NOUN_9_ADJ_b,M,P,les colliers avec la colle qui étaient là depuis hier ne sont pas très pointus <eos>,14,pointus,pointues,12,F,S,pointus,-9.179281,pointues,-11.686399,1
9695,P_NOUN_9_ADJ_b,M,P,les colliers avec la colle qui étaient là depuis hier ne sont pas très ronds <eos>,14,ronds,rondes,12,F,S,ronds,-10.419735,rondes,-13.275652,1
9696,P_NOUN_9_ADJ_b,M,P,les colliers avec la colle qui étaient là depuis hier ne sont pas très froids <eos>,14,froids,froides,12,F,S,froids,-9.121474,froides,-9.011878,0
9697,P_NOUN_9_ADJ_b,M,P,les colliers avec la colle qui étaient là depuis hier ne sont pas très chauds <eos>,14,chauds,chaudes,12,F,S,chauds,-7.109866,chaudes,-9.769714,1
9698,P_NOUN_9_ADJ_b,M,P,les colliers avec la colle qui étaient là depuis hier ne sont pas très importants <eos>,14,importants,importantes,12,F,S,importants,-5.598475,importantes,-8.252724,1
9699,P_NOUN_9_ADJ_b,M,P,les colliers avec la colle qui étaient là depuis hier ne sont pas très courts <eos>,14,courts,courtes,12,F,S,courts,-5.944528,courtes,-9.290289,1
9700,P_NOUN_9_ADJ_b,M,P,les colliers avec la colle qui étaient là depuis hier ne sont pas très durs <eos>,14,durs,dures,12,F,S,durs,-5.0049024,dures,-7.553285,1
9701,P_NOUN_9_ADJ_b,M,P,les colliers avec la colle qui étaient là depuis hier ne sont pas très clairs <eos>,14,clairs,claires,12,F,S,clairs,-4.2792797,claires,-7.0218782,1
9702,P_NOUN_9_ADJ_b,M,P,les colliers avec la colle qui étaient là depuis hier ne sont pas très intéressants <eos>,14,intéressants,intéressantes,12,F,S,intéressants,-6.2471557,intéressantes,-9.361975,1
9703,P_NOUN_9_ADJ_b,M,P,les colliers avec la colle qui étaient là depuis hier ne sont pas très brillants <eos>,14,brillants,brillantes,12,F,S,brillants,-6.6653204,brillantes,-9.556284,1
9704,P_NOUN_9_ADJ_b,M,P,les colliers avec la colle qui étaient là depuis hier ne sont pas très compliqués <eos>,14,compliqués,compliquées,12,F,S,compliqués,-5.4199786,compliquées,-9.817413,1
9705,P_NOUN_9_ADJ_b,M,P,les colliers avec la lampe qui étaient là depuis hier ne sont pas très verts <eos>,14,verts,vertes,12,F,S,verts,-8.339361,vertes,-12.554879,1
9706,P_NOUN_9_ADJ_b,M,P,les colliers avec la lampe qui étaient là depuis hier ne sont pas très bleus <eos>,14,bleus,bleues,12,F,S,bleus,-10.280298,bleues,-13.366814,1
9707,P_NOUN_9_ADJ_b,M,P,les colliers avec la lampe qui étaient là depuis hier ne sont pas très noirs <eos>,14,noirs,noires,12,F,S,noirs,-10.332163,noires,-12.283239,1
9708,P_NOUN_9_ADJ_b,M,P,les colliers avec la lampe qui étaient là depuis hier ne sont pas très délicats <eos>,14,délicats,délicates,12,F,S,délicats,-7.2395477,délicates,-10.774942,1
9709,P_NOUN_9_ADJ_b,M,P,les colliers avec la lampe qui étaient là depuis hier ne sont pas très pointus <eos>,14,pointus,pointues,12,F,S,pointus,-9.013033,pointues,-11.284102,1
9710,P_NOUN_9_ADJ_b,M,P,les colliers avec la lampe qui étaient là depuis hier ne sont pas très ronds <eos>,14,ronds,rondes,12,F,S,ronds,-10.249038,rondes,-13.127327,1
9711,P_NOUN_9_ADJ_b,M,P,les colliers avec la lampe qui étaient là depuis hier ne sont pas très froids <eos>,14,froids,froides,12,F,S,froids,-9.064114,froides,-8.855919,0
9712,P_NOUN_9_ADJ_b,M,P,les colliers avec la lampe qui étaient là depuis hier ne sont pas très chauds <eos>,14,chauds,chaudes,12,F,S,chauds,-7.0640106,chaudes,-9.69761,1
9713,P_NOUN_9_ADJ_b,M,P,les colliers avec la lampe qui étaient là depuis hier ne sont pas très importants <eos>,14,importants,importantes,12,F,S,importants,-5.636189,importantes,-8.202671,1
9714,P_NOUN_9_ADJ_b,M,P,les colliers avec la lampe qui étaient là depuis hier ne sont pas très courts <eos>,14,courts,courtes,12,F,S,courts,-5.957714,courtes,-8.773343,1
9715,P_NOUN_9_ADJ_b,M,P,les colliers avec la lampe qui étaient là depuis hier ne sont pas très durs <eos>,14,durs,dures,12,F,S,durs,-4.961602,dures,-7.7224436,1
9716,P_NOUN_9_ADJ_b,M,P,les colliers avec la lampe qui étaient là depuis hier ne sont pas très clairs <eos>,14,clairs,claires,12,F,S,clairs,-4.057645,claires,-6.8925734,1
9717,P_NOUN_9_ADJ_b,M,P,les colliers avec la lampe qui étaient là depuis hier ne sont pas très intéressants <eos>,14,intéressants,intéressantes,12,F,S,intéressants,-6.1178455,intéressantes,-9.239694,1
9718,P_NOUN_9_ADJ_b,M,P,les colliers avec la lampe qui étaient là depuis hier ne sont pas très brillants <eos>,14,brillants,brillantes,12,F,S,brillants,-6.3890843,brillantes,-8.850796,1
9719,P_NOUN_9_ADJ_b,M,P,les colliers avec la lampe qui étaient là depuis hier ne sont pas très compliqués <eos>,14,compliqués,compliquées,12,F,S,compliqués,-5.0701485,compliquées,-9.372543,1
9720,P_NOUN_9_ADJ_b,M,P,les colliers avec la bouteille qui étaient là depuis hier ne sont pas très verts <eos>,14,verts,vertes,12,F,S,verts,-8.275598,vertes,-12.901965,1
9721,P_NOUN_9_ADJ_b,M,P,les colliers avec la bouteille qui étaient là depuis hier ne sont pas très bleus <eos>,14,bleus,bleues,12,F,S,bleus,-10.087318,bleues,-13.844837,1
9722,P_NOUN_9_ADJ_b,M,P,les colliers avec la bouteille qui étaient là depuis hier ne sont pas très noirs <eos>,14,noirs,noires,12,F,S,noirs,-9.949755,noires,-12.399858,1
9723,P_NOUN_9_ADJ_b,M,P,les colliers avec la bouteille qui étaient là depuis hier ne sont pas très délicats <eos>,14,délicats,délicates,12,F,S,délicats,-6.567441,délicates,-10.514425,1
9724,P_NOUN_9_ADJ_b,M,P,les colliers avec la bouteille qui étaient là depuis hier ne sont pas très pointus <eos>,14,pointus,pointues,12,F,S,pointus,-9.44604,pointues,-11.740664,1
9725,P_NOUN_9_ADJ_b,M,P,les colliers avec la bouteille qui étaient là depuis hier ne sont pas très ronds <eos>,14,ronds,rondes,12,F,S,ronds,-10.199678,rondes,-13.229715,1
9726,P_NOUN_9_ADJ_b,M,P,les colliers avec la bouteille qui étaient là depuis hier ne sont pas très froids <eos>,14,froids,froides,12,F,S,froids,-8.6438465,froides,-8.376615,0
9727,P_NOUN_9_ADJ_b,M,P,les colliers avec la bouteille qui étaient là depuis hier ne sont pas très chauds <eos>,14,chauds,chaudes,12,F,S,chauds,-7.135691,chaudes,-9.266895,1
9728,P_NOUN_9_ADJ_b,M,P,les colliers avec la bouteille qui étaient là depuis hier ne sont pas très importants <eos>,14,importants,importantes,12,F,S,importants,-5.1758175,importantes,-7.752411,1
9729,P_NOUN_9_ADJ_b,M,P,les colliers avec la bouteille qui étaient là depuis hier ne sont pas très courts <eos>,14,courts,courtes,12,F,S,courts,-5.8303394,courtes,-9.389742,1
9730,P_NOUN_9_ADJ_b,M,P,les colliers avec la bouteille qui étaient là depuis hier ne sont pas très durs <eos>,14,durs,dures,12,F,S,durs,-5.1448793,dures,-7.7506857,1
9731,P_NOUN_9_ADJ_b,M,P,les colliers avec la bouteille qui étaient là depuis hier ne sont pas très clairs <eos>,14,clairs,claires,12,F,S,clairs,-4.548702,claires,-6.8636184,1
9732,P_NOUN_9_ADJ_b,M,P,les colliers avec la bouteille qui étaient là depuis hier ne sont pas très intéressants <eos>,14,intéressants,intéressantes,12,F,S,intéressants,-6.029499,intéressantes,-9.055452,1
9733,P_NOUN_9_ADJ_b,M,P,les colliers avec la bouteille qui étaient là depuis hier ne sont pas très brillants <eos>,14,brillants,brillantes,12,F,S,brillants,-6.8666954,brillantes,-9.473757,1
9734,P_NOUN_9_ADJ_b,M,P,les colliers avec la bouteille qui étaient là depuis hier ne sont pas très compliqués <eos>,14,compliqués,compliquées,12,F,S,compliqués,-5.49692,compliquées,-9.709585,1
9735,P_NOUN_9_ADJ_b,M,P,les colliers avec la boisson qui étaient là depuis hier ne sont pas très verts <eos>,14,verts,vertes,12,F,S,verts,-8.150585,vertes,-13.134426,1
9736,P_NOUN_9_ADJ_b,M,P,les colliers avec la boisson qui étaient là depuis hier ne sont pas très bleus <eos>,14,bleus,bleues,12,F,S,bleus,-10.270697,bleues,-14.211521,1
9737,P_NOUN_9_ADJ_b,M,P,les colliers avec la boisson qui étaient là depuis hier ne sont pas très noirs <eos>,14,noirs,noires,12,F,S,noirs,-10.247549,noires,-12.822981,1
9738,P_NOUN_9_ADJ_b,M,P,les colliers avec la boisson qui étaient là depuis hier ne sont pas très délicats <eos>,14,délicats,délicates,12,F,S,délicats,-6.6127133,délicates,-10.672686,1
9739,P_NOUN_9_ADJ_b,M,P,les colliers avec la boisson qui étaient là depuis hier ne sont pas très pointus <eos>,14,pointus,pointues,12,F,S,pointus,-10.019583,pointues,-12.496885,1
9740,P_NOUN_9_ADJ_b,M,P,les colliers avec la boisson qui étaient là depuis hier ne sont pas très ronds <eos>,14,ronds,rondes,12,F,S,ronds,-10.5687275,rondes,-13.429085,1
9741,P_NOUN_9_ADJ_b,M,P,les colliers avec la boisson qui étaient là depuis hier ne sont pas très froids <eos>,14,froids,froides,12,F,S,froids,-8.066684,froides,-8.498973,1
9742,P_NOUN_9_ADJ_b,M,P,les colliers avec la boisson qui étaient là depuis hier ne sont pas très chauds <eos>,14,chauds,chaudes,12,F,S,chauds,-6.712356,chaudes,-9.216742,1
9743,P_NOUN_9_ADJ_b,M,P,les colliers avec la boisson qui étaient là depuis hier ne sont pas très importants <eos>,14,importants,importantes,12,F,S,importants,-5.103717,importantes,-7.7465143,1
9744,P_NOUN_9_ADJ_b,M,P,les colliers avec la boisson qui étaient là depuis hier ne sont pas très courts <eos>,14,courts,courtes,12,F,S,courts,-6.3409834,courtes,-9.89282,1
9745,P_NOUN_9_ADJ_b,M,P,les colliers avec la boisson qui étaient là depuis hier ne sont pas très durs <eos>,14,durs,dures,12,F,S,durs,-5.4080133,dures,-7.2771025,1
9746,P_NOUN_9_ADJ_b,M,P,les colliers avec la boisson qui étaient là depuis hier ne sont pas très clairs <eos>,14,clairs,claires,12,F,S,clairs,-4.3836656,claires,-7.036114,1
9747,P_NOUN_9_ADJ_b,M,P,les colliers avec la boisson qui étaient là depuis hier ne sont pas très intéressants <eos>,14,intéressants,intéressantes,12,F,S,intéressants,-6.1775885,intéressantes,-9.262763,1
9748,P_NOUN_9_ADJ_b,M,P,les colliers avec la boisson qui étaient là depuis hier ne sont pas très brillants <eos>,14,brillants,brillantes,12,F,S,brillants,-6.8619337,brillantes,-9.771574,1
9749,P_NOUN_9_ADJ_b,M,P,les colliers avec la boisson qui étaient là depuis hier ne sont pas très compliqués <eos>,14,compliqués,compliquées,12,F,S,compliqués,-5.8350086,compliquées,-10.223999,1
9750,P_NOUN_9_ADJ_b,M,P,les colliers avec la pomme qui étaient là depuis hier ne sont pas très verts <eos>,14,verts,vertes,12,F,S,verts,-8.502478,vertes,-13.270294,1
9751,P_NOUN_9_ADJ_b,M,P,les colliers avec la pomme qui étaient là depuis hier ne sont pas très bleus <eos>,14,bleus,bleues,12,F,S,bleus,-10.327468,bleues,-14.355327,1
9752,P_NOUN_9_ADJ_b,M,P,les colliers avec la pomme qui étaient là depuis hier ne sont pas très noirs <eos>,14,noirs,noires,12,F,S,noirs,-9.94701,noires,-12.703746,1
9753,P_NOUN_9_ADJ_b,M,P,les colliers avec la pomme qui étaient là depuis hier ne sont pas très délicats <eos>,14,délicats,délicates,12,F,S,délicats,-6.71772,délicates,-10.940436,1
9754,P_NOUN_9_ADJ_b,M,P,les colliers avec la pomme qui étaient là depuis hier ne sont pas très pointus <eos>,14,pointus,pointues,12,F,S,pointus,-9.278866,pointues,-12.010388,1
9755,P_NOUN_9_ADJ_b,M,P,les colliers avec la pomme qui étaient là depuis hier ne sont pas très ronds <eos>,14,ronds,rondes,12,F,S,ronds,-10.056475,rondes,-13.344769,1
9756,P_NOUN_9_ADJ_b,M,P,les colliers avec la pomme qui étaient là depuis hier ne sont pas très froids <eos>,14,froids,froides,12,F,S,froids,-8.636128,froides,-8.825821,1
9757,P_NOUN_9_ADJ_b,M,P,les colliers avec la pomme qui étaient là depuis hier ne sont pas très chauds <eos>,14,chauds,chaudes,12,F,S,chauds,-6.8902893,chaudes,-9.655591,1
9758,P_NOUN_9_ADJ_b,M,P,les colliers avec la pomme qui étaient là depuis hier ne sont pas très importants <eos>,14,importants,importantes,12,F,S,importants,-5.0405893,importantes,-7.979478,1
9759,P_NOUN_9_ADJ_b,M,P,les colliers avec la pomme qui étaient là depuis hier ne sont pas très courts <eos>,14,courts,courtes,12,F,S,courts,-6.009959,courtes,-9.526449,1
9760,P_NOUN_9_ADJ_b,M,P,les colliers avec la pomme qui étaient là depuis hier ne sont pas très durs <eos>,14,durs,dures,12,F,S,durs,-5.1270714,dures,-7.4856415,1
9761,P_NOUN_9_ADJ_b,M,P,les colliers avec la pomme qui étaient là depuis hier ne sont pas très clairs <eos>,14,clairs,claires,12,F,S,clairs,-4.149639,claires,-7.3039007,1
9762,P_NOUN_9_ADJ_b,M,P,les colliers avec la pomme qui étaient là depuis hier ne sont pas très intéressants <eos>,14,intéressants,intéressantes,12,F,S,intéressants,-5.9788055,intéressantes,-9.167046,1
9763,P_NOUN_9_ADJ_b,M,P,les colliers avec la pomme qui étaient là depuis hier ne sont pas très brillants <eos>,14,brillants,brillantes,12,F,S,brillants,-6.61104,brillantes,-9.532623,1
9764,P_NOUN_9_ADJ_b,M,P,les colliers avec la pomme qui étaient là depuis hier ne sont pas très compliqués <eos>,14,compliqués,compliquées,12,F,S,compliqués,-5.553019,compliquées,-9.941061,1
9765,P_NOUN_9_ADJ_b,M,P,les colliers avec la tasse qui étaient là depuis hier ne sont pas très verts <eos>,14,verts,vertes,12,F,S,verts,-7.8549404,vertes,-12.749227,1
9766,P_NOUN_9_ADJ_b,M,P,les colliers avec la tasse qui étaient là depuis hier ne sont pas très bleus <eos>,14,bleus,bleues,12,F,S,bleus,-9.481002,bleues,-13.443435,1
9767,P_NOUN_9_ADJ_b,M,P,les colliers avec la tasse qui étaient là depuis hier ne sont pas très noirs <eos>,14,noirs,noires,12,F,S,noirs,-9.393893,noires,-11.960659,1
9768,P_NOUN_9_ADJ_b,M,P,les colliers avec la tasse qui étaient là depuis hier ne sont pas très délicats <eos>,14,délicats,délicates,12,F,S,délicats,-6.8781,délicates,-9.962,1
9769,P_NOUN_9_ADJ_b,M,P,les colliers avec la tasse qui étaient là depuis hier ne sont pas très pointus <eos>,14,pointus,pointues,12,F,S,pointus,-9.644365,pointues,-11.764719,1
9770,P_NOUN_9_ADJ_b,M,P,les colliers avec la tasse qui étaient là depuis hier ne sont pas très ronds <eos>,14,ronds,rondes,12,F,S,ronds,-9.957057,rondes,-13.002352,1
9771,P_NOUN_9_ADJ_b,M,P,les colliers avec la tasse qui étaient là depuis hier ne sont pas très froids <eos>,14,froids,froides,12,F,S,froids,-8.23218,froides,-8.160749,0
9772,P_NOUN_9_ADJ_b,M,P,les colliers avec la tasse qui étaient là depuis hier ne sont pas très chauds <eos>,14,chauds,chaudes,12,F,S,chauds,-6.6115217,chaudes,-8.894183,1
9773,P_NOUN_9_ADJ_b,M,P,les colliers avec la tasse qui étaient là depuis hier ne sont pas très importants <eos>,14,importants,importantes,12,F,S,importants,-5.306052,importantes,-7.9037733,1
9774,P_NOUN_9_ADJ_b,M,P,les colliers avec la tasse qui étaient là depuis hier ne sont pas très courts <eos>,14,courts,courtes,12,F,S,courts,-6.138439,courtes,-9.72103,1
9775,P_NOUN_9_ADJ_b,M,P,les colliers avec la tasse qui étaient là depuis hier ne sont pas très durs <eos>,14,durs,dures,12,F,S,durs,-5.5652933,dures,-7.9512367,1
9776,P_NOUN_9_ADJ_b,M,P,les colliers avec la tasse qui étaient là depuis hier ne sont pas très clairs <eos>,14,clairs,claires,12,F,S,clairs,-4.0320325,claires,-6.697371,1
9777,P_NOUN_9_ADJ_b,M,P,les colliers avec la tasse qui étaient là depuis hier ne sont pas très intéressants <eos>,14,intéressants,intéressantes,12,F,S,intéressants,-6.335046,intéressantes,-9.630202,1
9778,P_NOUN_9_ADJ_b,M,P,les colliers avec la tasse qui étaient là depuis hier ne sont pas très brillants <eos>,14,brillants,brillantes,12,F,S,brillants,-6.9677935,brillantes,-9.79615,1
9779,P_NOUN_9_ADJ_b,M,P,les colliers avec la tasse qui étaient là depuis hier ne sont pas très compliqués <eos>,14,compliqués,compliquées,12,F,S,compliqués,-5.88913,compliquées,-10.196812,1
9780,P_NOUN_9_ADJ_b,M,P,les colliers avec la bougie qui étaient là depuis hier ne sont pas très verts <eos>,14,verts,vertes,12,F,S,verts,-8.381325,vertes,-13.07589,1
9781,P_NOUN_9_ADJ_b,M,P,les colliers avec la bougie qui étaient là depuis hier ne sont pas très bleus <eos>,14,bleus,bleues,12,F,S,bleus,-10.044325,bleues,-13.687679,1
9782,P_NOUN_9_ADJ_b,M,P,les colliers avec la bougie qui étaient là depuis hier ne sont pas très noirs <eos>,14,noirs,noires,12,F,S,noirs,-10.027722,noires,-12.65164,1
9783,P_NOUN_9_ADJ_b,M,P,les colliers avec la bougie qui étaient là depuis hier ne sont pas très délicats <eos>,14,délicats,délicates,12,F,S,délicats,-6.9184446,délicates,-10.68325,1
9784,P_NOUN_9_ADJ_b,M,P,les colliers avec la bougie qui étaient là depuis hier ne sont pas très pointus <eos>,14,pointus,pointues,12,F,S,pointus,-9.156481,pointues,-11.703836,1
9785,P_NOUN_9_ADJ_b,M,P,les colliers avec la bougie qui étaient là depuis hier ne sont pas très ronds <eos>,14,ronds,rondes,12,F,S,ronds,-10.411204,rondes,-13.474275,1
9786,P_NOUN_9_ADJ_b,M,P,les colliers avec la bougie qui étaient là depuis hier ne sont pas très froids <eos>,14,froids,froides,12,F,S,froids,-8.643797,froides,-8.592821,0
9787,P_NOUN_9_ADJ_b,M,P,les colliers avec la bougie qui étaient là depuis hier ne sont pas très chauds <eos>,14,chauds,chaudes,12,F,S,chauds,-7.110674,chaudes,-9.770757,1
9788,P_NOUN_9_ADJ_b,M,P,les colliers avec la bougie qui étaient là depuis hier ne sont pas très importants <eos>,14,importants,importantes,12,F,S,importants,-5.417288,importantes,-8.345838,1
9789,P_NOUN_9_ADJ_b,M,P,les colliers avec la bougie qui étaient là depuis hier ne sont pas très courts <eos>,14,courts,courtes,12,F,S,courts,-5.7822886,courtes,-9.174694,1
9790,P_NOUN_9_ADJ_b,M,P,les colliers avec la bougie qui étaient là depuis hier ne sont pas très durs <eos>,14,durs,dures,12,F,S,durs,-4.8402405,dures,-7.6695967,1
9791,P_NOUN_9_ADJ_b,M,P,les colliers avec la bougie qui étaient là depuis hier ne sont pas très clairs <eos>,14,clairs,claires,12,F,S,clairs,-3.8776221,claires,-7.104487,1
9792,P_NOUN_9_ADJ_b,M,P,les colliers avec la bougie qui étaient là depuis hier ne sont pas très intéressants <eos>,14,intéressants,intéressantes,12,F,S,intéressants,-5.9973087,intéressantes,-9.311571,1
9793,P_NOUN_9_ADJ_b,M,P,les colliers avec la bougie qui étaient là depuis hier ne sont pas très brillants <eos>,14,brillants,brillantes,12,F,S,brillants,-6.386329,brillantes,-9.352198,1
9794,P_NOUN_9_ADJ_b,M,P,les colliers avec la bougie qui étaient là depuis hier ne sont pas très compliqués <eos>,14,compliqués,compliquées,12,F,S,compliqués,-5.036951,compliquées,-9.329795,1
9795,P_NOUN_9_ADJ_b,M,P,les colliers avec la pochette qui étaient là depuis hier ne sont pas très verts <eos>,14,verts,vertes,12,F,S,verts,-7.870017,vertes,-12.643908,1
9796,P_NOUN_9_ADJ_b,M,P,les colliers avec la pochette qui étaient là depuis hier ne sont pas très bleus <eos>,14,bleus,bleues,12,F,S,bleus,-9.646286,bleues,-12.855213,1
9797,P_NOUN_9_ADJ_b,M,P,les colliers avec la pochette qui étaient là depuis hier ne sont pas très noirs <eos>,14,noirs,noires,12,F,S,noirs,-9.487834,noires,-12.107581,1
9798,P_NOUN_9_ADJ_b,M,P,les colliers avec la pochette qui étaient là depuis hier ne sont pas très délicats <eos>,14,délicats,délicates,12,F,S,délicats,-7.485137,délicates,-10.403512,1
9799,P_NOUN_9_ADJ_b,M,P,les colliers avec la pochette qui étaient là depuis hier ne sont pas très pointus <eos>,14,pointus,pointues,12,F,S,pointus,-9.439244,pointues,-11.795971,1
9800,P_NOUN_9_ADJ_b,M,P,les colliers avec la pochette qui étaient là depuis hier ne sont pas très ronds <eos>,14,ronds,rondes,12,F,S,ronds,-9.736547,rondes,-13.114582,1
9801,P_NOUN_9_ADJ_b,M,P,les colliers avec la pochette qui étaient là depuis hier ne sont pas très froids <eos>,14,froids,froides,12,F,S,froids,-10.016143,froides,-9.208139,0
9802,P_NOUN_9_ADJ_b,M,P,les colliers avec la pochette qui étaient là depuis hier ne sont pas très chauds <eos>,14,chauds,chaudes,12,F,S,chauds,-8.602923,chaudes,-10.815674,1
9803,P_NOUN_9_ADJ_b,M,P,les colliers avec la pochette qui étaient là depuis hier ne sont pas très importants <eos>,14,importants,importantes,12,F,S,importants,-5.8515177,importantes,-8.965869,1
9804,P_NOUN_9_ADJ_b,M,P,les colliers avec la pochette qui étaient là depuis hier ne sont pas très courts <eos>,14,courts,courtes,12,F,S,courts,-5.5542297,courtes,-9.037921,1
9805,P_NOUN_9_ADJ_b,M,P,les colliers avec la pochette qui étaient là depuis hier ne sont pas très durs <eos>,14,durs,dures,12,F,S,durs,-5.754775,dures,-8.588726,1
9806,P_NOUN_9_ADJ_b,M,P,les colliers avec la pochette qui étaient là depuis hier ne sont pas très clairs <eos>,14,clairs,claires,12,F,S,clairs,-4.038433,claires,-6.8244,1
9807,P_NOUN_9_ADJ_b,M,P,les colliers avec la pochette qui étaient là depuis hier ne sont pas très intéressants <eos>,14,intéressants,intéressantes,12,F,S,intéressants,-5.5175953,intéressantes,-9.331559,1
9808,P_NOUN_9_ADJ_b,M,P,les colliers avec la pochette qui étaient là depuis hier ne sont pas très brillants <eos>,14,brillants,brillantes,12,F,S,brillants,-7.236949,brillantes,-9.716175,1
9809,P_NOUN_9_ADJ_b,M,P,les colliers avec la pochette qui étaient là depuis hier ne sont pas très compliqués <eos>,14,compliqués,compliquées,12,F,S,compliqués,-5.45885,compliquées,-8.922977,1
9810,P_NOUN_9_ADJ_b,M,P,les colliers avec la banane qui étaient là depuis hier ne sont pas très verts <eos>,14,verts,vertes,12,F,S,verts,-8.287699,vertes,-12.882074,1
9811,P_NOUN_9_ADJ_b,M,P,les colliers avec la banane qui étaient là depuis hier ne sont pas très bleus <eos>,14,bleus,bleues,12,F,S,bleus,-9.932148,bleues,-13.535077,1
9812,P_NOUN_9_ADJ_b,M,P,les colliers avec la banane qui étaient là depuis hier ne sont pas très noirs <eos>,14,noirs,noires,12,F,S,noirs,-9.530578,noires,-12.435231,1
9813,P_NOUN_9_ADJ_b,M,P,les colliers avec la banane qui étaient là depuis hier ne sont pas très délicats <eos>,14,délicats,délicates,12,F,S,délicats,-7.001484,délicates,-10.630309,1
9814,P_NOUN_9_ADJ_b,M,P,les colliers avec la banane qui étaient là depuis hier ne sont pas très pointus <eos>,14,pointus,pointues,12,F,S,pointus,-9.487883,pointues,-12.217351,1
9815,P_NOUN_9_ADJ_b,M,P,les colliers avec la banane qui étaient là depuis hier ne sont pas très ronds <eos>,14,ronds,rondes,12,F,S,ronds,-9.946571,rondes,-13.504501,1
9816,P_NOUN_9_ADJ_b,M,P,les colliers avec la banane qui étaient là depuis hier ne sont pas très froids <eos>,14,froids,froides,12,F,S,froids,-8.007983,froides,-8.913665,1
9817,P_NOUN_9_ADJ_b,M,P,les colliers avec la banane qui étaient là depuis hier ne sont pas très chauds <eos>,14,chauds,chaudes,12,F,S,chauds,-7.0546694,chaudes,-9.293506,1
9818,P_NOUN_9_ADJ_b,M,P,les colliers avec la banane qui étaient là depuis hier ne sont pas très importants <eos>,14,importants,importantes,12,F,S,importants,-5.2027617,importantes,-8.153978,1
9819,P_NOUN_9_ADJ_b,M,P,les colliers avec la banane qui étaient là depuis hier ne sont pas très courts <eos>,14,courts,courtes,12,F,S,courts,-5.7643037,courtes,-9.589973,1
9820,P_NOUN_9_ADJ_b,M,P,les colliers avec la banane qui étaient là depuis hier ne sont pas très durs <eos>,14,durs,dures,12,F,S,durs,-4.951248,dures,-7.1575584,1
9821,P_NOUN_9_ADJ_b,M,P,les colliers avec la banane qui étaient là depuis hier ne sont pas très clairs <eos>,14,clairs,claires,12,F,S,clairs,-3.53089,claires,-6.7934537,1
9822,P_NOUN_9_ADJ_b,M,P,les colliers avec la banane qui étaient là depuis hier ne sont pas très intéressants <eos>,14,intéressants,intéressantes,12,F,S,intéressants,-6.2111835,intéressantes,-9.464858,1
9823,P_NOUN_9_ADJ_b,M,P,les colliers avec la banane qui étaient là depuis hier ne sont pas très brillants <eos>,14,brillants,brillantes,12,F,S,brillants,-6.5259504,brillantes,-9.122978,1
9824,P_NOUN_9_ADJ_b,M,P,les colliers avec la banane qui étaient là depuis hier ne sont pas très compliqués <eos>,14,compliqués,compliquées,12,F,S,compliqués,-5.908257,compliquées,-9.850788,1
9825,P_NOUN_9_ADJ_b,M,P,les colliers avec la robe qui étaient là depuis hier ne sont pas très verts <eos>,14,verts,vertes,12,F,S,verts,-8.076592,vertes,-12.817312,1
9826,P_NOUN_9_ADJ_b,M,P,les colliers avec la robe qui étaient là depuis hier ne sont pas très bleus <eos>,14,bleus,bleues,12,F,S,bleus,-9.162423,bleues,-12.973519,1
9827,P_NOUN_9_ADJ_b,M,P,les colliers avec la robe qui étaient là depuis hier ne sont pas très noirs <eos>,14,noirs,noires,12,F,S,noirs,-9.3341255,noires,-12.030777,1
9828,P_NOUN_9_ADJ_b,M,P,les colliers avec la robe qui étaient là depuis hier ne sont pas très délicats <eos>,14,délicats,délicates,12,F,S,délicats,-7.411295,délicates,-10.932876,1
9829,P_NOUN_9_ADJ_b,M,P,les colliers avec la robe qui étaient là depuis hier ne sont pas très pointus <eos>,14,pointus,pointues,12,F,S,pointus,-9.192652,pointues,-11.72167,1
9830,P_NOUN_9_ADJ_b,M,P,les colliers avec la robe qui étaient là depuis hier ne sont pas très ronds <eos>,14,ronds,rondes,12,F,S,ronds,-10.346157,rondes,-13.24258,1
9831,P_NOUN_9_ADJ_b,M,P,les colliers avec la robe qui étaient là depuis hier ne sont pas très froids <eos>,14,froids,froides,12,F,S,froids,-8.6876955,froides,-8.860635,1
9832,P_NOUN_9_ADJ_b,M,P,les colliers avec la robe qui étaient là depuis hier ne sont pas très chauds <eos>,14,chauds,chaudes,12,F,S,chauds,-6.7186537,chaudes,-9.931054,1
9833,P_NOUN_9_ADJ_b,M,P,les colliers avec la robe qui étaient là depuis hier ne sont pas très importants <eos>,14,importants,importantes,12,F,S,importants,-5.4214954,importantes,-8.137679,1
9834,P_NOUN_9_ADJ_b,M,P,les colliers avec la robe qui étaient là depuis hier ne sont pas très courts <eos>,14,courts,courtes,12,F,S,courts,-5.7257657,courtes,-8.784536,1
9835,P_NOUN_9_ADJ_b,M,P,les colliers avec la robe qui étaient là depuis hier ne sont pas très durs <eos>,14,durs,dures,12,F,S,durs,-5.2691026,dures,-7.618899,1
9836,P_NOUN_9_ADJ_b,M,P,les colliers avec la robe qui étaient là depuis hier ne sont pas très clairs <eos>,14,clairs,claires,12,F,S,clairs,-2.804113,claires,-6.879994,1
9837,P_NOUN_9_ADJ_b,M,P,les colliers avec la robe qui étaient là depuis hier ne sont pas très intéressants <eos>,14,intéressants,intéressantes,12,F,S,intéressants,-6.447876,intéressantes,-9.665985,1
9838,P_NOUN_9_ADJ_b,M,P,les colliers avec la robe qui étaient là depuis hier ne sont pas très brillants <eos>,14,brillants,brillantes,12,F,S,brillants,-6.483064,brillantes,-8.937317,1
9839,P_NOUN_9_ADJ_b,M,P,les colliers avec la robe qui étaient là depuis hier ne sont pas très compliqués <eos>,14,compliqués,compliquées,12,F,S,compliqués,-5.508609,compliquées,-9.797047,1
9840,P_NOUN_9_ADJ_b,M,P,les colliers avec la valise qui étaient là depuis hier ne sont pas très verts <eos>,14,verts,vertes,12,F,S,verts,-8.579369,vertes,-12.667805,1
9841,P_NOUN_9_ADJ_b,M,P,les colliers avec la valise qui étaient là depuis hier ne sont pas très bleus <eos>,14,bleus,bleues,12,F,S,bleus,-9.539534,bleues,-13.44735,1
9842,P_NOUN_9_ADJ_b,M,P,les colliers avec la valise qui étaient là depuis hier ne sont pas très noirs <eos>,14,noirs,noires,12,F,S,noirs,-9.869782,noires,-12.132951,1
9843,P_NOUN_9_ADJ_b,M,P,les colliers avec la valise qui étaient là depuis hier ne sont pas très délicats <eos>,14,délicats,délicates,12,F,S,délicats,-7.7660627,délicates,-10.444342,1
9844,P_NOUN_9_ADJ_b,M,P,les colliers avec la valise qui étaient là depuis hier ne sont pas très pointus <eos>,14,pointus,pointues,12,F,S,pointus,-8.675556,pointues,-11.581556,1
9845,P_NOUN_9_ADJ_b,M,P,les colliers avec la valise qui étaient là depuis hier ne sont pas très ronds <eos>,14,ronds,rondes,12,F,S,ronds,-10.742137,rondes,-13.277736,1
9846,P_NOUN_9_ADJ_b,M,P,les colliers avec la valise qui étaient là depuis hier ne sont pas très froids <eos>,14,froids,froides,12,F,S,froids,-9.455927,froides,-8.68483,0
9847,P_NOUN_9_ADJ_b,M,P,les colliers avec la valise qui étaient là depuis hier ne sont pas très chauds <eos>,14,chauds,chaudes,12,F,S,chauds,-7.3737154,chaudes,-10.280945,1
9848,P_NOUN_9_ADJ_b,M,P,les colliers avec la valise qui étaient là depuis hier ne sont pas très importants <eos>,14,importants,importantes,12,F,S,importants,-5.7411604,importantes,-8.546493,1
9849,P_NOUN_9_ADJ_b,M,P,les colliers avec la valise qui étaient là depuis hier ne sont pas très courts <eos>,14,courts,courtes,12,F,S,courts,-5.848675,courtes,-8.96033,1
9850,P_NOUN_9_ADJ_b,M,P,les colliers avec la valise qui étaient là depuis hier ne sont pas très durs <eos>,14,durs,dures,12,F,S,durs,-5.628995,dures,-8.353631,1
9851,P_NOUN_9_ADJ_b,M,P,les colliers avec la valise qui étaient là depuis hier ne sont pas très clairs <eos>,14,clairs,claires,12,F,S,clairs,-4.334634,claires,-7.3638115,1
9852,P_NOUN_9_ADJ_b,M,P,les colliers avec la valise qui étaient là depuis hier ne sont pas très intéressants <eos>,14,intéressants,intéressantes,12,F,S,intéressants,-5.822136,intéressantes,-9.725883,1
9853,P_NOUN_9_ADJ_b,M,P,les colliers avec la valise qui étaient là depuis hier ne sont pas très brillants <eos>,14,brillants,brillantes,12,F,S,brillants,-6.9250784,brillantes,-10.173926,1
9854,P_NOUN_9_ADJ_b,M,P,les colliers avec la valise qui étaient là depuis hier ne sont pas très compliqués <eos>,14,compliqués,compliquées,12,F,S,compliqués,-5.174,compliquées,-9.318996,1
9855,P_NOUN_9_ADJ_b,M,P,les colliers avec la pendule qui étaient là depuis hier ne sont pas très verts <eos>,14,verts,vertes,12,F,S,verts,-8.226926,vertes,-12.716785,1
9856,P_NOUN_9_ADJ_b,M,P,les colliers avec la pendule qui étaient là depuis hier ne sont pas très bleus <eos>,14,bleus,bleues,12,F,S,bleus,-10.313685,bleues,-13.695069,1
9857,P_NOUN_9_ADJ_b,M,P,les colliers avec la pendule qui étaient là depuis hier ne sont pas très noirs <eos>,14,noirs,noires,12,F,S,noirs,-10.337365,noires,-12.6187315,1
9858,P_NOUN_9_ADJ_b,M,P,les colliers avec la pendule qui étaient là depuis hier ne sont pas très délicats <eos>,14,délicats,délicates,12,F,S,délicats,-7.3934145,délicates,-11.165487,1
9859,P_NOUN_9_ADJ_b,M,P,les colliers avec la pendule qui étaient là depuis hier ne sont pas très pointus <eos>,14,pointus,pointues,12,F,S,pointus,-8.6105,pointues,-11.511614,1
9860,P_NOUN_9_ADJ_b,M,P,les colliers avec la pendule qui étaient là depuis hier ne sont pas très ronds <eos>,14,ronds,rondes,12,F,S,ronds,-10.419614,rondes,-13.46706,1
9861,P_NOUN_9_ADJ_b,M,P,les colliers avec la pendule qui étaient là depuis hier ne sont pas très froids <eos>,14,froids,froides,12,F,S,froids,-9.038761,froides,-8.949787,0
9862,P_NOUN_9_ADJ_b,M,P,les colliers avec la pendule qui étaient là depuis hier ne sont pas très chauds <eos>,14,chauds,chaudes,12,F,S,chauds,-7.008133,chaudes,-10.159055,1
9863,P_NOUN_9_ADJ_b,M,P,les colliers avec la pendule qui étaient là depuis hier ne sont pas très importants <eos>,14,importants,importantes,12,F,S,importants,-5.6002684,importantes,-8.550977,1
9864,P_NOUN_9_ADJ_b,M,P,les colliers avec la pendule qui étaient là depuis hier ne sont pas très courts <eos>,14,courts,courtes,12,F,S,courts,-5.6314974,courtes,-8.895932,1
9865,P_NOUN_9_ADJ_b,M,P,les colliers avec la pendule qui étaient là depuis hier ne sont pas très durs <eos>,14,durs,dures,12,F,S,durs,-4.6854167,dures,-7.8188033,1
9866,P_NOUN_9_ADJ_b,M,P,les colliers avec la pendule qui étaient là depuis hier ne sont pas très clairs <eos>,14,clairs,claires,12,F,S,clairs,-4.200152,claires,-7.4382634,1
9867,P_NOUN_9_ADJ_b,M,P,les colliers avec la pendule qui étaient là depuis hier ne sont pas très intéressants <eos>,14,intéressants,intéressantes,12,F,S,intéressants,-6.0723734,intéressantes,-9.50353,1
9868,P_NOUN_9_ADJ_b,M,P,les colliers avec la pendule qui étaient là depuis hier ne sont pas très brillants <eos>,14,brillants,brillantes,12,F,S,brillants,-6.405734,brillantes,-9.254703,1
9869,P_NOUN_9_ADJ_b,M,P,les colliers avec la pendule qui étaient là depuis hier ne sont pas très compliqués <eos>,14,compliqués,compliquées,12,F,S,compliqués,-4.8646283,compliquées,-9.4173565,1
9870,P_NOUN_9_ADJ_b,M,P,les colliers avec la cloche qui étaient là depuis hier ne sont pas très verts <eos>,14,verts,vertes,12,F,S,verts,-8.476863,vertes,-13.303838,1
9871,P_NOUN_9_ADJ_b,M,P,les colliers avec la cloche qui étaient là depuis hier ne sont pas très bleus <eos>,14,bleus,bleues,12,F,S,bleus,-10.293144,bleues,-13.918518,1
9872,P_NOUN_9_ADJ_b,M,P,les colliers avec la cloche qui étaient là depuis hier ne sont pas très noirs <eos>,14,noirs,noires,12,F,S,noirs,-10.303858,noires,-12.881111,1
9873,P_NOUN_9_ADJ_b,M,P,les colliers avec la cloche qui étaient là depuis hier ne sont pas très délicats <eos>,14,délicats,délicates,12,F,S,délicats,-7.1911306,délicates,-10.885921,1
9874,P_NOUN_9_ADJ_b,M,P,les colliers avec la cloche qui étaient là depuis hier ne sont pas très pointus <eos>,14,pointus,pointues,12,F,S,pointus,-9.086471,pointues,-11.811728,1
9875,P_NOUN_9_ADJ_b,M,P,les colliers avec la cloche qui étaient là depuis hier ne sont pas très ronds <eos>,14,ronds,rondes,12,F,S,ronds,-10.184869,rondes,-13.332024,1
9876,P_NOUN_9_ADJ_b,M,P,les colliers avec la cloche qui étaient là depuis hier ne sont pas très froids <eos>,14,froids,froides,12,F,S,froids,-9.450378,froides,-9.835561,1
9877,P_NOUN_9_ADJ_b,M,P,les colliers avec la cloche qui étaient là depuis hier ne sont pas très chauds <eos>,14,chauds,chaudes,12,F,S,chauds,-7.7398496,chaudes,-10.347193,1
9878,P_NOUN_9_ADJ_b,M,P,les colliers avec la cloche qui étaient là depuis hier ne sont pas très importants <eos>,14,importants,importantes,12,F,S,importants,-5.243184,importantes,-8.273553,1
9879,P_NOUN_9_ADJ_b,M,P,les colliers avec la cloche qui étaient là depuis hier ne sont pas très courts <eos>,14,courts,courtes,12,F,S,courts,-5.721359,courtes,-8.915197,1
9880,P_NOUN_9_ADJ_b,M,P,les colliers avec la cloche qui étaient là depuis hier ne sont pas très durs <eos>,14,durs,dures,12,F,S,durs,-5.4770756,dures,-7.7428493,1
9881,P_NOUN_9_ADJ_b,M,P,les colliers avec la cloche qui étaient là depuis hier ne sont pas très clairs <eos>,14,clairs,claires,12,F,S,clairs,-3.7069297,claires,-7.455233,1
9882,P_NOUN_9_ADJ_b,M,P,les colliers avec la cloche qui étaient là depuis hier ne sont pas très intéressants <eos>,14,intéressants,intéressantes,12,F,S,intéressants,-5.734358,intéressantes,-9.413703,1
9883,P_NOUN_9_ADJ_b,M,P,les colliers avec la cloche qui étaient là depuis hier ne sont pas très brillants <eos>,14,brillants,brillantes,12,F,S,brillants,-6.8692284,brillantes,-9.4874325,1
9884,P_NOUN_9_ADJ_b,M,P,les colliers avec la cloche qui étaient là depuis hier ne sont pas très compliqués <eos>,14,compliqués,compliquées,12,F,S,compliqués,-5.216879,compliquées,-9.324772,1
9885,P_NOUN_9_ADJ_b,M,P,les colliers avec la cerise qui étaient là depuis hier ne sont pas très verts <eos>,14,verts,vertes,12,F,S,verts,-8.195924,vertes,-12.866593,1
9886,P_NOUN_9_ADJ_b,M,P,les colliers avec la cerise qui étaient là depuis hier ne sont pas très bleus <eos>,14,bleus,bleues,12,F,S,bleus,-10.208638,bleues,-14.141658,1
9887,P_NOUN_9_ADJ_b,M,P,les colliers avec la cerise qui étaient là depuis hier ne sont pas très noirs <eos>,14,noirs,noires,12,F,S,noirs,-10.048715,noires,-12.895746,1
9888,P_NOUN_9_ADJ_b,M,P,les colliers avec la cerise qui étaient là depuis hier ne sont pas très délicats <eos>,14,délicats,délicates,12,F,S,délicats,-6.495329,délicates,-10.475187,1
9889,P_NOUN_9_ADJ_b,M,P,les colliers avec la cerise qui étaient là depuis hier ne sont pas très pointus <eos>,14,pointus,pointues,12,F,S,pointus,-9.723527,pointues,-12.037271,1
9890,P_NOUN_9_ADJ_b,M,P,les colliers avec la cerise qui étaient là depuis hier ne sont pas très ronds <eos>,14,ronds,rondes,12,F,S,ronds,-9.963485,rondes,-13.540446,1
9891,P_NOUN_9_ADJ_b,M,P,les colliers avec la cerise qui étaient là depuis hier ne sont pas très froids <eos>,14,froids,froides,12,F,S,froids,-7.892316,froides,-8.467554,1
9892,P_NOUN_9_ADJ_b,M,P,les colliers avec la cerise qui étaient là depuis hier ne sont pas très chauds <eos>,14,chauds,chaudes,12,F,S,chauds,-6.6003046,chaudes,-9.165499,1
9893,P_NOUN_9_ADJ_b,M,P,les colliers avec la cerise qui étaient là depuis hier ne sont pas très importants <eos>,14,importants,importantes,12,F,S,importants,-5.2745895,importantes,-8.112317,1
9894,P_NOUN_9_ADJ_b,M,P,les colliers avec la cerise qui étaient là depuis hier ne sont pas très courts <eos>,14,courts,courtes,12,F,S,courts,-6.2307196,courtes,-9.982761,1
9895,P_NOUN_9_ADJ_b,M,P,les colliers avec la cerise qui étaient là depuis hier ne sont pas très durs <eos>,14,durs,dures,12,F,S,durs,-5.1411433,dures,-7.4513106,1
9896,P_NOUN_9_ADJ_b,M,P,les colliers avec la cerise qui étaient là depuis hier ne sont pas très clairs <eos>,14,clairs,claires,12,F,S,clairs,-4.0243535,claires,-6.9864135,1
9897,P_NOUN_9_ADJ_b,M,P,les colliers avec la cerise qui étaient là depuis hier ne sont pas très intéressants <eos>,14,intéressants,intéressantes,12,F,S,intéressants,-6.2773447,intéressantes,-9.1542425,1
9898,P_NOUN_9_ADJ_b,M,P,les colliers avec la cerise qui étaient là depuis hier ne sont pas très brillants <eos>,14,brillants,brillantes,12,F,S,brillants,-6.3728237,brillantes,-9.284518,1
9899,P_NOUN_9_ADJ_b,M,P,les colliers avec la cerise qui étaient là depuis hier ne sont pas très compliqués <eos>,14,compliqués,compliquées,12,F,S,compliqués,-5.7628555,compliquées,-9.990315,1
9900,P_NOUN_9_ADJ_b,M,P,les chapeaux avec la gemme qui étaient là depuis hier ne sont pas très verts <eos>,14,verts,vertes,12,F,S,verts,-7.6504464,vertes,-12.961079,1
9901,P_NOUN_9_ADJ_b,M,P,les chapeaux avec la gemme qui étaient là depuis hier ne sont pas très bleus <eos>,14,bleus,bleues,12,F,S,bleus,-8.871003,bleues,-12.855286,1
9902,P_NOUN_9_ADJ_b,M,P,les chapeaux avec la gemme qui étaient là depuis hier ne sont pas très noirs <eos>,14,noirs,noires,12,F,S,noirs,-9.418054,noires,-12.161849,1
9903,P_NOUN_9_ADJ_b,M,P,les chapeaux avec la gemme qui étaient là depuis hier ne sont pas très délicats <eos>,14,délicats,délicates,12,F,S,délicats,-7.1149025,délicates,-9.85823,1
9904,P_NOUN_9_ADJ_b,M,P,les chapeaux avec la gemme qui étaient là depuis hier ne sont pas très pointus <eos>,14,pointus,pointues,12,F,S,pointus,-9.485534,pointues,-11.778985,1
9905,P_NOUN_9_ADJ_b,M,P,les chapeaux avec la gemme qui étaient là depuis hier ne sont pas très ronds <eos>,14,ronds,rondes,12,F,S,ronds,-10.21096,rondes,-13.489218,1
9906,P_NOUN_9_ADJ_b,M,P,les chapeaux avec la gemme qui étaient là depuis hier ne sont pas très froids <eos>,14,froids,froides,12,F,S,froids,-8.199884,froides,-8.081431,0
9907,P_NOUN_9_ADJ_b,M,P,les chapeaux avec la gemme qui étaient là depuis hier ne sont pas très chauds <eos>,14,chauds,chaudes,12,F,S,chauds,-6.5402446,chaudes,-9.448235,1
9908,P_NOUN_9_ADJ_b,M,P,les chapeaux avec la gemme qui étaient là depuis hier ne sont pas très importants <eos>,14,importants,importantes,12,F,S,importants,-5.2868824,importantes,-7.861182,1
9909,P_NOUN_9_ADJ_b,M,P,les chapeaux avec la gemme qui étaient là depuis hier ne sont pas très courts <eos>,14,courts,courtes,12,F,S,courts,-5.857198,courtes,-9.437508,1
9910,P_NOUN_9_ADJ_b,M,P,les chapeaux avec la gemme qui étaient là depuis hier ne sont pas très durs <eos>,14,durs,dures,12,F,S,durs,-5.589551,dures,-7.3637667,1
9911,P_NOUN_9_ADJ_b,M,P,les chapeaux avec la gemme qui étaient là depuis hier ne sont pas très clairs <eos>,14,clairs,claires,12,F,S,clairs,-3.0269518,claires,-6.541774,1
9912,P_NOUN_9_ADJ_b,M,P,les chapeaux avec la gemme qui étaient là depuis hier ne sont pas très intéressants <eos>,14,intéressants,intéressantes,12,F,S,intéressants,-5.9520636,intéressantes,-8.986164,1
9913,P_NOUN_9_ADJ_b,M,P,les chapeaux avec la gemme qui étaient là depuis hier ne sont pas très brillants <eos>,14,brillants,brillantes,12,F,S,brillants,-5.7601805,brillantes,-8.979415,1
9914,P_NOUN_9_ADJ_b,M,P,les chapeaux avec la gemme qui étaient là depuis hier ne sont pas très compliqués <eos>,14,compliqués,compliquées,12,F,S,compliqués,-5.479023,compliquées,-9.099793,1
9915,P_NOUN_9_ADJ_b,M,P,les chapeaux avec la chaise qui étaient là depuis hier ne sont pas très verts <eos>,14,verts,vertes,12,F,S,verts,-8.137742,vertes,-13.427758,1
9916,P_NOUN_9_ADJ_b,M,P,les chapeaux avec la chaise qui étaient là depuis hier ne sont pas très bleus <eos>,14,bleus,bleues,12,F,S,bleus,-9.202593,bleues,-13.087436,1
9917,P_NOUN_9_ADJ_b,M,P,les chapeaux avec la chaise qui étaient là depuis hier ne sont pas très noirs <eos>,14,noirs,noires,12,F,S,noirs,-9.416065,noires,-12.180407,1
9918,P_NOUN_9_ADJ_b,M,P,les chapeaux avec la chaise qui étaient là depuis hier ne sont pas très délicats <eos>,14,délicats,délicates,12,F,S,délicats,-7.563983,délicates,-10.275898,1
9919,P_NOUN_9_ADJ_b,M,P,les chapeaux avec la chaise qui étaient là depuis hier ne sont pas très pointus <eos>,14,pointus,pointues,12,F,S,pointus,-9.430452,pointues,-11.508274,1
9920,P_NOUN_9_ADJ_b,M,P,les chapeaux avec la chaise qui étaient là depuis hier ne sont pas très ronds <eos>,14,ronds,rondes,12,F,S,ronds,-9.8744755,rondes,-12.613989,1
9921,P_NOUN_9_ADJ_b,M,P,les chapeaux avec la chaise qui étaient là depuis hier ne sont pas très froids <eos>,14,froids,froides,12,F,S,froids,-8.908162,froides,-8.630852,0
9922,P_NOUN_9_ADJ_b,M,P,les chapeaux avec la chaise qui étaient là depuis hier ne sont pas très chauds <eos>,14,chauds,chaudes,12,F,S,chauds,-7.0975895,chaudes,-10.483385,1
9923,P_NOUN_9_ADJ_b,M,P,les chapeaux avec la chaise qui étaient là depuis hier ne sont pas très importants <eos>,14,importants,importantes,12,F,S,importants,-5.518219,importantes,-8.464013,1
9924,P_NOUN_9_ADJ_b,M,P,les chapeaux avec la chaise qui étaient là depuis hier ne sont pas très courts <eos>,14,courts,courtes,12,F,S,courts,-5.6868486,courtes,-8.896171,1
9925,P_NOUN_9_ADJ_b,M,P,les chapeaux avec la chaise qui étaient là depuis hier ne sont pas très durs <eos>,14,durs,dures,12,F,S,durs,-5.3355384,dures,-7.7047114,1
9926,P_NOUN_9_ADJ_b,M,P,les chapeaux avec la chaise qui étaient là depuis hier ne sont pas très clairs <eos>,14,clairs,claires,12,F,S,clairs,-3.5568893,claires,-6.880432,1
9927,P_NOUN_9_ADJ_b,M,P,les chapeaux avec la chaise qui étaient là depuis hier ne sont pas très intéressants <eos>,14,intéressants,intéressantes,12,F,S,intéressants,-5.9744015,intéressantes,-9.4463415,1
9928,P_NOUN_9_ADJ_b,M,P,les chapeaux avec la chaise qui étaient là depuis hier ne sont pas très brillants <eos>,14,brillants,brillantes,12,F,S,brillants,-6.3883295,brillantes,-9.536967,1
9929,P_NOUN_9_ADJ_b,M,P,les chapeaux avec la chaise qui étaient là depuis hier ne sont pas très compliqués <eos>,14,compliqués,compliquées,12,F,S,compliqués,-5.3163333,compliquées,-8.882055,1
9930,P_NOUN_9_ADJ_b,M,P,les chapeaux avec la poubelle qui étaient là depuis hier ne sont pas très verts <eos>,14,verts,vertes,12,F,S,verts,-8.141296,vertes,-13.176294,1
9931,P_NOUN_9_ADJ_b,M,P,les chapeaux avec la poubelle qui étaient là depuis hier ne sont pas très bleus <eos>,14,bleus,bleues,12,F,S,bleus,-9.28446,bleues,-13.170441,1
9932,P_NOUN_9_ADJ_b,M,P,les chapeaux avec la poubelle qui étaient là depuis hier ne sont pas très noirs <eos>,14,noirs,noires,12,F,S,noirs,-9.617417,noires,-12.405506,1
9933,P_NOUN_9_ADJ_b,M,P,les chapeaux avec la poubelle qui étaient là depuis hier ne sont pas très délicats <eos>,14,délicats,délicates,12,F,S,délicats,-7.3014784,délicates,-10.145428,1
9934,P_NOUN_9_ADJ_b,M,P,les chapeaux avec la poubelle qui étaient là depuis hier ne sont pas très pointus <eos>,14,pointus,pointues,12,F,S,pointus,-9.651421,pointues,-11.597443,1
9935,P_NOUN_9_ADJ_b,M,P,les chapeaux avec la poubelle qui étaient là depuis hier ne sont pas très ronds <eos>,14,ronds,rondes,12,F,S,ronds,-10.506221,rondes,-13.060592,1
9936,P_NOUN_9_ADJ_b,M,P,les chapeaux avec la poubelle qui étaient là depuis hier ne sont pas très froids <eos>,14,froids,froides,12,F,S,froids,-8.573237,froides,-8.037644,0
9937,P_NOUN_9_ADJ_b,M,P,les chapeaux avec la poubelle qui étaient là depuis hier ne sont pas très chauds <eos>,14,chauds,chaudes,12,F,S,chauds,-6.7595835,chaudes,-9.876063,1
9938,P_NOUN_9_ADJ_b,M,P,les chapeaux avec la poubelle qui étaient là depuis hier ne sont pas très importants <eos>,14,importants,importantes,12,F,S,importants,-5.5416346,importantes,-8.321772,1
9939,P_NOUN_9_ADJ_b,M,P,les chapeaux avec la poubelle qui étaient là depuis hier ne sont pas très courts <eos>,14,courts,courtes,12,F,S,courts,-6.1396313,courtes,-9.240119,1
9940,P_NOUN_9_ADJ_b,M,P,les chapeaux avec la poubelle qui étaient là depuis hier ne sont pas très durs <eos>,14,durs,dures,12,F,S,durs,-5.5211887,dures,-7.774246,1
9941,P_NOUN_9_ADJ_b,M,P,les chapeaux avec la poubelle qui étaient là depuis hier ne sont pas très clairs <eos>,14,clairs,claires,12,F,S,clairs,-3.7626338,claires,-6.857325,1
9942,P_NOUN_9_ADJ_b,M,P,les chapeaux avec la poubelle qui étaient là depuis hier ne sont pas très intéressants <eos>,14,intéressants,intéressantes,12,F,S,intéressants,-5.7402906,intéressantes,-9.083336,1
9943,P_NOUN_9_ADJ_b,M,P,les chapeaux avec la poubelle qui étaient là depuis hier ne sont pas très brillants <eos>,14,brillants,brillantes,12,F,S,brillants,-6.5972953,brillantes,-9.668453,1
9944,P_NOUN_9_ADJ_b,M,P,les chapeaux avec la poubelle qui étaient là depuis hier ne sont pas très compliqués <eos>,14,compliqués,compliquées,12,F,S,compliqués,-5.5017586,compliquées,-9.025104,1
9945,P_NOUN_9_ADJ_b,M,P,les chapeaux avec la chemise qui étaient là depuis hier ne sont pas très verts <eos>,14,verts,vertes,12,F,S,verts,-7.8763866,vertes,-13.16693,1
9946,P_NOUN_9_ADJ_b,M,P,les chapeaux avec la chemise qui étaient là depuis hier ne sont pas très bleus <eos>,14,bleus,bleues,12,F,S,bleus,-8.548011,bleues,-12.729947,1
9947,P_NOUN_9_ADJ_b,M,P,les chapeaux avec la chemise qui étaient là depuis hier ne sont pas très noirs <eos>,14,noirs,noires,12,F,S,noirs,-9.021066,noires,-11.887013,1
9948,P_NOUN_9_ADJ_b,M,P,les chapeaux avec la chemise qui étaient là depuis hier ne sont pas très délicats <eos>,14,délicats,délicates,12,F,S,délicats,-7.724782,délicates,-10.373201,1
9949,P_NOUN_9_ADJ_b,M,P,les chapeaux avec la chemise qui étaient là depuis hier ne sont pas très pointus <eos>,14,pointus,pointues,12,F,S,pointus,-9.273554,pointues,-11.547116,1
9950,P_NOUN_9_ADJ_b,M,P,les chapeaux avec la chemise qui étaient là depuis hier ne sont pas très ronds <eos>,14,ronds,rondes,12,F,S,ronds,-10.166645,rondes,-12.650261,1
9951,P_NOUN_9_ADJ_b,M,P,les chapeaux avec la chemise qui étaient là depuis hier ne sont pas très froids <eos>,14,froids,froides,12,F,S,froids,-8.919076,froides,-8.477804,0
9952,P_NOUN_9_ADJ_b,M,P,les chapeaux avec la chemise qui étaient là depuis hier ne sont pas très chauds <eos>,14,chauds,chaudes,12,F,S,chauds,-6.711072,chaudes,-10.548384,1
9953,P_NOUN_9_ADJ_b,M,P,les chapeaux avec la chemise qui étaient là depuis hier ne sont pas très importants <eos>,14,importants,importantes,12,F,S,importants,-5.6464605,importantes,-8.466829,1
9954,P_NOUN_9_ADJ_b,M,P,les chapeaux avec la chemise qui étaient là depuis hier ne sont pas très courts <eos>,14,courts,courtes,12,F,S,courts,-5.694663,courtes,-8.821927,1
9955,P_NOUN_9_ADJ_b,M,P,les chapeaux avec la chemise qui étaient là depuis hier ne sont pas très durs <eos>,14,durs,dures,12,F,S,durs,-5.5445175,dures,-7.7682257,1
9956,P_NOUN_9_ADJ_b,M,P,les chapeaux avec la chemise qui étaient là depuis hier ne sont pas très clairs <eos>,14,clairs,claires,12,F,S,clairs,-3.3224127,claires,-7.027442,1
9957,P_NOUN_9_ADJ_b,M,P,les chapeaux avec la chemise qui étaient là depuis hier ne sont pas très intéressants <eos>,14,intéressants,intéressantes,12,F,S,intéressants,-6.1189127,intéressantes,-9.583987,1
9958,P_NOUN_9_ADJ_b,M,P,les chapeaux avec la chemise qui étaient là depuis hier ne sont pas très brillants <eos>,14,brillants,brillantes,12,F,S,brillants,-6.41603,brillantes,-9.908899,1
9959,P_NOUN_9_ADJ_b,M,P,les chapeaux avec la chemise qui étaient là depuis hier ne sont pas très compliqués <eos>,14,compliqués,compliquées,12,F,S,compliqués,-5.7916446,compliquées,-9.26416,1
9960,P_NOUN_9_ADJ_b,M,P,les chapeaux avec la recette qui étaient là depuis hier ne sont pas très verts <eos>,14,verts,vertes,12,F,S,verts,-8.799203,vertes,-13.231077,1
9961,P_NOUN_9_ADJ_b,M,P,les chapeaux avec la recette qui étaient là depuis hier ne sont pas très bleus <eos>,14,bleus,bleues,12,F,S,bleus,-9.958777,bleues,-13.765797,1
9962,P_NOUN_9_ADJ_b,M,P,les chapeaux avec la recette qui étaient là depuis hier ne sont pas très noirs <eos>,14,noirs,noires,12,F,S,noirs,-10.5027275,noires,-13.041243,1
9963,P_NOUN_9_ADJ_b,M,P,les chapeaux avec la recette qui étaient là depuis hier ne sont pas très délicats <eos>,14,délicats,délicates,12,F,S,délicats,-6.9652424,délicates,-9.702989,1
9964,P_NOUN_9_ADJ_b,M,P,les chapeaux avec la recette qui étaient là depuis hier ne sont pas très pointus <eos>,14,pointus,pointues,12,F,S,pointus,-10.733022,pointues,-12.356933,1
9965,P_NOUN_9_ADJ_b,M,P,les chapeaux avec la recette qui étaient là depuis hier ne sont pas très ronds <eos>,14,ronds,rondes,12,F,S,ronds,-10.756594,rondes,-13.365328,1
9966,P_NOUN_9_ADJ_b,M,P,les chapeaux avec la recette qui étaient là depuis hier ne sont pas très froids <eos>,14,froids,froides,12,F,S,froids,-8.36207,froides,-7.835102,0
9967,P_NOUN_9_ADJ_b,M,P,les chapeaux avec la recette qui étaient là depuis hier ne sont pas très chauds <eos>,14,chauds,chaudes,12,F,S,chauds,-6.801711,chaudes,-9.355844,1
9968,P_NOUN_9_ADJ_b,M,P,les chapeaux avec la recette qui étaient là depuis hier ne sont pas très importants <eos>,14,importants,importantes,12,F,S,importants,-5.2890654,importantes,-6.989743,1
9969,P_NOUN_9_ADJ_b,M,P,les chapeaux avec la recette qui étaient là depuis hier ne sont pas très courts <eos>,14,courts,courtes,12,F,S,courts,-6.743477,courtes,-8.963688,1
9970,P_NOUN_9_ADJ_b,M,P,les chapeaux avec la recette qui étaient là depuis hier ne sont pas très durs <eos>,14,durs,dures,12,F,S,durs,-5.396429,dures,-7.2533693,1
9971,P_NOUN_9_ADJ_b,M,P,les chapeaux avec la recette qui étaient là depuis hier ne sont pas très clairs <eos>,14,clairs,claires,12,F,S,clairs,-4.356248,claires,-6.3819885,1
9972,P_NOUN_9_ADJ_b,M,P,les chapeaux avec la recette qui étaient là depuis hier ne sont pas très intéressants <eos>,14,intéressants,intéressantes,12,F,S,intéressants,-6.298004,intéressantes,-8.28071,1
9973,P_NOUN_9_ADJ_b,M,P,les chapeaux avec la recette qui étaient là depuis hier ne sont pas très brillants <eos>,14,brillants,brillantes,12,F,S,brillants,-6.7815166,brillantes,-9.133711,1
9974,P_NOUN_9_ADJ_b,M,P,les chapeaux avec la recette qui étaient là depuis hier ne sont pas très compliqués <eos>,14,compliqués,compliquées,12,F,S,compliqués,-5.8769436,compliquées,-9.028986,1
9975,P_NOUN_9_ADJ_b,M,P,les chapeaux avec la jupe qui étaient là depuis hier ne sont pas très verts <eos>,14,verts,vertes,12,F,S,verts,-8.088418,vertes,-12.960048,1
9976,P_NOUN_9_ADJ_b,M,P,les chapeaux avec la jupe qui étaient là depuis hier ne sont pas très bleus <eos>,14,bleus,bleues,12,F,S,bleus,-9.037725,bleues,-12.75823,1
9977,P_NOUN_9_ADJ_b,M,P,les chapeaux avec la jupe qui étaient là depuis hier ne sont pas très noirs <eos>,14,noirs,noires,12,F,S,noirs,-9.365219,noires,-11.90786,1
9978,P_NOUN_9_ADJ_b,M,P,les chapeaux avec la jupe qui étaient là depuis hier ne sont pas très délicats <eos>,14,délicats,délicates,12,F,S,délicats,-7.3229513,délicates,-9.973743,1
9979,P_NOUN_9_ADJ_b,M,P,les chapeaux avec la jupe qui étaient là depuis hier ne sont pas très pointus <eos>,14,pointus,pointues,12,F,S,pointus,-9.403894,pointues,-11.56663,1
9980,P_NOUN_9_ADJ_b,M,P,les chapeaux avec la jupe qui étaient là depuis hier ne sont pas très ronds <eos>,14,ronds,rondes,12,F,S,ronds,-9.942024,rondes,-12.767336,1
9981,P_NOUN_9_ADJ_b,M,P,les chapeaux avec la jupe qui étaient là depuis hier ne sont pas très froids <eos>,14,froids,froides,12,F,S,froids,-8.907673,froides,-8.2495365,0
9982,P_NOUN_9_ADJ_b,M,P,les chapeaux avec la jupe qui étaient là depuis hier ne sont pas très chauds <eos>,14,chauds,chaudes,12,F,S,chauds,-6.8292656,chaudes,-10.060273,1
9983,P_NOUN_9_ADJ_b,M,P,les chapeaux avec la jupe qui étaient là depuis hier ne sont pas très importants <eos>,14,importants,importantes,12,F,S,importants,-5.535186,importantes,-7.895091,1
9984,P_NOUN_9_ADJ_b,M,P,les chapeaux avec la jupe qui étaient là depuis hier ne sont pas très courts <eos>,14,courts,courtes,12,F,S,courts,-5.8209434,courtes,-8.624395,1
9985,P_NOUN_9_ADJ_b,M,P,les chapeaux avec la jupe qui étaient là depuis hier ne sont pas très durs <eos>,14,durs,dures,12,F,S,durs,-5.4934773,dures,-7.6531997,1
9986,P_NOUN_9_ADJ_b,M,P,les chapeaux avec la jupe qui étaient là depuis hier ne sont pas très clairs <eos>,14,clairs,claires,12,F,S,clairs,-3.2561164,claires,-6.514395,1
9987,P_NOUN_9_ADJ_b,M,P,les chapeaux avec la jupe qui étaient là depuis hier ne sont pas très intéressants <eos>,14,intéressants,intéressantes,12,F,S,intéressants,-6.221695,intéressantes,-9.141003,1
9988,P_NOUN_9_ADJ_b,M,P,les chapeaux avec la jupe qui étaient là depuis hier ne sont pas très brillants <eos>,14,brillants,brillantes,12,F,S,brillants,-6.4509606,brillantes,-9.44969,1
9989,P_NOUN_9_ADJ_b,M,P,les chapeaux avec la jupe qui étaient là depuis hier ne sont pas très compliqués <eos>,14,compliqués,compliquées,12,F,S,compliqués,-5.6376514,compliquées,-9.100029,1
9990,P_NOUN_9_ADJ_b,M,P,les chapeaux avec la colle qui étaient là depuis hier ne sont pas très verts <eos>,14,verts,vertes,12,F,S,verts,-8.115743,vertes,-13.00236,1
9991,P_NOUN_9_ADJ_b,M,P,les chapeaux avec la colle qui étaient là depuis hier ne sont pas très bleus <eos>,14,bleus,bleues,12,F,S,bleus,-9.587378,bleues,-13.292629,1
9992,P_NOUN_9_ADJ_b,M,P,les chapeaux avec la colle qui étaient là depuis hier ne sont pas très noirs <eos>,14,noirs,noires,12,F,S,noirs,-9.819048,noires,-12.330677,1
9993,P_NOUN_9_ADJ_b,M,P,les chapeaux avec la colle qui étaient là depuis hier ne sont pas très délicats <eos>,14,délicats,délicates,12,F,S,délicats,-7.095318,délicates,-10.35584,1
9994,P_NOUN_9_ADJ_b,M,P,les chapeaux avec la colle qui étaient là depuis hier ne sont pas très pointus <eos>,14,pointus,pointues,12,F,S,pointus,-9.849534,pointues,-11.749691,1
9995,P_NOUN_9_ADJ_b,M,P,les chapeaux avec la colle qui étaient là depuis hier ne sont pas très ronds <eos>,14,ronds,rondes,12,F,S,ronds,-10.29295,rondes,-13.243879,1
9996,P_NOUN_9_ADJ_b,M,P,les chapeaux avec la colle qui étaient là depuis hier ne sont pas très froids <eos>,14,froids,froides,12,F,S,froids,-8.641204,froides,-7.9208117,0
9997,P_NOUN_9_ADJ_b,M,P,les chapeaux avec la colle qui étaient là depuis hier ne sont pas très chauds <eos>,14,chauds,chaudes,12,F,S,chauds,-6.3381734,chaudes,-9.289709,1
9998,P_NOUN_9_ADJ_b,M,P,les chapeaux avec la colle qui étaient là depuis hier ne sont pas très importants <eos>,14,importants,importantes,12,F,S,importants,-5.584658,importantes,-7.8029895,1
9999,P_NOUN_9_ADJ_b,M,P,les chapeaux avec la colle qui étaient là depuis hier ne sont pas très courts <eos>,14,courts,courtes,12,F,S,courts,-6.410226,courtes,-9.497763,1
10000,P_NOUN_9_ADJ_b,M,P,les chapeaux avec la colle qui étaient là depuis hier ne sont pas très durs <eos>,14,durs,dures,12,F,S,durs,-5.369361,dures,-7.3605757,1
10001,P_NOUN_9_ADJ_b,M,P,les chapeaux avec la colle qui étaient là depuis hier ne sont pas très clairs <eos>,14,clairs,claires,12,F,S,clairs,-3.8844192,claires,-6.2979965,1
10002,P_NOUN_9_ADJ_b,M,P,les chapeaux avec la colle qui étaient là depuis hier ne sont pas très intéressants <eos>,14,intéressants,intéressantes,12,F,S,intéressants,-6.246928,intéressantes,-8.843347,1
10003,P_NOUN_9_ADJ_b,M,P,les chapeaux avec la colle qui étaient là depuis hier ne sont pas très brillants <eos>,14,brillants,brillantes,12,F,S,brillants,-6.320416,brillantes,-9.3575325,1
10004,P_NOUN_9_ADJ_b,M,P,les chapeaux avec la colle qui étaient là depuis hier ne sont pas très compliqués <eos>,14,compliqués,compliquées,12,F,S,compliqués,-5.7784204,compliquées,-9.493345,1
10005,P_NOUN_9_ADJ_b,M,P,les chapeaux avec la lampe qui étaient là depuis hier ne sont pas très verts <eos>,14,verts,vertes,12,F,S,verts,-8.1991825,vertes,-12.663988,1
10006,P_NOUN_9_ADJ_b,M,P,les chapeaux avec la lampe qui étaient là depuis hier ne sont pas très bleus <eos>,14,bleus,bleues,12,F,S,bleus,-9.701933,bleues,-12.72802,1
10007,P_NOUN_9_ADJ_b,M,P,les chapeaux avec la lampe qui étaient là depuis hier ne sont pas très noirs <eos>,14,noirs,noires,12,F,S,noirs,-10.055883,noires,-12.138374,1
10008,P_NOUN_9_ADJ_b,M,P,les chapeaux avec la lampe qui étaient là depuis hier ne sont pas très délicats <eos>,14,délicats,délicates,12,F,S,délicats,-7.1267166,délicates,-9.720119,1
10009,P_NOUN_9_ADJ_b,M,P,les chapeaux avec la lampe qui étaient là depuis hier ne sont pas très pointus <eos>,14,pointus,pointues,12,F,S,pointus,-9.852997,pointues,-11.333351,1
10010,P_NOUN_9_ADJ_b,M,P,les chapeaux avec la lampe qui étaient là depuis hier ne sont pas très ronds <eos>,14,ronds,rondes,12,F,S,ronds,-10.3137045,rondes,-13.04506,1
10011,P_NOUN_9_ADJ_b,M,P,les chapeaux avec la lampe qui étaient là depuis hier ne sont pas très froids <eos>,14,froids,froides,12,F,S,froids,-8.820703,froides,-7.816368,0
10012,P_NOUN_9_ADJ_b,M,P,les chapeaux avec la lampe qui étaient là depuis hier ne sont pas très chauds <eos>,14,chauds,chaudes,12,F,S,chauds,-6.5896506,chaudes,-9.281521,1
10013,P_NOUN_9_ADJ_b,M,P,les chapeaux avec la lampe qui étaient là depuis hier ne sont pas très importants <eos>,14,importants,importantes,12,F,S,importants,-5.48724,importantes,-7.473441,1
10014,P_NOUN_9_ADJ_b,M,P,les chapeaux avec la lampe qui étaient là depuis hier ne sont pas très courts <eos>,14,courts,courtes,12,F,S,courts,-6.414373,courtes,-8.782742,1
10015,P_NOUN_9_ADJ_b,M,P,les chapeaux avec la lampe qui étaient là depuis hier ne sont pas très durs <eos>,14,durs,dures,12,F,S,durs,-5.3062897,dures,-7.4454365,1
10016,P_NOUN_9_ADJ_b,M,P,les chapeaux avec la lampe qui étaient là depuis hier ne sont pas très clairs <eos>,14,clairs,claires,12,F,S,clairs,-3.6612706,claires,-6.1802964,1
10017,P_NOUN_9_ADJ_b,M,P,les chapeaux avec la lampe qui étaient là depuis hier ne sont pas très intéressants <eos>,14,intéressants,intéressantes,12,F,S,intéressants,-5.8110876,intéressantes,-8.341553,1
10018,P_NOUN_9_ADJ_b,M,P,les chapeaux avec la lampe qui étaient là depuis hier ne sont pas très brillants <eos>,14,brillants,brillantes,12,F,S,brillants,-6.223734,brillantes,-8.617215,1
10019,P_NOUN_9_ADJ_b,M,P,les chapeaux avec la lampe qui étaient là depuis hier ne sont pas très compliqués <eos>,14,compliqués,compliquées,12,F,S,compliqués,-5.4106054,compliquées,-8.745521,1
10020,P_NOUN_9_ADJ_b,M,P,les chapeaux avec la bouteille qui étaient là depuis hier ne sont pas très verts <eos>,14,verts,vertes,12,F,S,verts,-8.128626,vertes,-13.187236,1
10021,P_NOUN_9_ADJ_b,M,P,les chapeaux avec la bouteille qui étaient là depuis hier ne sont pas très bleus <eos>,14,bleus,bleues,12,F,S,bleus,-9.434381,bleues,-13.344889,1
10022,P_NOUN_9_ADJ_b,M,P,les chapeaux avec la bouteille qui étaient là depuis hier ne sont pas très noirs <eos>,14,noirs,noires,12,F,S,noirs,-9.692017,noires,-12.462153,1
10023,P_NOUN_9_ADJ_b,M,P,les chapeaux avec la bouteille qui étaient là depuis hier ne sont pas très délicats <eos>,14,délicats,délicates,12,F,S,délicats,-6.55832,délicates,-9.606401,1
10024,P_NOUN_9_ADJ_b,M,P,les chapeaux avec la bouteille qui étaient là depuis hier ne sont pas très pointus <eos>,14,pointus,pointues,12,F,S,pointus,-10.225375,pointues,-11.89417,1
10025,P_NOUN_9_ADJ_b,M,P,les chapeaux avec la bouteille qui étaient là depuis hier ne sont pas très ronds <eos>,14,ronds,rondes,12,F,S,ronds,-10.203041,rondes,-13.39099,1
10026,P_NOUN_9_ADJ_b,M,P,les chapeaux avec la bouteille qui étaient là depuis hier ne sont pas très froids <eos>,14,froids,froides,12,F,S,froids,-8.256102,froides,-7.379641,0
10027,P_NOUN_9_ADJ_b,M,P,les chapeaux avec la bouteille qui étaient là depuis hier ne sont pas très chauds <eos>,14,chauds,chaudes,12,F,S,chauds,-6.5686173,chaudes,-9.094618,1
10028,P_NOUN_9_ADJ_b,M,P,les chapeaux avec la bouteille qui étaient là depuis hier ne sont pas très importants <eos>,14,importants,importantes,12,F,S,importants,-5.1803265,importantes,-7.4252167,1
10029,P_NOUN_9_ADJ_b,M,P,les chapeaux avec la bouteille qui étaient là depuis hier ne sont pas très courts <eos>,14,courts,courtes,12,F,S,courts,-6.239476,courtes,-9.639316,1
10030,P_NOUN_9_ADJ_b,M,P,les chapeaux avec la bouteille qui étaient là depuis hier ne sont pas très durs <eos>,14,durs,dures,12,F,S,durs,-5.516739,dures,-7.53111,1
10031,P_NOUN_9_ADJ_b,M,P,les chapeaux avec la bouteille qui étaient là depuis hier ne sont pas très clairs <eos>,14,clairs,claires,12,F,S,clairs,-4.3788786,claires,-6.3707314,1
10032,P_NOUN_9_ADJ_b,M,P,les chapeaux avec la bouteille qui étaient là depuis hier ne sont pas très intéressants <eos>,14,intéressants,intéressantes,12,F,S,intéressants,-5.9248934,intéressantes,-8.547584,1
10033,P_NOUN_9_ADJ_b,M,P,les chapeaux avec la bouteille qui étaient là depuis hier ne sont pas très brillants <eos>,14,brillants,brillantes,12,F,S,brillants,-6.6410832,brillantes,-9.377861,1
10034,P_NOUN_9_ADJ_b,M,P,les chapeaux avec la bouteille qui étaient là depuis hier ne sont pas très compliqués <eos>,14,compliqués,compliquées,12,F,S,compliqués,-5.866554,compliquées,-9.321726,1
10035,P_NOUN_9_ADJ_b,M,P,les chapeaux avec la boisson qui étaient là depuis hier ne sont pas très verts <eos>,14,verts,vertes,12,F,S,verts,-8.046776,vertes,-13.266552,1
10036,P_NOUN_9_ADJ_b,M,P,les chapeaux avec la boisson qui étaient là depuis hier ne sont pas très bleus <eos>,14,bleus,bleues,12,F,S,bleus,-9.478914,bleues,-13.462978,1
10037,P_NOUN_9_ADJ_b,M,P,les chapeaux avec la boisson qui étaient là depuis hier ne sont pas très noirs <eos>,14,noirs,noires,12,F,S,noirs,-9.751356,noires,-12.630271,1
10038,P_NOUN_9_ADJ_b,M,P,les chapeaux avec la boisson qui étaient là depuis hier ne sont pas très délicats <eos>,14,délicats,délicates,12,F,S,délicats,-6.7723784,délicates,-9.759979,1
10039,P_NOUN_9_ADJ_b,M,P,les chapeaux avec la boisson qui étaient là depuis hier ne sont pas très pointus <eos>,14,pointus,pointues,12,F,S,pointus,-10.499142,pointues,-12.441875,1
10040,P_NOUN_9_ADJ_b,M,P,les chapeaux avec la boisson qui étaient là depuis hier ne sont pas très ronds <eos>,14,ronds,rondes,12,F,S,ronds,-10.551394,rondes,-13.404123,1
10041,P_NOUN_9_ADJ_b,M,P,les chapeaux avec la boisson qui étaient là depuis hier ne sont pas très froids <eos>,14,froids,froides,12,F,S,froids,-7.782111,froides,-7.6793175,0
10042,P_NOUN_9_ADJ_b,M,P,les chapeaux avec la boisson qui étaient là depuis hier ne sont pas très chauds <eos>,14,chauds,chaudes,12,F,S,chauds,-6.417885,chaudes,-9.18759,1
10043,P_NOUN_9_ADJ_b,M,P,les chapeaux avec la boisson qui étaient là depuis hier ne sont pas très importants <eos>,14,importants,importantes,12,F,S,importants,-5.2319136,importantes,-7.4634476,1
10044,P_NOUN_9_ADJ_b,M,P,les chapeaux avec la boisson qui étaient là depuis hier ne sont pas très courts <eos>,14,courts,courtes,12,F,S,courts,-6.665498,courtes,-9.867377,1
10045,P_NOUN_9_ADJ_b,M,P,les chapeaux avec la boisson qui étaient là depuis hier ne sont pas très durs <eos>,14,durs,dures,12,F,S,durs,-5.6305156,dures,-7.0741982,1
10046,P_NOUN_9_ADJ_b,M,P,les chapeaux avec la boisson qui étaient là depuis hier ne sont pas très clairs <eos>,14,clairs,claires,12,F,S,clairs,-4.1777334,claires,-6.459038,1
10047,P_NOUN_9_ADJ_b,M,P,les chapeaux avec la boisson qui étaient là depuis hier ne sont pas très intéressants <eos>,14,intéressants,intéressantes,12,F,S,intéressants,-6.2031507,intéressantes,-8.865692,1
10048,P_NOUN_9_ADJ_b,M,P,les chapeaux avec la boisson qui étaient là depuis hier ne sont pas très brillants <eos>,14,brillants,brillantes,12,F,S,brillants,-6.499593,brillantes,-9.514888,1
10049,P_NOUN_9_ADJ_b,M,P,les chapeaux avec la boisson qui étaient là depuis hier ne sont pas très compliqués <eos>,14,compliqués,compliquées,12,F,S,compliqués,-6.2171803,compliquées,-9.98775,1
10050,P_NOUN_9_ADJ_b,M,P,les chapeaux avec la pomme qui étaient là depuis hier ne sont pas très verts <eos>,14,verts,vertes,12,F,S,verts,-8.302992,vertes,-13.521423,1
10051,P_NOUN_9_ADJ_b,M,P,les chapeaux avec la pomme qui étaient là depuis hier ne sont pas très bleus <eos>,14,bleus,bleues,12,F,S,bleus,-9.50333,bleues,-13.6247835,1
10052,P_NOUN_9_ADJ_b,M,P,les chapeaux avec la pomme qui étaient là depuis hier ne sont pas très noirs <eos>,14,noirs,noires,12,F,S,noirs,-9.592333,noires,-12.739376,1
10053,P_NOUN_9_ADJ_b,M,P,les chapeaux avec la pomme qui étaient là depuis hier ne sont pas très délicats <eos>,14,délicats,délicates,12,F,S,délicats,-7.075624,délicates,-10.188271,1
10054,P_NOUN_9_ADJ_b,M,P,les chapeaux avec la pomme qui étaient là depuis hier ne sont pas très pointus <eos>,14,pointus,pointues,12,F,S,pointus,-9.945559,pointues,-12.100025,1
10055,P_NOUN_9_ADJ_b,M,P,les chapeaux avec la pomme qui étaient là depuis hier ne sont pas très ronds <eos>,14,ronds,rondes,12,F,S,ronds,-10.331794,rondes,-13.620967,1
10056,P_NOUN_9_ADJ_b,M,P,les chapeaux avec la pomme qui étaient là depuis hier ne sont pas très froids <eos>,14,froids,froides,12,F,S,froids,-8.291366,froides,-8.094886,0
10057,P_NOUN_9_ADJ_b,M,P,les chapeaux avec la pomme qui étaient là depuis hier ne sont pas très chauds <eos>,14,chauds,chaudes,12,F,S,chauds,-6.5949745,chaudes,-9.869766,1
10058,P_NOUN_9_ADJ_b,M,P,les chapeaux avec la pomme qui étaient là depuis hier ne sont pas très importants <eos>,14,importants,importantes,12,F,S,importants,-5.0917673,importantes,-7.817732,1
10059,P_NOUN_9_ADJ_b,M,P,les chapeaux avec la pomme qui étaient là depuis hier ne sont pas très courts <eos>,14,courts,courtes,12,F,S,courts,-6.4155817,courtes,-9.738258,1
10060,P_NOUN_9_ADJ_b,M,P,les chapeaux avec la pomme qui étaient là depuis hier ne sont pas très durs <eos>,14,durs,dures,12,F,S,durs,-5.202571,dures,-7.380535,1
10061,P_NOUN_9_ADJ_b,M,P,les chapeaux avec la pomme qui étaient là depuis hier ne sont pas très clairs <eos>,14,clairs,claires,12,F,S,clairs,-3.8857129,claires,-6.909688,1
10062,P_NOUN_9_ADJ_b,M,P,les chapeaux avec la pomme qui étaient là depuis hier ne sont pas très intéressants <eos>,14,intéressants,intéressantes,12,F,S,intéressants,-5.828864,intéressantes,-8.735889,1
10063,P_NOUN_9_ADJ_b,M,P,les chapeaux avec la pomme qui étaient là depuis hier ne sont pas très brillants <eos>,14,brillants,brillantes,12,F,S,brillants,-6.19442,brillantes,-9.331354,1
10064,P_NOUN_9_ADJ_b,M,P,les chapeaux avec la pomme qui étaient là depuis hier ne sont pas très compliqués <eos>,14,compliqués,compliquées,12,F,S,compliqués,-5.834124,compliquées,-9.46018,1
10065,P_NOUN_9_ADJ_b,M,P,les chapeaux avec la tasse qui étaient là depuis hier ne sont pas très verts <eos>,14,verts,vertes,12,F,S,verts,-7.6887393,vertes,-12.852247,1
10066,P_NOUN_9_ADJ_b,M,P,les chapeaux avec la tasse qui étaient là depuis hier ne sont pas très bleus <eos>,14,bleus,bleues,12,F,S,bleus,-8.845245,bleues,-12.894873,1
10067,P_NOUN_9_ADJ_b,M,P,les chapeaux avec la tasse qui étaient là depuis hier ne sont pas très noirs <eos>,14,noirs,noires,12,F,S,noirs,-8.931852,noires,-11.858528,1
10068,P_NOUN_9_ADJ_b,M,P,les chapeaux avec la tasse qui étaient là depuis hier ne sont pas très délicats <eos>,14,délicats,délicates,12,F,S,délicats,-6.9342017,délicates,-9.006561,1
10069,P_NOUN_9_ADJ_b,M,P,les chapeaux avec la tasse qui étaient là depuis hier ne sont pas très pointus <eos>,14,pointus,pointues,12,F,S,pointus,-10.191019,pointues,-11.993907,1
10070,P_NOUN_9_ADJ_b,M,P,les chapeaux avec la tasse qui étaient là depuis hier ne sont pas très ronds <eos>,14,ronds,rondes,12,F,S,ronds,-9.864544,rondes,-12.897461,1
10071,P_NOUN_9_ADJ_b,M,P,les chapeaux avec la tasse qui étaient là depuis hier ne sont pas très froids <eos>,14,froids,froides,12,F,S,froids,-7.745267,froides,-7.1834097,0
10072,P_NOUN_9_ADJ_b,M,P,les chapeaux avec la tasse qui étaient là depuis hier ne sont pas très chauds <eos>,14,chauds,chaudes,12,F,S,chauds,-6.1123157,chaudes,-8.595009,1
10073,P_NOUN_9_ADJ_b,M,P,les chapeaux avec la tasse qui étaient là depuis hier ne sont pas très importants <eos>,14,importants,importantes,12,F,S,importants,-5.2463703,importantes,-7.4424477,1
10074,P_NOUN_9_ADJ_b,M,P,les chapeaux avec la tasse qui étaient là depuis hier ne sont pas très courts <eos>,14,courts,courtes,12,F,S,courts,-6.4660344,courtes,-9.913069,1
10075,P_NOUN_9_ADJ_b,M,P,les chapeaux avec la tasse qui étaient là depuis hier ne sont pas très durs <eos>,14,durs,dures,12,F,S,durs,-5.828662,dures,-7.7970905,1
10076,P_NOUN_9_ADJ_b,M,P,les chapeaux avec la tasse qui étaient là depuis hier ne sont pas très clairs <eos>,14,clairs,claires,12,F,S,clairs,-3.9623573,claires,-6.185313,1
10077,P_NOUN_9_ADJ_b,M,P,les chapeaux avec la tasse qui étaient là depuis hier ne sont pas très intéressants <eos>,14,intéressants,intéressantes,12,F,S,intéressants,-6.193448,intéressantes,-9.176767,1
10078,P_NOUN_9_ADJ_b,M,P,les chapeaux avec la tasse qui étaient là depuis hier ne sont pas très brillants <eos>,14,brillants,brillantes,12,F,S,brillants,-6.6122956,brillantes,-9.590107,1
10079,P_NOUN_9_ADJ_b,M,P,les chapeaux avec la tasse qui étaient là depuis hier ne sont pas très compliqués <eos>,14,compliqués,compliquées,12,F,S,compliqués,-6.0027523,compliquées,-9.824129,1
10080,P_NOUN_9_ADJ_b,M,P,les chapeaux avec la bougie qui étaient là depuis hier ne sont pas très verts <eos>,14,verts,vertes,12,F,S,verts,-8.394274,vertes,-13.478268,1
10081,P_NOUN_9_ADJ_b,M,P,les chapeaux avec la bougie qui étaient là depuis hier ne sont pas très bleus <eos>,14,bleus,bleues,12,F,S,bleus,-9.476359,bleues,-13.295182,1
10082,P_NOUN_9_ADJ_b,M,P,les chapeaux avec la bougie qui étaient là depuis hier ne sont pas très noirs <eos>,14,noirs,noires,12,F,S,noirs,-9.707046,noires,-12.601302,1
10083,P_NOUN_9_ADJ_b,M,P,les chapeaux avec la bougie qui étaient là depuis hier ne sont pas très délicats <eos>,14,délicats,délicates,12,F,S,délicats,-6.970521,délicates,-9.891806,1
10084,P_NOUN_9_ADJ_b,M,P,les chapeaux avec la bougie qui étaient là depuis hier ne sont pas très pointus <eos>,14,pointus,pointues,12,F,S,pointus,-9.955937,pointues,-11.755015,1
10085,P_NOUN_9_ADJ_b,M,P,les chapeaux avec la bougie qui étaient là depuis hier ne sont pas très ronds <eos>,14,ronds,rondes,12,F,S,ronds,-10.397566,rondes,-13.518374,1
10086,P_NOUN_9_ADJ_b,M,P,les chapeaux avec la bougie qui étaient là depuis hier ne sont pas très froids <eos>,14,froids,froides,12,F,S,froids,-8.427344,froides,-7.675084,0
10087,P_NOUN_9_ADJ_b,M,P,les chapeaux avec la bougie qui étaient là depuis hier ne sont pas très chauds <eos>,14,chauds,chaudes,12,F,S,chauds,-6.6356916,chaudes,-9.708857,1
10088,P_NOUN_9_ADJ_b,M,P,les chapeaux avec la bougie qui étaient là depuis hier ne sont pas très importants <eos>,14,importants,importantes,12,F,S,importants,-5.3212156,importantes,-7.9035645,1
10089,P_NOUN_9_ADJ_b,M,P,les chapeaux avec la bougie qui étaient là depuis hier ne sont pas très courts <eos>,14,courts,courtes,12,F,S,courts,-6.1684465,courtes,-9.25639,1
10090,P_NOUN_9_ADJ_b,M,P,les chapeaux avec la bougie qui étaient là depuis hier ne sont pas très durs <eos>,14,durs,dures,12,F,S,durs,-5.1124415,dures,-7.336661,1
10091,P_NOUN_9_ADJ_b,M,P,les chapeaux avec la bougie qui étaient là depuis hier ne sont pas très clairs <eos>,14,clairs,claires,12,F,S,clairs,-3.6510692,claires,-6.693478,1
10092,P_NOUN_9_ADJ_b,M,P,les chapeaux avec la bougie qui étaient là depuis hier ne sont pas très intéressants <eos>,14,intéressants,intéressantes,12,F,S,intéressants,-5.8597574,intéressantes,-8.706301,1
10093,P_NOUN_9_ADJ_b,M,P,les chapeaux avec la bougie qui étaient là depuis hier ne sont pas très brillants <eos>,14,brillants,brillantes,12,F,S,brillants,-6.1800323,brillantes,-9.345343,1
10094,P_NOUN_9_ADJ_b,M,P,les chapeaux avec la bougie qui étaient là depuis hier ne sont pas très compliqués <eos>,14,compliqués,compliquées,12,F,S,compliqués,-5.3877525,compliquées,-8.910789,1
10095,P_NOUN_9_ADJ_b,M,P,les chapeaux avec la pochette qui étaient là depuis hier ne sont pas très verts <eos>,14,verts,vertes,12,F,S,verts,-8.304052,vertes,-13.060999,1
10096,P_NOUN_9_ADJ_b,M,P,les chapeaux avec la pochette qui étaient là depuis hier ne sont pas très bleus <eos>,14,bleus,bleues,12,F,S,bleus,-9.744232,bleues,-12.841726,1
10097,P_NOUN_9_ADJ_b,M,P,les chapeaux avec la pochette qui étaient là depuis hier ne sont pas très noirs <eos>,14,noirs,noires,12,F,S,noirs,-9.749069,noires,-12.324093,1
10098,P_NOUN_9_ADJ_b,M,P,les chapeaux avec la pochette qui étaient là depuis hier ne sont pas très délicats <eos>,14,délicats,délicates,12,F,S,délicats,-7.494059,délicates,-9.670887,1
10099,P_NOUN_9_ADJ_b,M,P,les chapeaux avec la pochette qui étaient là depuis hier ne sont pas très pointus <eos>,14,pointus,pointues,12,F,S,pointus,-9.962999,pointues,-11.710981,1
10100,P_NOUN_9_ADJ_b,M,P,les chapeaux avec la pochette qui étaient là depuis hier ne sont pas très ronds <eos>,14,ronds,rondes,12,F,S,ronds,-9.988095,rondes,-12.931495,1
10101,P_NOUN_9_ADJ_b,M,P,les chapeaux avec la pochette qui étaient là depuis hier ne sont pas très froids <eos>,14,froids,froides,12,F,S,froids,-9.637765,froides,-8.478308,0
10102,P_NOUN_9_ADJ_b,M,P,les chapeaux avec la pochette qui étaient là depuis hier ne sont pas très chauds <eos>,14,chauds,chaudes,12,F,S,chauds,-8.251672,chaudes,-10.847434,1
10103,P_NOUN_9_ADJ_b,M,P,les chapeaux avec la pochette qui étaient là depuis hier ne sont pas très importants <eos>,14,importants,importantes,12,F,S,importants,-5.5786114,importantes,-8.329684,1
10104,P_NOUN_9_ADJ_b,M,P,les chapeaux avec la pochette qui étaient là depuis hier ne sont pas très courts <eos>,14,courts,courtes,12,F,S,courts,-5.806548,courtes,-8.805139,1
10105,P_NOUN_9_ADJ_b,M,P,les chapeaux avec la pochette qui étaient là depuis hier ne sont pas très durs <eos>,14,durs,dures,12,F,S,durs,-5.792404,dures,-8.093127,1
10106,P_NOUN_9_ADJ_b,M,P,les chapeaux avec la pochette qui étaient là depuis hier ne sont pas très clairs <eos>,14,clairs,claires,12,F,S,clairs,-4.057296,claires,-6.23555,1
10107,P_NOUN_9_ADJ_b,M,P,les chapeaux avec la pochette qui étaient là depuis hier ne sont pas très intéressants <eos>,14,intéressants,intéressantes,12,F,S,intéressants,-5.2336717,intéressantes,-8.580273,1
10108,P_NOUN_9_ADJ_b,M,P,les chapeaux avec la pochette qui étaient là depuis hier ne sont pas très brillants <eos>,14,brillants,brillantes,12,F,S,brillants,-6.988469,brillantes,-9.522756,1
10109,P_NOUN_9_ADJ_b,M,P,les chapeaux avec la pochette qui étaient là depuis hier ne sont pas très compliqués <eos>,14,compliqués,compliquées,12,F,S,compliqués,-5.6107526,compliquées,-8.5235405,1
10110,P_NOUN_9_ADJ_b,M,P,les chapeaux avec la banane qui étaient là depuis hier ne sont pas très verts <eos>,14,verts,vertes,12,F,S,verts,-8.1236,vertes,-13.075483,1
10111,P_NOUN_9_ADJ_b,M,P,les chapeaux avec la banane qui étaient là depuis hier ne sont pas très bleus <eos>,14,bleus,bleues,12,F,S,bleus,-9.474668,bleues,-13.18301,1
10112,P_NOUN_9_ADJ_b,M,P,les chapeaux avec la banane qui étaient là depuis hier ne sont pas très noirs <eos>,14,noirs,noires,12,F,S,noirs,-9.541256,noires,-12.6512165,1
10113,P_NOUN_9_ADJ_b,M,P,les chapeaux avec la banane qui étaient là depuis hier ne sont pas très délicats <eos>,14,délicats,délicates,12,F,S,délicats,-6.9372177,délicates,-9.742266,1
10114,P_NOUN_9_ADJ_b,M,P,les chapeaux avec la banane qui étaient là depuis hier ne sont pas très pointus <eos>,14,pointus,pointues,12,F,S,pointus,-9.919955,pointues,-12.177041,1
10115,P_NOUN_9_ADJ_b,M,P,les chapeaux avec la banane qui étaient là depuis hier ne sont pas très ronds <eos>,14,ronds,rondes,12,F,S,ronds,-10.003708,rondes,-13.684297,1
10116,P_NOUN_9_ADJ_b,M,P,les chapeaux avec la banane qui étaient là depuis hier ne sont pas très froids <eos>,14,froids,froides,12,F,S,froids,-7.701187,froides,-8.066394,1
10117,P_NOUN_9_ADJ_b,M,P,les chapeaux avec la banane qui étaient là depuis hier ne sont pas très chauds <eos>,14,chauds,chaudes,12,F,S,chauds,-6.6366687,chaudes,-9.16704,1
10118,P_NOUN_9_ADJ_b,M,P,les chapeaux avec la banane qui étaient là depuis hier ne sont pas très importants <eos>,14,importants,importantes,12,F,S,importants,-5.196636,importantes,-7.750993,1
10119,P_NOUN_9_ADJ_b,M,P,les chapeaux avec la banane qui étaient là depuis hier ne sont pas très courts <eos>,14,courts,courtes,12,F,S,courts,-6.1779575,courtes,-9.845145,1
10120,P_NOUN_9_ADJ_b,M,P,les chapeaux avec la banane qui étaient là depuis hier ne sont pas très durs <eos>,14,durs,dures,12,F,S,durs,-5.3128824,dures,-7.1481867,1
10121,P_NOUN_9_ADJ_b,M,P,les chapeaux avec la banane qui étaient là depuis hier ne sont pas très clairs <eos>,14,clairs,claires,12,F,S,clairs,-3.4215734,claires,-6.4104433,1
10122,P_NOUN_9_ADJ_b,M,P,les chapeaux avec la banane qui étaient là depuis hier ne sont pas très intéressants <eos>,14,intéressants,intéressantes,12,F,S,intéressants,-6.1121893,intéressantes,-8.915066,1
10123,P_NOUN_9_ADJ_b,M,P,les chapeaux avec la banane qui étaient là depuis hier ne sont pas très brillants <eos>,14,brillants,brillantes,12,F,S,brillants,-6.285138,brillantes,-8.9577,1
10124,P_NOUN_9_ADJ_b,M,P,les chapeaux avec la banane qui étaient là depuis hier ne sont pas très compliqués <eos>,14,compliqués,compliquées,12,F,S,compliqués,-5.9411793,compliquées,-9.548979,1
10125,P_NOUN_9_ADJ_b,M,P,les chapeaux avec la robe qui étaient là depuis hier ne sont pas très verts <eos>,14,verts,vertes,12,F,S,verts,-8.00518,vertes,-12.85351,1
10126,P_NOUN_9_ADJ_b,M,P,les chapeaux avec la robe qui étaient là depuis hier ne sont pas très bleus <eos>,14,bleus,bleues,12,F,S,bleus,-8.428637,bleues,-12.385862,1
10127,P_NOUN_9_ADJ_b,M,P,les chapeaux avec la robe qui étaient là depuis hier ne sont pas très noirs <eos>,14,noirs,noires,12,F,S,noirs,-9.039808,noires,-11.862955,1
10128,P_NOUN_9_ADJ_b,M,P,les chapeaux avec la robe qui étaient là depuis hier ne sont pas très délicats <eos>,14,délicats,délicates,12,F,S,délicats,-7.7953243,délicates,-10.254671,1
10129,P_NOUN_9_ADJ_b,M,P,les chapeaux avec la robe qui étaient là depuis hier ne sont pas très pointus <eos>,14,pointus,pointues,12,F,S,pointus,-10.055889,pointues,-11.8422985,1
10130,P_NOUN_9_ADJ_b,M,P,les chapeaux avec la robe qui étaient là depuis hier ne sont pas très ronds <eos>,14,ronds,rondes,12,F,S,ronds,-10.604153,rondes,-13.315409,1
10131,P_NOUN_9_ADJ_b,M,P,les chapeaux avec la robe qui étaient là depuis hier ne sont pas très froids <eos>,14,froids,froides,12,F,S,froids,-8.366623,froides,-7.8742366,0
10132,P_NOUN_9_ADJ_b,M,P,les chapeaux avec la robe qui étaient là depuis hier ne sont pas très chauds <eos>,14,chauds,chaudes,12,F,S,chauds,-6.1508617,chaudes,-9.553009,1
10133,P_NOUN_9_ADJ_b,M,P,les chapeaux avec la robe qui étaient là depuis hier ne sont pas très importants <eos>,14,importants,importantes,12,F,S,importants,-5.51433,importantes,-7.7273283,1
10134,P_NOUN_9_ADJ_b,M,P,les chapeaux avec la robe qui étaient là depuis hier ne sont pas très courts <eos>,14,courts,courtes,12,F,S,courts,-6.203371,courtes,-8.825851,1
10135,P_NOUN_9_ADJ_b,M,P,les chapeaux avec la robe qui étaient là depuis hier ne sont pas très durs <eos>,14,durs,dures,12,F,S,durs,-5.6146774,dures,-7.57568,1
10136,P_NOUN_9_ADJ_b,M,P,les chapeaux avec la robe qui étaient là depuis hier ne sont pas très clairs <eos>,14,clairs,claires,12,F,S,clairs,-2.6492405,claires,-6.1300154,1
10137,P_NOUN_9_ADJ_b,M,P,les chapeaux avec la robe qui étaient là depuis hier ne sont pas très intéressants <eos>,14,intéressants,intéressantes,12,F,S,intéressants,-6.5537953,intéressantes,-9.240454,1
10138,P_NOUN_9_ADJ_b,M,P,les chapeaux avec la robe qui étaient là depuis hier ne sont pas très brillants <eos>,14,brillants,brillantes,12,F,S,brillants,-6.291855,brillantes,-8.832308,1
10139,P_NOUN_9_ADJ_b,M,P,les chapeaux avec la robe qui étaient là depuis hier ne sont pas très compliqués <eos>,14,compliqués,compliquées,12,F,S,compliqués,-5.983885,compliquées,-9.595456,1
10140,P_NOUN_9_ADJ_b,M,P,les chapeaux avec la valise qui étaient là depuis hier ne sont pas très verts <eos>,14,verts,vertes,12,F,S,verts,-8.3314085,vertes,-12.820191,1
10141,P_NOUN_9_ADJ_b,M,P,les chapeaux avec la valise qui étaient là depuis hier ne sont pas très bleus <eos>,14,bleus,bleues,12,F,S,bleus,-9.025927,bleues,-12.962917,1
10142,P_NOUN_9_ADJ_b,M,P,les chapeaux avec la valise qui étaient là depuis hier ne sont pas très noirs <eos>,14,noirs,noires,12,F,S,noirs,-9.6143875,noires,-12.231144,1
10143,P_NOUN_9_ADJ_b,M,P,les chapeaux avec la valise qui étaient là depuis hier ne sont pas très délicats <eos>,14,délicats,délicates,12,F,S,délicats,-7.6747575,délicates,-9.642443,1
10144,P_NOUN_9_ADJ_b,M,P,les chapeaux avec la valise qui étaient là depuis hier ne sont pas très pointus <eos>,14,pointus,pointues,12,F,S,pointus,-9.54454,pointues,-11.810179,1
10145,P_NOUN_9_ADJ_b,M,P,les chapeaux avec la valise qui étaient là depuis hier ne sont pas très ronds <eos>,14,ronds,rondes,12,F,S,ronds,-10.86212,rondes,-13.527393,1
10146,P_NOUN_9_ADJ_b,M,P,les chapeaux avec la valise qui étaient là depuis hier ne sont pas très froids <eos>,14,froids,froides,12,F,S,froids,-9.272683,froides,-7.9570827,0
10147,P_NOUN_9_ADJ_b,M,P,les chapeaux avec la valise qui étaient là depuis hier ne sont pas très chauds <eos>,14,chauds,chaudes,12,F,S,chauds,-7.1598573,chaudes,-10.418822,1
10148,P_NOUN_9_ADJ_b,M,P,les chapeaux avec la valise qui étaient là depuis hier ne sont pas très importants <eos>,14,importants,importantes,12,F,S,importants,-5.572892,importantes,-8.064966,1
10149,P_NOUN_9_ADJ_b,M,P,les chapeaux avec la valise qui étaient là depuis hier ne sont pas très courts <eos>,14,courts,courtes,12,F,S,courts,-6.4229746,courtes,-9.165798,1
10150,P_NOUN_9_ADJ_b,M,P,les chapeaux avec la valise qui étaient là depuis hier ne sont pas très durs <eos>,14,durs,dures,12,F,S,durs,-5.310305,dures,-7.8548827,1
10151,P_NOUN_9_ADJ_b,M,P,les chapeaux avec la valise qui étaient là depuis hier ne sont pas très clairs <eos>,14,clairs,claires,12,F,S,clairs,-4.1916294,claires,-7.147353,1
10152,P_NOUN_9_ADJ_b,M,P,les chapeaux avec la valise qui étaient là depuis hier ne sont pas très intéressants <eos>,14,intéressants,intéressantes,12,F,S,intéressants,-5.2176476,intéressantes,-8.754272,1
10153,P_NOUN_9_ADJ_b,M,P,les chapeaux avec la valise qui étaient là depuis hier ne sont pas très brillants <eos>,14,brillants,brillantes,12,F,S,brillants,-6.487886,brillantes,-9.796215,1
10154,P_NOUN_9_ADJ_b,M,P,les chapeaux avec la valise qui étaient là depuis hier ne sont pas très compliqués <eos>,14,compliqués,compliquées,12,F,S,compliqués,-5.294812,compliquées,-8.661173,1
10155,P_NOUN_9_ADJ_b,M,P,les chapeaux avec la pendule qui étaient là depuis hier ne sont pas très verts <eos>,14,verts,vertes,12,F,S,verts,-8.037463,vertes,-12.947862,1
10156,P_NOUN_9_ADJ_b,M,P,les chapeaux avec la pendule qui étaient là depuis hier ne sont pas très bleus <eos>,14,bleus,bleues,12,F,S,bleus,-9.735906,bleues,-13.205695,1
10157,P_NOUN_9_ADJ_b,M,P,les chapeaux avec la pendule qui étaient là depuis hier ne sont pas très noirs <eos>,14,noirs,noires,12,F,S,noirs,-10.143317,noires,-12.653839,1
10158,P_NOUN_9_ADJ_b,M,P,les chapeaux avec la pendule qui étaient là depuis hier ne sont pas très délicats <eos>,14,délicats,délicates,12,F,S,délicats,-7.3332977,délicates,-10.281091,1
10159,P_NOUN_9_ADJ_b,M,P,les chapeaux avec la pendule qui étaient là depuis hier ne sont pas très pointus <eos>,14,pointus,pointues,12,F,S,pointus,-9.323956,pointues,-11.468754,1
10160,P_NOUN_9_ADJ_b,M,P,les chapeaux avec la pendule qui étaient là depuis hier ne sont pas très ronds <eos>,14,ronds,rondes,12,F,S,ronds,-10.564804,rondes,-13.471991,1
10161,P_NOUN_9_ADJ_b,M,P,les chapeaux avec la pendule qui étaient là depuis hier ne sont pas très froids <eos>,14,froids,froides,12,F,S,froids,-8.858871,froides,-7.9289265,0
10162,P_NOUN_9_ADJ_b,M,P,les chapeaux avec la pendule qui étaient là depuis hier ne sont pas très chauds <eos>,14,chauds,chaudes,12,F,S,chauds,-6.4414635,chaudes,-9.832025,1
10163,P_NOUN_9_ADJ_b,M,P,les chapeaux avec la pendule qui étaient là depuis hier ne sont pas très importants <eos>,14,importants,importantes,12,F,S,importants,-5.4340262,importantes,-7.94618,1
10164,P_NOUN_9_ADJ_b,M,P,les chapeaux avec la pendule qui étaient là depuis hier ne sont pas très courts <eos>,14,courts,courtes,12,F,S,courts,-6.017237,courtes,-9.021481,1
10165,P_NOUN_9_ADJ_b,M,P,les chapeaux avec la pendule qui étaient là depuis hier ne sont pas très durs <eos>,14,durs,dures,12,F,S,durs,-4.8882413,dures,-7.616862,1
10166,P_NOUN_9_ADJ_b,M,P,les chapeaux avec la pendule qui étaient là depuis hier ne sont pas très clairs <eos>,14,clairs,claires,12,F,S,clairs,-3.8423765,claires,-6.8470163,1
10167,P_NOUN_9_ADJ_b,M,P,les chapeaux avec la pendule qui étaient là depuis hier ne sont pas très intéressants <eos>,14,intéressants,intéressantes,12,F,S,intéressants,-5.8025484,intéressantes,-8.67429,1
10168,P_NOUN_9_ADJ_b,M,P,les chapeaux avec la pendule qui étaient là depuis hier ne sont pas très brillants <eos>,14,brillants,brillantes,12,F,S,brillants,-5.948369,brillantes,-8.970604,1
10169,P_NOUN_9_ADJ_b,M,P,les chapeaux avec la pendule qui étaient là depuis hier ne sont pas très compliqués <eos>,14,compliqués,compliquées,12,F,S,compliqués,-4.9480515,compliquées,-8.79498,1
10170,P_NOUN_9_ADJ_b,M,P,les chapeaux avec la cloche qui étaient là depuis hier ne sont pas très verts <eos>,14,verts,vertes,12,F,S,verts,-8.311953,vertes,-13.5342865,1
10171,P_NOUN_9_ADJ_b,M,P,les chapeaux avec la cloche qui étaient là depuis hier ne sont pas très bleus <eos>,14,bleus,bleues,12,F,S,bleus,-9.662795,bleues,-13.59321,1
10172,P_NOUN_9_ADJ_b,M,P,les chapeaux avec la cloche qui étaient là depuis hier ne sont pas très noirs <eos>,14,noirs,noires,12,F,S,noirs,-10.023244,noires,-12.9002495,1
10173,P_NOUN_9_ADJ_b,M,P,les chapeaux avec la cloche qui étaient là depuis hier ne sont pas très délicats <eos>,14,délicats,délicates,12,F,S,délicats,-7.257537,délicates,-10.113821,1
10174,P_NOUN_9_ADJ_b,M,P,les chapeaux avec la cloche qui étaient là depuis hier ne sont pas très pointus <eos>,14,pointus,pointues,12,F,S,pointus,-9.889778,pointues,-11.954703,1
10175,P_NOUN_9_ADJ_b,M,P,les chapeaux avec la cloche qui étaient là depuis hier ne sont pas très ronds <eos>,14,ronds,rondes,12,F,S,ronds,-10.244087,rondes,-13.33106,1
10176,P_NOUN_9_ADJ_b,M,P,les chapeaux avec la cloche qui étaient là depuis hier ne sont pas très froids <eos>,14,froids,froides,12,F,S,froids,-9.2317295,froides,-9.0260315,0
10177,P_NOUN_9_ADJ_b,M,P,les chapeaux avec la cloche qui étaient là depuis hier ne sont pas très chauds <eos>,14,chauds,chaudes,12,F,S,chauds,-7.2813683,chaudes,-10.139999,1
10178,P_NOUN_9_ADJ_b,M,P,les chapeaux avec la cloche qui étaient là depuis hier ne sont pas très importants <eos>,14,importants,importantes,12,F,S,importants,-4.95539,importantes,-7.727023,1
10179,P_NOUN_9_ADJ_b,M,P,les chapeaux avec la cloche qui étaient là depuis hier ne sont pas très courts <eos>,14,courts,courtes,12,F,S,courts,-6.0553656,courtes,-9.159262,1
10180,P_NOUN_9_ADJ_b,M,P,les chapeaux avec la cloche qui étaient là depuis hier ne sont pas très durs <eos>,14,durs,dures,12,F,S,durs,-5.6347723,dures,-7.866231,1
10181,P_NOUN_9_ADJ_b,M,P,les chapeaux avec la cloche qui étaient là depuis hier ne sont pas très clairs <eos>,14,clairs,claires,12,F,S,clairs,-3.432309,claires,-6.9722347,1
10182,P_NOUN_9_ADJ_b,M,P,les chapeaux avec la cloche qui étaient là depuis hier ne sont pas très intéressants <eos>,14,intéressants,intéressantes,12,F,S,intéressants,-5.40743,intéressantes,-8.750624,1
10183,P_NOUN_9_ADJ_b,M,P,les chapeaux avec la cloche qui étaient là depuis hier ne sont pas très brillants <eos>,14,brillants,brillantes,12,F,S,brillants,-6.3571415,brillantes,-9.514797,1
10184,P_NOUN_9_ADJ_b,M,P,les chapeaux avec la cloche qui étaient là depuis hier ne sont pas très compliqués <eos>,14,compliqués,compliquées,12,F,S,compliqués,-5.643773,compliquées,-9.038086,1
10185,P_NOUN_9_ADJ_b,M,P,les chapeaux avec la cerise qui étaient là depuis hier ne sont pas très verts <eos>,14,verts,vertes,12,F,S,verts,-8.160235,vertes,-13.102674,1
10186,P_NOUN_9_ADJ_b,M,P,les chapeaux avec la cerise qui étaient là depuis hier ne sont pas très bleus <eos>,14,bleus,bleues,12,F,S,bleus,-9.645011,bleues,-13.68533,1
10187,P_NOUN_9_ADJ_b,M,P,les chapeaux avec la cerise qui étaient là depuis hier ne sont pas très noirs <eos>,14,noirs,noires,12,F,S,noirs,-9.911862,noires,-12.9483,1
10188,P_NOUN_9_ADJ_b,M,P,les chapeaux avec la cerise qui étaient là depuis hier ne sont pas très délicats <eos>,14,délicats,délicates,12,F,S,délicats,-6.5501533,délicates,-9.560368,1
10189,P_NOUN_9_ADJ_b,M,P,les chapeaux avec la cerise qui étaient là depuis hier ne sont pas très pointus <eos>,14,pointus,pointues,12,F,S,pointus,-10.269531,pointues,-12.328211,1
10190,P_NOUN_9_ADJ_b,M,P,les chapeaux avec la cerise qui étaient là depuis hier ne sont pas très ronds <eos>,14,ronds,rondes,12,F,S,ronds,-10.0422735,rondes,-13.744902,1
10191,P_NOUN_9_ADJ_b,M,P,les chapeaux avec la cerise qui étaient là depuis hier ne sont pas très froids <eos>,14,froids,froides,12,F,S,froids,-7.5869403,froides,-7.747131,1
10192,P_NOUN_9_ADJ_b,M,P,les chapeaux avec la cerise qui étaient là depuis hier ne sont pas très chauds <eos>,14,chauds,chaudes,12,F,S,chauds,-6.264573,chaudes,-9.050498,1
10193,P_NOUN_9_ADJ_b,M,P,les chapeaux avec la cerise qui étaient là depuis hier ne sont pas très importants <eos>,14,importants,importantes,12,F,S,importants,-5.274541,importantes,-7.7810497,1
10194,P_NOUN_9_ADJ_b,M,P,les chapeaux avec la cerise qui étaient là depuis hier ne sont pas très courts <eos>,14,courts,courtes,12,F,S,courts,-6.7985945,courtes,-10.224749,1
10195,P_NOUN_9_ADJ_b,M,P,les chapeaux avec la cerise qui étaient là depuis hier ne sont pas très durs <eos>,14,durs,dures,12,F,S,durs,-5.372514,dures,-7.4445715,1
10196,P_NOUN_9_ADJ_b,M,P,les chapeaux avec la cerise qui étaient là depuis hier ne sont pas très clairs <eos>,14,clairs,claires,12,F,S,clairs,-3.7405214,claires,-6.532305,1
10197,P_NOUN_9_ADJ_b,M,P,les chapeaux avec la cerise qui étaient là depuis hier ne sont pas très intéressants <eos>,14,intéressants,intéressantes,12,F,S,intéressants,-6.1558886,intéressantes,-8.7754545,1
10198,P_NOUN_9_ADJ_b,M,P,les chapeaux avec la cerise qui étaient là depuis hier ne sont pas très brillants <eos>,14,brillants,brillantes,12,F,S,brillants,-5.993679,brillantes,-8.998915,1
10199,P_NOUN_9_ADJ_b,M,P,les chapeaux avec la cerise qui étaient là depuis hier ne sont pas très compliqués <eos>,14,compliqués,compliquées,12,F,S,compliqués,-5.9296913,compliquées,-9.66457,1
10200,P_NOUN_9_ADJ_b,M,P,les pots avec la gemme qui étaient là depuis hier ne sont pas très verts <eos>,14,verts,vertes,12,F,S,verts,-7.6271906,vertes,-12.917252,1
10201,P_NOUN_9_ADJ_b,M,P,les pots avec la gemme qui étaient là depuis hier ne sont pas très bleus <eos>,14,bleus,bleues,12,F,S,bleus,-9.684445,bleues,-14.470117,1
10202,P_NOUN_9_ADJ_b,M,P,les pots avec la gemme qui étaient là depuis hier ne sont pas très noirs <eos>,14,noirs,noires,12,F,S,noirs,-10.107754,noires,-12.652103,1
10203,P_NOUN_9_ADJ_b,M,P,les pots avec la gemme qui étaient là depuis hier ne sont pas très délicats <eos>,14,délicats,délicates,12,F,S,délicats,-6.7233744,délicates,-10.548847,1
10204,P_NOUN_9_ADJ_b,M,P,les pots avec la gemme qui étaient là depuis hier ne sont pas très pointus <eos>,14,pointus,pointues,12,F,S,pointus,-9.340548,pointues,-11.967188,1
10205,P_NOUN_9_ADJ_b,M,P,les pots avec la gemme qui étaient là depuis hier ne sont pas très ronds <eos>,14,ronds,rondes,12,F,S,ronds,-10.179117,rondes,-13.418673,1
10206,P_NOUN_9_ADJ_b,M,P,les pots avec la gemme qui étaient là depuis hier ne sont pas très froids <eos>,14,froids,froides,12,F,S,froids,-7.5140324,froides,-7.986723,1
10207,P_NOUN_9_ADJ_b,M,P,les pots avec la gemme qui étaient là depuis hier ne sont pas très chauds <eos>,14,chauds,chaudes,12,F,S,chauds,-5.663356,chaudes,-8.934075,1
10208,P_NOUN_9_ADJ_b,M,P,les pots avec la gemme qui étaient là depuis hier ne sont pas très importants <eos>,14,importants,importantes,12,F,S,importants,-5.2431574,importantes,-8.221126,1
10209,P_NOUN_9_ADJ_b,M,P,les pots avec la gemme qui étaient là depuis hier ne sont pas très courts <eos>,14,courts,courtes,12,F,S,courts,-6.0762734,courtes,-10.532845,1
10210,P_NOUN_9_ADJ_b,M,P,les pots avec la gemme qui étaient là depuis hier ne sont pas très durs <eos>,14,durs,dures,12,F,S,durs,-4.8250794,dures,-7.161613,1
10211,P_NOUN_9_ADJ_b,M,P,les pots avec la gemme qui étaient là depuis hier ne sont pas très clairs <eos>,14,clairs,claires,12,F,S,clairs,-4.4161468,claires,-7.4704394,1
10212,P_NOUN_9_ADJ_b,M,P,les pots avec la gemme qui étaient là depuis hier ne sont pas très intéressants <eos>,14,intéressants,intéressantes,12,F,S,intéressants,-6.1292253,intéressantes,-9.2084465,1
10213,P_NOUN_9_ADJ_b,M,P,les pots avec la gemme qui étaient là depuis hier ne sont pas très brillants <eos>,14,brillants,brillantes,12,F,S,brillants,-5.862914,brillantes,-9.685238,1
10214,P_NOUN_9_ADJ_b,M,P,les pots avec la gemme qui étaient là depuis hier ne sont pas très compliqués <eos>,14,compliqués,compliquées,12,F,S,compliqués,-5.750152,compliquées,-10.377161,1
10215,P_NOUN_9_ADJ_b,M,P,les pots avec la chaise qui étaient là depuis hier ne sont pas très verts <eos>,14,verts,vertes,12,F,S,verts,-8.035835,vertes,-13.522203,1
10216,P_NOUN_9_ADJ_b,M,P,les pots avec la chaise qui étaient là depuis hier ne sont pas très bleus <eos>,14,bleus,bleues,12,F,S,bleus,-10.054556,bleues,-14.782487,1
10217,P_NOUN_9_ADJ_b,M,P,les pots avec la chaise qui étaient là depuis hier ne sont pas très noirs <eos>,14,noirs,noires,12,F,S,noirs,-10.207651,noires,-12.93592,1
10218,P_NOUN_9_ADJ_b,M,P,les pots avec la chaise qui étaient là depuis hier ne sont pas très délicats <eos>,14,délicats,délicates,12,F,S,délicats,-7.0640187,délicates,-10.874622,1
10219,P_NOUN_9_ADJ_b,M,P,les pots avec la chaise qui étaient là depuis hier ne sont pas très pointus <eos>,14,pointus,pointues,12,F,S,pointus,-9.263958,pointues,-11.707806,1
10220,P_NOUN_9_ADJ_b,M,P,les pots avec la chaise qui étaient là depuis hier ne sont pas très ronds <eos>,14,ronds,rondes,12,F,S,ronds,-9.653113,rondes,-12.763066,1
10221,P_NOUN_9_ADJ_b,M,P,les pots avec la chaise qui étaient là depuis hier ne sont pas très froids <eos>,14,froids,froides,12,F,S,froids,-8.510565,froides,-8.887766,1
10222,P_NOUN_9_ADJ_b,M,P,les pots avec la chaise qui étaient là depuis hier ne sont pas très chauds <eos>,14,chauds,chaudes,12,F,S,chauds,-6.477214,chaudes,-10.14553,1
10223,P_NOUN_9_ADJ_b,M,P,les pots avec la chaise qui étaient là depuis hier ne sont pas très importants <eos>,14,importants,importantes,12,F,S,importants,-5.574916,importantes,-8.854449,1
10224,P_NOUN_9_ADJ_b,M,P,les pots avec la chaise qui étaient là depuis hier ne sont pas très courts <eos>,14,courts,courtes,12,F,S,courts,-5.951481,courtes,-10.327875,1
10225,P_NOUN_9_ADJ_b,M,P,les pots avec la chaise qui étaient là depuis hier ne sont pas très durs <eos>,14,durs,dures,12,F,S,durs,-4.8574514,dures,-7.845622,1
10226,P_NOUN_9_ADJ_b,M,P,les pots avec la chaise qui étaient là depuis hier ne sont pas très clairs <eos>,14,clairs,claires,12,F,S,clairs,-4.908948,claires,-7.9898252,1
10227,P_NOUN_9_ADJ_b,M,P,les pots avec la chaise qui étaient là depuis hier ne sont pas très intéressants <eos>,14,intéressants,intéressantes,12,F,S,intéressants,-6.234213,intéressantes,-9.6493,1
10228,P_NOUN_9_ADJ_b,M,P,les pots avec la chaise qui étaient là depuis hier ne sont pas très brillants <eos>,14,brillants,brillantes,12,F,S,brillants,-6.636023,brillantes,-10.415773,1
10229,P_NOUN_9_ADJ_b,M,P,les pots avec la chaise qui étaient là depuis hier ne sont pas très compliqués <eos>,14,compliqués,compliquées,12,F,S,compliqués,-5.687233,compliquées,-9.94997,1
10230,P_NOUN_9_ADJ_b,M,P,les pots avec la poubelle qui étaient là depuis hier ne sont pas très verts <eos>,14,verts,vertes,12,F,S,verts,-7.988806,vertes,-13.088571,1
10231,P_NOUN_9_ADJ_b,M,P,les pots avec la poubelle qui étaient là depuis hier ne sont pas très bleus <eos>,14,bleus,bleues,12,F,S,bleus,-10.049116,bleues,-14.766872,1
10232,P_NOUN_9_ADJ_b,M,P,les pots avec la poubelle qui étaient là depuis hier ne sont pas très noirs <eos>,14,noirs,noires,12,F,S,noirs,-10.278139,noires,-12.968672,1
10233,P_NOUN_9_ADJ_b,M,P,les pots avec la poubelle qui étaient là depuis hier ne sont pas très délicats <eos>,14,délicats,délicates,12,F,S,délicats,-6.987966,délicates,-10.900934,1
10234,P_NOUN_9_ADJ_b,M,P,les pots avec la poubelle qui étaient là depuis hier ne sont pas très pointus <eos>,14,pointus,pointues,12,F,S,pointus,-9.297152,pointues,-11.953562,1
10235,P_NOUN_9_ADJ_b,M,P,les pots avec la poubelle qui étaient là depuis hier ne sont pas très ronds <eos>,14,ronds,rondes,12,F,S,ronds,-10.396606,rondes,-13.362737,1
10236,P_NOUN_9_ADJ_b,M,P,les pots avec la poubelle qui étaient là depuis hier ne sont pas très froids <eos>,14,froids,froides,12,F,S,froids,-8.031354,froides,-8.145251,1
10237,P_NOUN_9_ADJ_b,M,P,les pots avec la poubelle qui étaient là depuis hier ne sont pas très chauds <eos>,14,chauds,chaudes,12,F,S,chauds,-6.059945,chaudes,-9.666129,1
10238,P_NOUN_9_ADJ_b,M,P,les pots avec la poubelle qui étaient là depuis hier ne sont pas très importants <eos>,14,importants,importantes,12,F,S,importants,-5.6036625,importantes,-8.825714,1
10239,P_NOUN_9_ADJ_b,M,P,les pots avec la poubelle qui étaient là depuis hier ne sont pas très courts <eos>,14,courts,courtes,12,F,S,courts,-6.155171,courtes,-10.470057,1
10240,P_NOUN_9_ADJ_b,M,P,les pots avec la poubelle qui étaient là depuis hier ne sont pas très durs <eos>,14,durs,dures,12,F,S,durs,-4.89612,dures,-7.7583656,1
10241,P_NOUN_9_ADJ_b,M,P,les pots avec la poubelle qui étaient là depuis hier ne sont pas très clairs <eos>,14,clairs,claires,12,F,S,clairs,-5.015369,claires,-7.9724145,1
10242,P_NOUN_9_ADJ_b,M,P,les pots avec la poubelle qui étaient là depuis hier ne sont pas très intéressants <eos>,14,intéressants,intéressantes,12,F,S,intéressants,-6.078642,intéressantes,-9.498468,1
10243,P_NOUN_9_ADJ_b,M,P,les pots avec la poubelle qui étaient là depuis hier ne sont pas très brillants <eos>,14,brillants,brillantes,12,F,S,brillants,-6.698639,brillantes,-10.536755,1
10244,P_NOUN_9_ADJ_b,M,P,les pots avec la poubelle qui étaient là depuis hier ne sont pas très compliqués <eos>,14,compliqués,compliquées,12,F,S,compliqués,-5.6576977,compliquées,-10.305554,1
10245,P_NOUN_9_ADJ_b,M,P,les pots avec la chemise qui étaient là depuis hier ne sont pas très verts <eos>,14,verts,vertes,12,F,S,verts,-7.796386,vertes,-13.171923,1
10246,P_NOUN_9_ADJ_b,M,P,les pots avec la chemise qui étaient là depuis hier ne sont pas très bleus <eos>,14,bleus,bleues,12,F,S,bleus,-9.394158,bleues,-14.348903,1
10247,P_NOUN_9_ADJ_b,M,P,les pots avec la chemise qui étaient là depuis hier ne sont pas très noirs <eos>,14,noirs,noires,12,F,S,noirs,-9.78311,noires,-12.625715,1
10248,P_NOUN_9_ADJ_b,M,P,les pots avec la chemise qui étaient là depuis hier ne sont pas très délicats <eos>,14,délicats,délicates,12,F,S,délicats,-7.119385,délicates,-10.91261,1
10249,P_NOUN_9_ADJ_b,M,P,les pots avec la chemise qui étaient là depuis hier ne sont pas très pointus <eos>,14,pointus,pointues,12,F,S,pointus,-8.9106045,pointues,-11.793251,1
10250,P_NOUN_9_ADJ_b,M,P,les pots avec la chemise qui étaient là depuis hier ne sont pas très ronds <eos>,14,ronds,rondes,12,F,S,ronds,-9.925229,rondes,-12.8308115,1
10251,P_NOUN_9_ADJ_b,M,P,les pots avec la chemise qui étaient là depuis hier ne sont pas très froids <eos>,14,froids,froides,12,F,S,froids,-8.361159,froides,-8.511936,1
10252,P_NOUN_9_ADJ_b,M,P,les pots avec la chemise qui étaient là depuis hier ne sont pas très chauds <eos>,14,chauds,chaudes,12,F,S,chauds,-5.9346843,chaudes,-10.203478,1
10253,P_NOUN_9_ADJ_b,M,P,les pots avec la chemise qui étaient là depuis hier ne sont pas très importants <eos>,14,importants,importantes,12,F,S,importants,-5.728625,importantes,-8.884531,1
10254,P_NOUN_9_ADJ_b,M,P,les pots avec la chemise qui étaient là depuis hier ne sont pas très courts <eos>,14,courts,courtes,12,F,S,courts,-5.759616,courtes,-10.113161,1
10255,P_NOUN_9_ADJ_b,M,P,les pots avec la chemise qui étaient là depuis hier ne sont pas très durs <eos>,14,durs,dures,12,F,S,durs,-4.9363027,dures,-7.8272576,1
10256,P_NOUN_9_ADJ_b,M,P,les pots avec la chemise qui étaient là depuis hier ne sont pas très clairs <eos>,14,clairs,claires,12,F,S,clairs,-4.503758,claires,-8.078001,1
10257,P_NOUN_9_ADJ_b,M,P,les pots avec la chemise qui étaient là depuis hier ne sont pas très intéressants <eos>,14,intéressants,intéressantes,12,F,S,intéressants,-6.343622,intéressantes,-9.699518,1
10258,P_NOUN_9_ADJ_b,M,P,les pots avec la chemise qui étaient là depuis hier ne sont pas très brillants <eos>,14,brillants,brillantes,12,F,S,brillants,-6.483925,brillantes,-10.655137,1
10259,P_NOUN_9_ADJ_b,M,P,les pots avec la chemise qui étaient là depuis hier ne sont pas très compliqués <eos>,14,compliqués,compliquées,12,F,S,compliqués,-5.9329348,compliquées,-10.264611,1
10260,P_NOUN_9_ADJ_b,M,P,les pots avec la recette qui étaient là depuis hier ne sont pas très verts <eos>,14,verts,vertes,12,F,S,verts,-8.6306925,vertes,-13.344165,1
10261,P_NOUN_9_ADJ_b,M,P,les pots avec la recette qui étaient là depuis hier ne sont pas très bleus <eos>,14,bleus,bleues,12,F,S,bleus,-10.495786,bleues,-15.213731,1
10262,P_NOUN_9_ADJ_b,M,P,les pots avec la recette qui étaient là depuis hier ne sont pas très noirs <eos>,14,noirs,noires,12,F,S,noirs,-10.991674,noires,-13.742126,1
10263,P_NOUN_9_ADJ_b,M,P,les pots avec la recette qui étaient là depuis hier ne sont pas très délicats <eos>,14,délicats,délicates,12,F,S,délicats,-6.430398,délicates,-10.296095,1
10264,P_NOUN_9_ADJ_b,M,P,les pots avec la recette qui étaient là depuis hier ne sont pas très pointus <eos>,14,pointus,pointues,12,F,S,pointus,-10.232796,pointues,-12.523989,1
10265,P_NOUN_9_ADJ_b,M,P,les pots avec la recette qui étaient là depuis hier ne sont pas très ronds <eos>,14,ronds,rondes,12,F,S,ronds,-10.450831,rondes,-13.74565,1
10266,P_NOUN_9_ADJ_b,M,P,les pots avec la recette qui étaient là depuis hier ne sont pas très froids <eos>,14,froids,froides,12,F,S,froids,-7.8093023,froides,-8.097976,1
10267,P_NOUN_9_ADJ_b,M,P,les pots avec la recette qui étaient là depuis hier ne sont pas très chauds <eos>,14,chauds,chaudes,12,F,S,chauds,-5.9292464,chaudes,-9.025251,1
10268,P_NOUN_9_ADJ_b,M,P,les pots avec la recette qui étaient là depuis hier ne sont pas très importants <eos>,14,importants,importantes,12,F,S,importants,-5.22802,importantes,-7.6247506,1
10269,P_NOUN_9_ADJ_b,M,P,les pots avec la recette qui étaient là depuis hier ne sont pas très courts <eos>,14,courts,courtes,12,F,S,courts,-6.784684,courtes,-10.115772,1
10270,P_NOUN_9_ADJ_b,M,P,les pots avec la recette qui étaient là depuis hier ne sont pas très durs <eos>,14,durs,dures,12,F,S,durs,-5.0857105,dures,-7.408266,1
10271,P_NOUN_9_ADJ_b,M,P,les pots avec la recette qui étaient là depuis hier ne sont pas très clairs <eos>,14,clairs,claires,12,F,S,clairs,-5.1372504,claires,-7.328586,1
10272,P_NOUN_9_ADJ_b,M,P,les pots avec la recette qui étaient là depuis hier ne sont pas très intéressants <eos>,14,intéressants,intéressantes,12,F,S,intéressants,-6.377782,intéressantes,-8.727125,1
10273,P_NOUN_9_ADJ_b,M,P,les pots avec la recette qui étaient là depuis hier ne sont pas très brillants <eos>,14,brillants,brillantes,12,F,S,brillants,-6.831314,brillantes,-9.833525,1
10274,P_NOUN_9_ADJ_b,M,P,les pots avec la recette qui étaient là depuis hier ne sont pas très compliqués <eos>,14,compliqués,compliquées,12,F,S,compliqués,-5.837821,compliquées,-10.007319,1
10275,P_NOUN_9_ADJ_b,M,P,les pots avec la jupe qui étaient là depuis hier ne sont pas très verts <eos>,14,verts,vertes,12,F,S,verts,-7.9514017,vertes,-12.917368,1
10276,P_NOUN_9_ADJ_b,M,P,les pots avec la jupe qui étaient là depuis hier ne sont pas très bleus <eos>,14,bleus,bleues,12,F,S,bleus,-9.69186,bleues,-14.228056,1
10277,P_NOUN_9_ADJ_b,M,P,les pots avec la jupe qui étaient là depuis hier ne sont pas très noirs <eos>,14,noirs,noires,12,F,S,noirs,-9.832969,noires,-12.479853,1
10278,P_NOUN_9_ADJ_b,M,P,les pots avec la jupe qui étaient là depuis hier ne sont pas très délicats <eos>,14,délicats,délicates,12,F,S,délicats,-6.7823787,délicates,-10.585476,1
10279,P_NOUN_9_ADJ_b,M,P,les pots avec la jupe qui étaient là depuis hier ne sont pas très pointus <eos>,14,pointus,pointues,12,F,S,pointus,-9.017832,pointues,-11.74534,1
10280,P_NOUN_9_ADJ_b,M,P,les pots avec la jupe qui étaient là depuis hier ne sont pas très ronds <eos>,14,ronds,rondes,12,F,S,ronds,-9.527458,rondes,-12.8607,1
10281,P_NOUN_9_ADJ_b,M,P,les pots avec la jupe qui étaient là depuis hier ne sont pas très froids <eos>,14,froids,froides,12,F,S,froids,-8.567461,froides,-8.498005,0
10282,P_NOUN_9_ADJ_b,M,P,les pots avec la jupe qui étaient là depuis hier ne sont pas très chauds <eos>,14,chauds,chaudes,12,F,S,chauds,-6.255518,chaudes,-9.8677845,1
10283,P_NOUN_9_ADJ_b,M,P,les pots avec la jupe qui étaient là depuis hier ne sont pas très importants <eos>,14,importants,importantes,12,F,S,importants,-5.636739,importantes,-8.513244,1
10284,P_NOUN_9_ADJ_b,M,P,les pots avec la jupe qui étaient là depuis hier ne sont pas très courts <eos>,14,courts,courtes,12,F,S,courts,-5.832563,courtes,-9.846222,1
10285,P_NOUN_9_ADJ_b,M,P,les pots avec la jupe qui étaient là depuis hier ne sont pas très durs <eos>,14,durs,dures,12,F,S,durs,-4.9765167,dures,-7.7851534,1
10286,P_NOUN_9_ADJ_b,M,P,les pots avec la jupe qui étaient là depuis hier ne sont pas très clairs <eos>,14,clairs,claires,12,F,S,clairs,-4.250362,claires,-7.423651,1
10287,P_NOUN_9_ADJ_b,M,P,les pots avec la jupe qui étaient là depuis hier ne sont pas très intéressants <eos>,14,intéressants,intéressantes,12,F,S,intéressants,-6.477107,intéressantes,-9.511708,1
10288,P_NOUN_9_ADJ_b,M,P,les pots avec la jupe qui étaient là depuis hier ne sont pas très brillants <eos>,14,brillants,brillantes,12,F,S,brillants,-6.569027,brillantes,-10.163353,1
10289,P_NOUN_9_ADJ_b,M,P,les pots avec la jupe qui étaient là depuis hier ne sont pas très compliqués <eos>,14,compliqués,compliquées,12,F,S,compliqués,-5.727585,compliquées,-10.027049,1
10290,P_NOUN_9_ADJ_b,M,P,les pots avec la colle qui étaient là depuis hier ne sont pas très verts <eos>,14,verts,vertes,12,F,S,verts,-8.053812,vertes,-12.941191,1
10291,P_NOUN_9_ADJ_b,M,P,les pots avec la colle qui étaient là depuis hier ne sont pas très bleus <eos>,14,bleus,bleues,12,F,S,bleus,-10.315223,bleues,-14.902284,1
10292,P_NOUN_9_ADJ_b,M,P,les pots avec la colle qui étaient là depuis hier ne sont pas très noirs <eos>,14,noirs,noires,12,F,S,noirs,-10.537371,noires,-12.927524,1
10293,P_NOUN_9_ADJ_b,M,P,les pots avec la colle qui étaient là depuis hier ne sont pas très délicats <eos>,14,délicats,délicates,12,F,S,délicats,-6.92323,délicates,-11.202366,1
10294,P_NOUN_9_ADJ_b,M,P,les pots avec la colle qui étaient là depuis hier ne sont pas très pointus <eos>,14,pointus,pointues,12,F,S,pointus,-9.633777,pointues,-12.243565,1
10295,P_NOUN_9_ADJ_b,M,P,les pots avec la colle qui étaient là depuis hier ne sont pas très ronds <eos>,14,ronds,rondes,12,F,S,ronds,-10.514414,rondes,-13.598017,1
10296,P_NOUN_9_ADJ_b,M,P,les pots avec la colle qui étaient là depuis hier ne sont pas très froids <eos>,14,froids,froides,12,F,S,froids,-8.058546,froides,-8.097763,1
10297,P_NOUN_9_ADJ_b,M,P,les pots avec la colle qui étaient là depuis hier ne sont pas très chauds <eos>,14,chauds,chaudes,12,F,S,chauds,-5.72847,chaudes,-9.091811,1
10298,P_NOUN_9_ADJ_b,M,P,les pots avec la colle qui étaient là depuis hier ne sont pas très importants <eos>,14,importants,importantes,12,F,S,importants,-5.603566,importantes,-8.326949,1
10299,P_NOUN_9_ADJ_b,M,P,les pots avec la colle qui étaient là depuis hier ne sont pas très courts <eos>,14,courts,courtes,12,F,S,courts,-6.4584928,courtes,-10.611525,1
10300,P_NOUN_9_ADJ_b,M,P,les pots avec la colle qui étaient là depuis hier ne sont pas très durs <eos>,14,durs,dures,12,F,S,durs,-4.7963643,dures,-7.541984,1
10301,P_NOUN_9_ADJ_b,M,P,les pots avec la colle qui étaient là depuis hier ne sont pas très clairs <eos>,14,clairs,claires,12,F,S,clairs,-5.0424924,claires,-7.399204,1
10302,P_NOUN_9_ADJ_b,M,P,les pots avec la colle qui étaient là depuis hier ne sont pas très intéressants <eos>,14,intéressants,intéressantes,12,F,S,intéressants,-6.443316,intéressantes,-9.216799,1
10303,P_NOUN_9_ADJ_b,M,P,les pots avec la colle qui étaient là depuis hier ne sont pas très brillants <eos>,14,brillants,brillantes,12,F,S,brillants,-6.457946,brillantes,-10.297504,1
10304,P_NOUN_9_ADJ_b,M,P,les pots avec la colle qui étaient là depuis hier ne sont pas très compliqués <eos>,14,compliqués,compliquées,12,F,S,compliqués,-5.897276,compliquées,-10.711926,1
10305,P_NOUN_9_ADJ_b,M,P,les pots avec la lampe qui étaient là depuis hier ne sont pas très verts <eos>,14,verts,vertes,12,F,S,verts,-8.093693,vertes,-12.600606,1
10306,P_NOUN_9_ADJ_b,M,P,les pots avec la lampe qui étaient là depuis hier ne sont pas très bleus <eos>,14,bleus,bleues,12,F,S,bleus,-10.377192,bleues,-14.417465,1
10307,P_NOUN_9_ADJ_b,M,P,les pots avec la lampe qui étaient là depuis hier ne sont pas très noirs <eos>,14,noirs,noires,12,F,S,noirs,-10.719751,noires,-12.795513,1
10308,P_NOUN_9_ADJ_b,M,P,les pots avec la lampe qui étaient là depuis hier ne sont pas très délicats <eos>,14,délicats,délicates,12,F,S,délicats,-6.7997255,délicates,-10.64141,1
10309,P_NOUN_9_ADJ_b,M,P,les pots avec la lampe qui étaient là depuis hier ne sont pas très pointus <eos>,14,pointus,pointues,12,F,S,pointus,-9.441545,pointues,-11.749351,1
10310,P_NOUN_9_ADJ_b,M,P,les pots avec la lampe qui étaient là depuis hier ne sont pas très ronds <eos>,14,ronds,rondes,12,F,S,ronds,-10.246574,rondes,-13.406469,1
10311,P_NOUN_9_ADJ_b,M,P,les pots avec la lampe qui étaient là depuis hier ne sont pas très froids <eos>,14,froids,froides,12,F,S,froids,-8.095395,froides,-7.980095,0
10312,P_NOUN_9_ADJ_b,M,P,les pots avec la lampe qui étaient là depuis hier ne sont pas très chauds <eos>,14,chauds,chaudes,12,F,S,chauds,-5.748517,chaudes,-9.12323,1
10313,P_NOUN_9_ADJ_b,M,P,les pots avec la lampe qui étaient là depuis hier ne sont pas très importants <eos>,14,importants,importantes,12,F,S,importants,-5.514877,importantes,-8.102528,1
10314,P_NOUN_9_ADJ_b,M,P,les pots avec la lampe qui étaient là depuis hier ne sont pas très courts <eos>,14,courts,courtes,12,F,S,courts,-6.4178905,courtes,-10.063733,1
10315,P_NOUN_9_ADJ_b,M,P,les pots avec la lampe qui étaient là depuis hier ne sont pas très durs <eos>,14,durs,dures,12,F,S,durs,-4.740097,dures,-7.6558113,1
10316,P_NOUN_9_ADJ_b,M,P,les pots avec la lampe qui étaient là depuis hier ne sont pas très clairs <eos>,14,clairs,claires,12,F,S,clairs,-4.950137,claires,-7.48215,1
10317,P_NOUN_9_ADJ_b,M,P,les pots avec la lampe qui étaient là depuis hier ne sont pas très intéressants <eos>,14,intéressants,intéressantes,12,F,S,intéressants,-6.1997356,intéressantes,-8.933293,1
10318,P_NOUN_9_ADJ_b,M,P,les pots avec la lampe qui étaient là depuis hier ne sont pas très brillants <eos>,14,brillants,brillantes,12,F,S,brillants,-6.1901064,brillantes,-9.642534,1
10319,P_NOUN_9_ADJ_b,M,P,les pots avec la lampe qui étaient là depuis hier ne sont pas très compliqués <eos>,14,compliqués,compliquées,12,F,S,compliqués,-5.4289756,compliquées,-10.185957,1
10320,P_NOUN_9_ADJ_b,M,P,les pots avec la bouteille qui étaient là depuis hier ne sont pas très verts <eos>,14,verts,vertes,12,F,S,verts,-8.007719,vertes,-13.036023,1
10321,P_NOUN_9_ADJ_b,M,P,les pots avec la bouteille qui étaient là depuis hier ne sont pas très bleus <eos>,14,bleus,bleues,12,F,S,bleus,-9.950382,bleues,-14.647511,1
10322,P_NOUN_9_ADJ_b,M,P,les pots avec la bouteille qui étaient là depuis hier ne sont pas très noirs <eos>,14,noirs,noires,12,F,S,noirs,-10.209461,noires,-12.808584,1
10323,P_NOUN_9_ADJ_b,M,P,les pots avec la bouteille qui étaient là depuis hier ne sont pas très délicats <eos>,14,délicats,délicates,12,F,S,délicats,-6.314166,délicates,-10.354865,1
10324,P_NOUN_9_ADJ_b,M,P,les pots avec la bouteille qui étaient là depuis hier ne sont pas très pointus <eos>,14,pointus,pointues,12,F,S,pointus,-9.828447,pointues,-12.199739,1
10325,P_NOUN_9_ADJ_b,M,P,les pots avec la bouteille qui étaient là depuis hier ne sont pas très ronds <eos>,14,ronds,rondes,12,F,S,ronds,-10.155198,rondes,-13.546921,1
10326,P_NOUN_9_ADJ_b,M,P,les pots avec la bouteille qui étaient là depuis hier ne sont pas très froids <eos>,14,froids,froides,12,F,S,froids,-7.731027,froides,-7.410661,0
10327,P_NOUN_9_ADJ_b,M,P,les pots avec la bouteille qui étaient là depuis hier ne sont pas très chauds <eos>,14,chauds,chaudes,12,F,S,chauds,-5.857644,chaudes,-8.735334,1
10328,P_NOUN_9_ADJ_b,M,P,les pots avec la bouteille qui étaient là depuis hier ne sont pas très importants <eos>,14,importants,importantes,12,F,S,importants,-5.228504,importantes,-7.842246,1
10329,P_NOUN_9_ADJ_b,M,P,les pots avec la bouteille qui étaient là depuis hier ne sont pas très courts <eos>,14,courts,courtes,12,F,S,courts,-6.164733,courtes,-10.4603195,1
10330,P_NOUN_9_ADJ_b,M,P,les pots avec la bouteille qui étaient là depuis hier ne sont pas très durs <eos>,14,durs,dures,12,F,S,durs,-5.050054,dures,-7.7225537,1
10331,P_NOUN_9_ADJ_b,M,P,les pots avec la bouteille qui étaient là depuis hier ne sont pas très clairs <eos>,14,clairs,claires,12,F,S,clairs,-5.4652224,claires,-7.446245,1
10332,P_NOUN_9_ADJ_b,M,P,les pots avec la bouteille qui étaient là depuis hier ne sont pas très intéressants <eos>,14,intéressants,intéressantes,12,F,S,intéressants,-6.201295,intéressantes,-8.973828,1
10333,P_NOUN_9_ADJ_b,M,P,les pots avec la bouteille qui étaient là depuis hier ne sont pas très brillants <eos>,14,brillants,brillantes,12,F,S,brillants,-6.722766,brillantes,-10.317562,1
10334,P_NOUN_9_ADJ_b,M,P,les pots avec la bouteille qui étaient là depuis hier ne sont pas très compliqués <eos>,14,compliqués,compliquées,12,F,S,compliqués,-5.967351,compliquées,-10.542575,1
10335,P_NOUN_9_ADJ_b,M,P,les pots avec la boisson qui étaient là depuis hier ne sont pas très verts <eos>,14,verts,vertes,12,F,S,verts,-7.7618113,vertes,-13.139285,1
10336,P_NOUN_9_ADJ_b,M,P,les pots avec la boisson qui étaient là depuis hier ne sont pas très bleus <eos>,14,bleus,bleues,12,F,S,bleus,-10.129629,bleues,-14.817221,1
10337,P_NOUN_9_ADJ_b,M,P,les pots avec la boisson qui étaient là depuis hier ne sont pas très noirs <eos>,14,noirs,noires,12,F,S,noirs,-10.4667425,noires,-13.272271,1
10338,P_NOUN_9_ADJ_b,M,P,les pots avec la boisson qui étaient là depuis hier ne sont pas très délicats <eos>,14,délicats,délicates,12,F,S,délicats,-6.4888935,délicates,-10.610371,1
10339,P_NOUN_9_ADJ_b,M,P,les pots avec la boisson qui étaient là depuis hier ne sont pas très pointus <eos>,14,pointus,pointues,12,F,S,pointus,-10.260136,pointues,-12.832211,1
10340,P_NOUN_9_ADJ_b,M,P,les pots avec la boisson qui étaient là depuis hier ne sont pas très ronds <eos>,14,ronds,rondes,12,F,S,ronds,-10.510477,rondes,-13.666792,1
10341,P_NOUN_9_ADJ_b,M,P,les pots avec la boisson qui étaient là depuis hier ne sont pas très froids <eos>,14,froids,froides,12,F,S,froids,-7.272006,froides,-7.8837843,1
10342,P_NOUN_9_ADJ_b,M,P,les pots avec la boisson qui étaient là depuis hier ne sont pas très chauds <eos>,14,chauds,chaudes,12,F,S,chauds,-5.69642,chaudes,-8.888826,1
10343,P_NOUN_9_ADJ_b,M,P,les pots avec la boisson qui étaient là depuis hier ne sont pas très importants <eos>,14,importants,importantes,12,F,S,importants,-5.215354,importantes,-8.017303,1
10344,P_NOUN_9_ADJ_b,M,P,les pots avec la boisson qui étaient là depuis hier ne sont pas très courts <eos>,14,courts,courtes,12,F,S,courts,-6.6792145,courtes,-10.908389,1
10345,P_NOUN_9_ADJ_b,M,P,les pots avec la boisson qui étaient là depuis hier ne sont pas très durs <eos>,14,durs,dures,12,F,S,durs,-5.3036995,dures,-7.393037,1
10346,P_NOUN_9_ADJ_b,M,P,les pots avec la boisson qui étaient là depuis hier ne sont pas très clairs <eos>,14,clairs,claires,12,F,S,clairs,-5.082391,claires,-7.5149946,1
10347,P_NOUN_9_ADJ_b,M,P,les pots avec la boisson qui étaient là depuis hier ne sont pas très intéressants <eos>,14,intéressants,intéressantes,12,F,S,intéressants,-6.2850847,intéressantes,-9.141047,1
10348,P_NOUN_9_ADJ_b,M,P,les pots avec la boisson qui étaient là depuis hier ne sont pas très brillants <eos>,14,brillants,brillantes,12,F,S,brillants,-6.7415857,brillantes,-10.476619,1
10349,P_NOUN_9_ADJ_b,M,P,les pots avec la boisson qui étaient là depuis hier ne sont pas très compliqués <eos>,14,compliqués,compliquées,12,F,S,compliqués,-6.2778835,compliquées,-10.922867,1
10350,P_NOUN_9_ADJ_b,M,P,les pots avec la pomme qui étaient là depuis hier ne sont pas très verts <eos>,14,verts,vertes,12,F,S,verts,-8.305976,vertes,-13.493175,1
10351,P_NOUN_9_ADJ_b,M,P,les pots avec la pomme qui étaient là depuis hier ne sont pas très bleus <eos>,14,bleus,bleues,12,F,S,bleus,-10.367426,bleues,-15.216335,1
10352,P_NOUN_9_ADJ_b,M,P,les pots avec la pomme qui étaient là depuis hier ne sont pas très noirs <eos>,14,noirs,noires,12,F,S,noirs,-10.403432,noires,-13.44684,1
10353,P_NOUN_9_ADJ_b,M,P,les pots avec la pomme qui étaient là depuis hier ne sont pas très délicats <eos>,14,délicats,délicates,12,F,S,délicats,-6.635479,délicates,-10.899085,1
10354,P_NOUN_9_ADJ_b,M,P,les pots avec la pomme qui étaient là depuis hier ne sont pas très pointus <eos>,14,pointus,pointues,12,F,S,pointus,-9.692256,pointues,-12.494995,1
10355,P_NOUN_9_ADJ_b,M,P,les pots avec la pomme qui étaient là depuis hier ne sont pas très ronds <eos>,14,ronds,rondes,12,F,S,ronds,-10.312632,rondes,-13.821522,1
10356,P_NOUN_9_ADJ_b,M,P,les pots avec la pomme qui étaient là depuis hier ne sont pas très froids <eos>,14,froids,froides,12,F,S,froids,-7.8308516,froides,-8.310886,1
10357,P_NOUN_9_ADJ_b,M,P,les pots avec la pomme qui étaient là depuis hier ne sont pas très chauds <eos>,14,chauds,chaudes,12,F,S,chauds,-5.854451,chaudes,-9.446419,1
10358,P_NOUN_9_ADJ_b,M,P,les pots avec la pomme qui étaient là depuis hier ne sont pas très importants <eos>,14,importants,importantes,12,F,S,importants,-5.0011454,importantes,-8.096729,1
10359,P_NOUN_9_ADJ_b,M,P,les pots avec la pomme qui étaient là depuis hier ne sont pas très courts <eos>,14,courts,courtes,12,F,S,courts,-6.3915586,courtes,-10.741483,1
10360,P_NOUN_9_ADJ_b,M,P,les pots avec la pomme qui étaient là depuis hier ne sont pas très durs <eos>,14,durs,dures,12,F,S,durs,-4.8251686,dures,-7.589487,1
10361,P_NOUN_9_ADJ_b,M,P,les pots avec la pomme qui étaient là depuis hier ne sont pas très clairs <eos>,14,clairs,claires,12,F,S,clairs,-4.9567323,claires,-7.8564153,1
10362,P_NOUN_9_ADJ_b,M,P,les pots avec la pomme qui étaient là depuis hier ne sont pas très intéressants <eos>,14,intéressants,intéressantes,12,F,S,intéressants,-5.9931226,intéressantes,-8.914263,1
10363,P_NOUN_9_ADJ_b,M,P,les pots avec la pomme qui étaient là depuis hier ne sont pas très brillants <eos>,14,brillants,brillantes,12,F,S,brillants,-6.5449085,brillantes,-10.361806,1
10364,P_NOUN_9_ADJ_b,M,P,les pots avec la pomme qui étaient là depuis hier ne sont pas très compliqués <eos>,14,compliqués,compliquées,12,F,S,compliqués,-6.008637,compliquées,-10.621939,1
10365,P_NOUN_9_ADJ_b,M,P,les pots avec la tasse qui étaient là depuis hier ne sont pas très verts <eos>,14,verts,vertes,12,F,S,verts,-7.6525307,vertes,-13.045986,1
10366,P_NOUN_9_ADJ_b,M,P,les pots avec la tasse qui étaient là depuis hier ne sont pas très bleus <eos>,14,bleus,bleues,12,F,S,bleus,-9.547749,bleues,-14.394325,1
10367,P_NOUN_9_ADJ_b,M,P,les pots avec la tasse qui étaient là depuis hier ne sont pas très noirs <eos>,14,noirs,noires,12,F,S,noirs,-9.505657,noires,-12.499443,1
10368,P_NOUN_9_ADJ_b,M,P,les pots avec la tasse qui étaient là depuis hier ne sont pas très délicats <eos>,14,délicats,délicates,12,F,S,délicats,-6.6243744,délicates,-9.725511,1
10369,P_NOUN_9_ADJ_b,M,P,les pots avec la tasse qui étaient là depuis hier ne sont pas très pointus <eos>,14,pointus,pointues,12,F,S,pointus,-10.014185,pointues,-12.275401,1
10370,P_NOUN_9_ADJ_b,M,P,les pots avec la tasse qui étaient là depuis hier ne sont pas très ronds <eos>,14,ronds,rondes,12,F,S,ronds,-9.862535,rondes,-13.321758,1
10371,P_NOUN_9_ADJ_b,M,P,les pots avec la tasse qui étaient là depuis hier ne sont pas très froids <eos>,14,froids,froides,12,F,S,froids,-7.6267242,froides,-7.5164604,0
10372,P_NOUN_9_ADJ_b,M,P,les pots avec la tasse qui étaient là depuis hier ne sont pas très chauds <eos>,14,chauds,chaudes,12,F,S,chauds,-5.7495756,chaudes,-8.58098,1
10373,P_NOUN_9_ADJ_b,M,P,les pots avec la tasse qui étaient là depuis hier ne sont pas très importants <eos>,14,importants,importantes,12,F,S,importants,-5.206461,importantes,-7.8884726,1
10374,P_NOUN_9_ADJ_b,M,P,les pots avec la tasse qui étaient là depuis hier ne sont pas très courts <eos>,14,courts,courtes,12,F,S,courts,-6.5531673,courtes,-10.926261,1
10375,P_NOUN_9_ADJ_b,M,P,les pots avec la tasse qui étaient là depuis hier ne sont pas très durs <eos>,14,durs,dures,12,F,S,durs,-5.433493,dures,-8.025997,1
10376,P_NOUN_9_ADJ_b,M,P,les pots avec la tasse qui étaient là depuis hier ne sont pas très clairs <eos>,14,clairs,claires,12,F,S,clairs,-4.831897,claires,-7.1353626,1
10377,P_NOUN_9_ADJ_b,M,P,les pots avec la tasse qui étaient là depuis hier ne sont pas très intéressants <eos>,14,intéressants,intéressantes,12,F,S,intéressants,-6.3310924,intéressantes,-9.43111,1
10378,P_NOUN_9_ADJ_b,M,P,les pots avec la tasse qui étaient là depuis hier ne sont pas très brillants <eos>,14,brillants,brillantes,12,F,S,brillants,-6.887515,brillantes,-10.449119,1
10379,P_NOUN_9_ADJ_b,M,P,les pots avec la tasse qui étaient là depuis hier ne sont pas très compliqués <eos>,14,compliqués,compliquées,12,F,S,compliqués,-6.2436714,compliquées,-10.7871895,1
10380,P_NOUN_9_ADJ_b,M,P,les pots avec la bougie qui étaient là depuis hier ne sont pas très verts <eos>,14,verts,vertes,12,F,S,verts,-8.187548,vertes,-13.358667,1
10381,P_NOUN_9_ADJ_b,M,P,les pots avec la bougie qui étaient là depuis hier ne sont pas très bleus <eos>,14,bleus,bleues,12,F,S,bleus,-10.211634,bleues,-14.928852,1
10382,P_NOUN_9_ADJ_b,M,P,les pots avec la bougie qui étaient là depuis hier ne sont pas très noirs <eos>,14,noirs,noires,12,F,S,noirs,-10.358571,noires,-13.287488,1
10383,P_NOUN_9_ADJ_b,M,P,les pots avec la bougie qui étaient là depuis hier ne sont pas très délicats <eos>,14,délicats,délicates,12,F,S,délicats,-6.484406,délicates,-10.55768,1
10384,P_NOUN_9_ADJ_b,M,P,les pots avec la bougie qui étaient là depuis hier ne sont pas très pointus <eos>,14,pointus,pointues,12,F,S,pointus,-9.680997,pointues,-12.073991,1
10385,P_NOUN_9_ADJ_b,M,P,les pots avec la bougie qui étaient là depuis hier ne sont pas très ronds <eos>,14,ronds,rondes,12,F,S,ronds,-10.30336,rondes,-13.744093,1
10386,P_NOUN_9_ADJ_b,M,P,les pots avec la bougie qui étaient là depuis hier ne sont pas très froids <eos>,14,froids,froides,12,F,S,froids,-7.791029,froides,-7.791791,1
10387,P_NOUN_9_ADJ_b,M,P,les pots avec la bougie qui étaient là depuis hier ne sont pas très chauds <eos>,14,chauds,chaudes,12,F,S,chauds,-5.8177495,chaudes,-9.222605,1
10388,P_NOUN_9_ADJ_b,M,P,les pots avec la bougie qui étaient là depuis hier ne sont pas très importants <eos>,14,importants,importantes,12,F,S,importants,-5.264842,importantes,-8.278446,1
10389,P_NOUN_9_ADJ_b,M,P,les pots avec la bougie qui étaient là depuis hier ne sont pas très courts <eos>,14,courts,courtes,12,F,S,courts,-6.2580094,courtes,-10.501499,1
10390,P_NOUN_9_ADJ_b,M,P,les pots avec la bougie qui étaient là depuis hier ne sont pas très durs <eos>,14,durs,dures,12,F,S,durs,-4.4746075,dures,-7.411607,1
10391,P_NOUN_9_ADJ_b,M,P,les pots avec la bougie qui étaient là depuis hier ne sont pas très clairs <eos>,14,clairs,claires,12,F,S,clairs,-4.883748,claires,-7.6565647,1
10392,P_NOUN_9_ADJ_b,M,P,les pots avec la bougie qui étaient là depuis hier ne sont pas très intéressants <eos>,14,intéressants,intéressantes,12,F,S,intéressants,-6.0879107,intéressantes,-9.017143,1
10393,P_NOUN_9_ADJ_b,M,P,les pots avec la bougie qui étaient là depuis hier ne sont pas très brillants <eos>,14,brillants,brillantes,12,F,S,brillants,-6.132245,brillantes,-10.10131,1
10394,P_NOUN_9_ADJ_b,M,P,les pots avec la bougie qui étaient là depuis hier ne sont pas très compliqués <eos>,14,compliqués,compliquées,12,F,S,compliqués,-5.536665,compliquées,-10.076404,1
10395,P_NOUN_9_ADJ_b,M,P,les pots avec la pochette qui étaient là depuis hier ne sont pas très verts <eos>,14,verts,vertes,12,F,S,verts,-7.882122,vertes,-12.898306,1
10396,P_NOUN_9_ADJ_b,M,P,les pots avec la pochette qui étaient là depuis hier ne sont pas très bleus <eos>,14,bleus,bleues,12,F,S,bleus,-9.62312,bleues,-13.60786,1
10397,P_NOUN_9_ADJ_b,M,P,les pots avec la pochette qui étaient là depuis hier ne sont pas très noirs <eos>,14,noirs,noires,12,F,S,noirs,-9.684693,noires,-12.5073805,1
10398,P_NOUN_9_ADJ_b,M,P,les pots avec la pochette qui étaient là depuis hier ne sont pas très délicats <eos>,14,délicats,délicates,12,F,S,délicats,-6.9931245,délicates,-10.10298,1
10399,P_NOUN_9_ADJ_b,M,P,les pots avec la pochette qui étaient là depuis hier ne sont pas très pointus <eos>,14,pointus,pointues,12,F,S,pointus,-9.65877,pointues,-12.129673,1
10400,P_NOUN_9_ADJ_b,M,P,les pots avec la pochette qui étaient là depuis hier ne sont pas très ronds <eos>,14,ronds,rondes,12,F,S,ronds,-9.671007,rondes,-13.288092,1
10401,P_NOUN_9_ADJ_b,M,P,les pots avec la pochette qui étaient là depuis hier ne sont pas très froids <eos>,14,froids,froides,12,F,S,froids,-9.332448,froides,-8.627616,0
10402,P_NOUN_9_ADJ_b,M,P,les pots avec la pochette qui étaient là depuis hier ne sont pas très chauds <eos>,14,chauds,chaudes,12,F,S,chauds,-7.7206035,chaudes,-10.6495075,1
10403,P_NOUN_9_ADJ_b,M,P,les pots avec la pochette qui étaient là depuis hier ne sont pas très importants <eos>,14,importants,importantes,12,F,S,importants,-5.8137875,importantes,-9.11603,1
10404,P_NOUN_9_ADJ_b,M,P,les pots avec la pochette qui étaient là depuis hier ne sont pas très courts <eos>,14,courts,courtes,12,F,S,courts,-5.619418,courtes,-9.727037,1
10405,P_NOUN_9_ADJ_b,M,P,les pots avec la pochette qui étaient là depuis hier ne sont pas très durs <eos>,14,durs,dures,12,F,S,durs,-5.4980297,dures,-8.445193,1
10406,P_NOUN_9_ADJ_b,M,P,les pots avec la pochette qui étaient là depuis hier ne sont pas très clairs <eos>,14,clairs,claires,12,F,S,clairs,-4.465232,claires,-7.0830927,1
10407,P_NOUN_9_ADJ_b,M,P,les pots avec la pochette qui étaient là depuis hier ne sont pas très intéressants <eos>,14,intéressants,intéressantes,12,F,S,intéressants,-5.364278,intéressantes,-9.203986,1
10408,P_NOUN_9_ADJ_b,M,P,les pots avec la pochette qui étaient là depuis hier ne sont pas très brillants <eos>,14,brillants,brillantes,12,F,S,brillants,-7.0298295,brillantes,-10.287106,1
10409,P_NOUN_9_ADJ_b,M,P,les pots avec la pochette qui étaient là depuis hier ne sont pas très compliqués <eos>,14,compliqués,compliquées,12,F,S,compliqués,-5.5685577,compliquées,-9.366947,1
10410,P_NOUN_9_ADJ_b,M,P,les pots avec la banane qui étaient là depuis hier ne sont pas très verts <eos>,14,verts,vertes,12,F,S,verts,-7.932255,vertes,-12.999854,1
10411,P_NOUN_9_ADJ_b,M,P,les pots avec la banane qui étaient là depuis hier ne sont pas très bleus <eos>,14,bleus,bleues,12,F,S,bleus,-9.899421,bleues,-14.386959,1
10412,P_NOUN_9_ADJ_b,M,P,les pots avec la banane qui étaient là depuis hier ne sont pas très noirs <eos>,14,noirs,noires,12,F,S,noirs,-9.649052,noires,-12.897493,1
10413,P_NOUN_9_ADJ_b,M,P,les pots avec la banane qui étaient là depuis hier ne sont pas très délicats <eos>,14,délicats,délicates,12,F,S,délicats,-6.9310713,délicates,-10.698899,1
10414,P_NOUN_9_ADJ_b,M,P,les pots avec la banane qui étaient là depuis hier ne sont pas très pointus <eos>,14,pointus,pointues,12,F,S,pointus,-9.997508,pointues,-12.84031,1
10415,P_NOUN_9_ADJ_b,M,P,les pots avec la banane qui étaient là depuis hier ne sont pas très ronds <eos>,14,ronds,rondes,12,F,S,ronds,-9.915901,rondes,-13.84762,1
10416,P_NOUN_9_ADJ_b,M,P,les pots avec la banane qui étaient là depuis hier ne sont pas très froids <eos>,14,froids,froides,12,F,S,froids,-7.308675,froides,-8.086364,1
10417,P_NOUN_9_ADJ_b,M,P,les pots avec la banane qui étaient là depuis hier ne sont pas très chauds <eos>,14,chauds,chaudes,12,F,S,chauds,-5.994466,chaudes,-8.951577,1
10418,P_NOUN_9_ADJ_b,M,P,les pots avec la banane qui étaient là depuis hier ne sont pas très importants <eos>,14,importants,importantes,12,F,S,importants,-5.1577845,importantes,-8.097424,1
10419,P_NOUN_9_ADJ_b,M,P,les pots avec la banane qui étaient là depuis hier ne sont pas très courts <eos>,14,courts,courtes,12,F,S,courts,-6.358459,courtes,-10.83263,1
10420,P_NOUN_9_ADJ_b,M,P,les pots avec la banane qui étaient là depuis hier ne sont pas très durs <eos>,14,durs,dures,12,F,S,durs,-4.9536533,dures,-7.448269,1
10421,P_NOUN_9_ADJ_b,M,P,les pots avec la banane qui étaient là depuis hier ne sont pas très clairs <eos>,14,clairs,claires,12,F,S,clairs,-4.599303,claires,-7.474071,1
10422,P_NOUN_9_ADJ_b,M,P,les pots avec la banane qui étaient là depuis hier ne sont pas très intéressants <eos>,14,intéressants,intéressantes,12,F,S,intéressants,-6.423336,intéressantes,-9.114343,1
10423,P_NOUN_9_ADJ_b,M,P,les pots avec la banane qui étaient là depuis hier ne sont pas très brillants <eos>,14,brillants,brillantes,12,F,S,brillants,-6.5615363,brillantes,-9.994343,1
10424,P_NOUN_9_ADJ_b,M,P,les pots avec la banane qui étaient là depuis hier ne sont pas très compliqués <eos>,14,compliqués,compliquées,12,F,S,compliqués,-6.4680014,compliquées,-10.826172,1
10425,P_NOUN_9_ADJ_b,M,P,les pots avec la robe qui étaient là depuis hier ne sont pas très verts <eos>,14,verts,vertes,12,F,S,verts,-7.8113065,vertes,-12.757118,1
10426,P_NOUN_9_ADJ_b,M,P,les pots avec la robe qui étaient là depuis hier ne sont pas très bleus <eos>,14,bleus,bleues,12,F,S,bleus,-8.906017,bleues,-13.622311,1
10427,P_NOUN_9_ADJ_b,M,P,les pots avec la robe qui étaient là depuis hier ne sont pas très noirs <eos>,14,noirs,noires,12,F,S,noirs,-9.363764,noires,-12.367554,1
10428,P_NOUN_9_ADJ_b,M,P,les pots avec la robe qui étaient là depuis hier ne sont pas très délicats <eos>,14,délicats,délicates,12,F,S,délicats,-7.0425673,délicates,-10.742055,1
10429,P_NOUN_9_ADJ_b,M,P,les pots avec la robe qui étaient là depuis hier ne sont pas très pointus <eos>,14,pointus,pointues,12,F,S,pointus,-9.608248,pointues,-12.096355,1
10430,P_NOUN_9_ADJ_b,M,P,les pots avec la robe qui étaient là depuis hier ne sont pas très ronds <eos>,14,ronds,rondes,12,F,S,ronds,-10.2034855,rondes,-13.278227,1
10431,P_NOUN_9_ADJ_b,M,P,les pots avec la robe qui étaient là depuis hier ne sont pas très froids <eos>,14,froids,froides,12,F,S,froids,-7.8048506,froides,-8.011858,1
10432,P_NOUN_9_ADJ_b,M,P,les pots avec la robe qui étaient là depuis hier ne sont pas très chauds <eos>,14,chauds,chaudes,12,F,S,chauds,-5.5827603,chaudes,-9.365177,1
10433,P_NOUN_9_ADJ_b,M,P,les pots avec la robe qui étaient là depuis hier ne sont pas très importants <eos>,14,importants,importantes,12,F,S,importants,-5.4868574,importantes,-8.256382,1
10434,P_NOUN_9_ADJ_b,M,P,les pots avec la robe qui étaient là depuis hier ne sont pas très courts <eos>,14,courts,courtes,12,F,S,courts,-6.084242,courtes,-9.915103,1
10435,P_NOUN_9_ADJ_b,M,P,les pots avec la robe qui étaient là depuis hier ne sont pas très durs <eos>,14,durs,dures,12,F,S,durs,-5.055588,dures,-7.4591227,1
10436,P_NOUN_9_ADJ_b,M,P,les pots avec la robe qui étaient là depuis hier ne sont pas très clairs <eos>,14,clairs,claires,12,F,S,clairs,-3.2331846,claires,-7.048913,1
10437,P_NOUN_9_ADJ_b,M,P,les pots avec la robe qui étaient là depuis hier ne sont pas très intéressants <eos>,14,intéressants,intéressantes,12,F,S,intéressants,-6.5840607,intéressantes,-9.478025,1
10438,P_NOUN_9_ADJ_b,M,P,les pots avec la robe qui étaient là depuis hier ne sont pas très brillants <eos>,14,brillants,brillantes,12,F,S,brillants,-6.3216705,brillantes,-9.290029,1
10439,P_NOUN_9_ADJ_b,M,P,les pots avec la robe qui étaient là depuis hier ne sont pas très compliqués <eos>,14,compliqués,compliquées,12,F,S,compliqués,-5.979385,compliquées,-10.402685,1
10440,P_NOUN_9_ADJ_b,M,P,les pots avec la valise qui étaient là depuis hier ne sont pas très verts <eos>,14,verts,vertes,12,F,S,verts,-8.3980875,vertes,-12.790069,1
10441,P_NOUN_9_ADJ_b,M,P,les pots avec la valise qui étaient là depuis hier ne sont pas très bleus <eos>,14,bleus,bleues,12,F,S,bleus,-9.4712305,bleues,-14.245979,1
10442,P_NOUN_9_ADJ_b,M,P,les pots avec la valise qui étaient là depuis hier ne sont pas très noirs <eos>,14,noirs,noires,12,F,S,noirs,-9.788838,noires,-12.540991,1
10443,P_NOUN_9_ADJ_b,M,P,les pots avec la valise qui étaient là depuis hier ne sont pas très délicats <eos>,14,délicats,délicates,12,F,S,délicats,-7.4283156,délicates,-10.171213,1
10444,P_NOUN_9_ADJ_b,M,P,les pots avec la valise qui étaient là depuis hier ne sont pas très pointus <eos>,14,pointus,pointues,12,F,S,pointus,-9.191305,pointues,-12.019217,1
10445,P_NOUN_9_ADJ_b,M,P,les pots avec la valise qui étaient là depuis hier ne sont pas très ronds <eos>,14,ronds,rondes,12,F,S,ronds,-10.533077,rondes,-13.758282,1
10446,P_NOUN_9_ADJ_b,M,P,les pots avec la valise qui étaient là depuis hier ne sont pas très froids <eos>,14,froids,froides,12,F,S,froids,-9.103068,froides,-7.996625,0
10447,P_NOUN_9_ADJ_b,M,P,les pots avec la valise qui étaient là depuis hier ne sont pas très chauds <eos>,14,chauds,chaudes,12,F,S,chauds,-6.4884243,chaudes,-9.996068,1
10448,P_NOUN_9_ADJ_b,M,P,les pots avec la valise qui étaient là depuis hier ne sont pas très importants <eos>,14,importants,importantes,12,F,S,importants,-5.7387257,importantes,-8.578011,1
10449,P_NOUN_9_ADJ_b,M,P,les pots avec la valise qui étaient là depuis hier ne sont pas très courts <eos>,14,courts,courtes,12,F,S,courts,-6.402529,courtes,-10.184559,1
10450,P_NOUN_9_ADJ_b,M,P,les pots avec la valise qui étaient là depuis hier ne sont pas très durs <eos>,14,durs,dures,12,F,S,durs,-5.4066896,dures,-8.353078,1
10451,P_NOUN_9_ADJ_b,M,P,les pots avec la valise qui étaient là depuis hier ne sont pas très clairs <eos>,14,clairs,claires,12,F,S,clairs,-5.2056,claires,-7.8904657,1
10452,P_NOUN_9_ADJ_b,M,P,les pots avec la valise qui étaient là depuis hier ne sont pas très intéressants <eos>,14,intéressants,intéressantes,12,F,S,intéressants,-5.6741796,intéressantes,-9.393122,1
10453,P_NOUN_9_ADJ_b,M,P,les pots avec la valise qui étaient là depuis hier ne sont pas très brillants <eos>,14,brillants,brillantes,12,F,S,brillants,-6.7560406,brillantes,-10.738235,1
10454,P_NOUN_9_ADJ_b,M,P,les pots avec la valise qui étaient là depuis hier ne sont pas très compliqués <eos>,14,compliqués,compliquées,12,F,S,compliqués,-5.6272936,compliquées,-9.869628,1
10455,P_NOUN_9_ADJ_b,M,P,les pots avec la pendule qui étaient là depuis hier ne sont pas très verts <eos>,14,verts,vertes,12,F,S,verts,-7.834814,vertes,-12.8574295,1
10456,P_NOUN_9_ADJ_b,M,P,les pots avec la pendule qui étaient là depuis hier ne sont pas très bleus <eos>,14,bleus,bleues,12,F,S,bleus,-10.519229,bleues,-15.002262,1
10457,P_NOUN_9_ADJ_b,M,P,les pots avec la pendule qui étaient là depuis hier ne sont pas très noirs <eos>,14,noirs,noires,12,F,S,noirs,-10.925099,noires,-13.371734,1
10458,P_NOUN_9_ADJ_b,M,P,les pots avec la pendule qui étaient là depuis hier ne sont pas très délicats <eos>,14,délicats,délicates,12,F,S,délicats,-7.065089,délicates,-11.037945,1
10459,P_NOUN_9_ADJ_b,M,P,les pots avec la pendule qui étaient là depuis hier ne sont pas très pointus <eos>,14,pointus,pointues,12,F,S,pointus,-9.103722,pointues,-11.878822,1
10460,P_NOUN_9_ADJ_b,M,P,les pots avec la pendule qui étaient là depuis hier ne sont pas très ronds <eos>,14,ronds,rondes,12,F,S,ronds,-10.637627,rondes,-13.784706,1
10461,P_NOUN_9_ADJ_b,M,P,les pots avec la pendule qui étaient là depuis hier ne sont pas très froids <eos>,14,froids,froides,12,F,S,froids,-7.9515295,froides,-8.005264,1
10462,P_NOUN_9_ADJ_b,M,P,les pots avec la pendule qui étaient là depuis hier ne sont pas très chauds <eos>,14,chauds,chaudes,12,F,S,chauds,-5.487198,chaudes,-9.403962,1
10463,P_NOUN_9_ADJ_b,M,P,les pots avec la pendule qui étaient là depuis hier ne sont pas très importants <eos>,14,importants,importantes,12,F,S,importants,-5.5335236,importantes,-8.512507,1
10464,P_NOUN_9_ADJ_b,M,P,les pots avec la pendule qui étaient là depuis hier ne sont pas très courts <eos>,14,courts,courtes,12,F,S,courts,-6.173248,courtes,-10.3916855,1
10465,P_NOUN_9_ADJ_b,M,P,les pots avec la pendule qui étaient là depuis hier ne sont pas très durs <eos>,14,durs,dures,12,F,S,durs,-4.38585,dures,-7.7061653,1
10466,P_NOUN_9_ADJ_b,M,P,les pots avec la pendule qui étaient là depuis hier ne sont pas très clairs <eos>,14,clairs,claires,12,F,S,clairs,-5.286854,claires,-8.069982,1
10467,P_NOUN_9_ADJ_b,M,P,les pots avec la pendule qui étaient là depuis hier ne sont pas très intéressants <eos>,14,intéressants,intéressantes,12,F,S,intéressants,-6.316199,intéressantes,-9.328575,1
10468,P_NOUN_9_ADJ_b,M,P,les pots avec la pendule qui étaient là depuis hier ne sont pas très brillants <eos>,14,brillants,brillantes,12,F,S,brillants,-6.1720905,brillantes,-10.063396,1
10469,P_NOUN_9_ADJ_b,M,P,les pots avec la pendule qui étaient là depuis hier ne sont pas très compliqués <eos>,14,compliqués,compliquées,12,F,S,compliqués,-5.439593,compliquées,-10.372395,1
10470,P_NOUN_9_ADJ_b,M,P,les pots avec la cloche qui étaient là depuis hier ne sont pas très verts <eos>,14,verts,vertes,12,F,S,verts,-8.077821,vertes,-13.405737,1
10471,P_NOUN_9_ADJ_b,M,P,les pots avec la cloche qui étaient là depuis hier ne sont pas très bleus <eos>,14,bleus,bleues,12,F,S,bleus,-10.256863,bleues,-14.983069,1
10472,P_NOUN_9_ADJ_b,M,P,les pots avec la cloche qui étaient là depuis hier ne sont pas très noirs <eos>,14,noirs,noires,12,F,S,noirs,-10.681227,noires,-13.470971,1
10473,P_NOUN_9_ADJ_b,M,P,les pots avec la cloche qui étaient là depuis hier ne sont pas très délicats <eos>,14,délicats,délicates,12,F,S,délicats,-6.53382,délicates,-10.537837,1
10474,P_NOUN_9_ADJ_b,M,P,les pots avec la cloche qui étaient là depuis hier ne sont pas très pointus <eos>,14,pointus,pointues,12,F,S,pointus,-9.629114,pointues,-12.249302,1
10475,P_NOUN_9_ADJ_b,M,P,les pots avec la cloche qui étaient là depuis hier ne sont pas très ronds <eos>,14,ronds,rondes,12,F,S,ronds,-9.857607,rondes,-13.367661,1
10476,P_NOUN_9_ADJ_b,M,P,les pots avec la cloche qui étaient là depuis hier ne sont pas très froids <eos>,14,froids,froides,12,F,S,froids,-8.292451,froides,-9.016524,1
10477,P_NOUN_9_ADJ_b,M,P,les pots avec la cloche qui étaient là depuis hier ne sont pas très chauds <eos>,14,chauds,chaudes,12,F,S,chauds,-6.327098,chaudes,-9.742295,1
10478,P_NOUN_9_ADJ_b,M,P,les pots avec la cloche qui étaient là depuis hier ne sont pas très importants <eos>,14,importants,importantes,12,F,S,importants,-5.15153,importantes,-8.396866,1
10479,P_NOUN_9_ADJ_b,M,P,les pots avec la cloche qui étaient là depuis hier ne sont pas très courts <eos>,14,courts,courtes,12,F,S,courts,-6.0730124,courtes,-10.519667,1
10480,P_NOUN_9_ADJ_b,M,P,les pots avec la cloche qui étaient là depuis hier ne sont pas très durs <eos>,14,durs,dures,12,F,S,durs,-4.9638777,dures,-7.51536,1
10481,P_NOUN_9_ADJ_b,M,P,les pots avec la cloche qui étaient là depuis hier ne sont pas très clairs <eos>,14,clairs,claires,12,F,S,clairs,-4.611851,claires,-7.9277244,1
10482,P_NOUN_9_ADJ_b,M,P,les pots avec la cloche qui étaient là depuis hier ne sont pas très intéressants <eos>,14,intéressants,intéressantes,12,F,S,intéressants,-5.6924257,intéressantes,-9.044122,1
10483,P_NOUN_9_ADJ_b,M,P,les pots avec la cloche qui étaient là depuis hier ne sont pas très brillants <eos>,14,brillants,brillantes,12,F,S,brillants,-6.3261185,brillantes,-10.378982,1
10484,P_NOUN_9_ADJ_b,M,P,les pots avec la cloche qui étaient là depuis hier ne sont pas très compliqués <eos>,14,compliqués,compliquées,12,F,S,compliqués,-5.744976,compliquées,-10.274103,1
10485,P_NOUN_9_ADJ_b,M,P,les pots avec la cerise qui étaient là depuis hier ne sont pas très verts <eos>,14,verts,vertes,12,F,S,verts,-7.9050493,vertes,-13.03307,1
10486,P_NOUN_9_ADJ_b,M,P,les pots avec la cerise qui étaient là depuis hier ne sont pas très bleus <eos>,14,bleus,bleues,12,F,S,bleus,-10.127907,bleues,-14.943636,1
10487,P_NOUN_9_ADJ_b,M,P,les pots avec la cerise qui étaient là depuis hier ne sont pas très noirs <eos>,14,noirs,noires,12,F,S,noirs,-10.338631,noires,-13.306497,1
10488,P_NOUN_9_ADJ_b,M,P,les pots avec la cerise qui étaient là depuis hier ne sont pas très délicats <eos>,14,délicats,délicates,12,F,S,délicats,-6.339773,délicates,-10.465296,1
10489,P_NOUN_9_ADJ_b,M,P,les pots avec la cerise qui étaient là depuis hier ne sont pas très pointus <eos>,14,pointus,pointues,12,F,S,pointus,-10.041959,pointues,-12.530355,1
10490,P_NOUN_9_ADJ_b,M,P,les pots avec la cerise qui étaient là depuis hier ne sont pas très ronds <eos>,14,ronds,rondes,12,F,S,ronds,-9.950489,rondes,-13.797163,1
10491,P_NOUN_9_ADJ_b,M,P,les pots avec la cerise qui étaient là depuis hier ne sont pas très froids <eos>,14,froids,froides,12,F,S,froids,-7.284685,froides,-7.970684,1
10492,P_NOUN_9_ADJ_b,M,P,les pots avec la cerise qui étaient là depuis hier ne sont pas très chauds <eos>,14,chauds,chaudes,12,F,S,chauds,-5.664188,chaudes,-8.907877,1
10493,P_NOUN_9_ADJ_b,M,P,les pots avec la cerise qui étaient là depuis hier ne sont pas très importants <eos>,14,importants,importantes,12,F,S,importants,-5.3083267,importantes,-8.340829,1
10494,P_NOUN_9_ADJ_b,M,P,les pots avec la cerise qui étaient là depuis hier ne sont pas très courts <eos>,14,courts,courtes,12,F,S,courts,-6.673991,courtes,-11.132111,1
10495,P_NOUN_9_ADJ_b,M,P,les pots avec la cerise qui étaient là depuis hier ne sont pas très durs <eos>,14,durs,dures,12,F,S,durs,-5.0452213,dures,-7.611862,1
10496,P_NOUN_9_ADJ_b,M,P,les pots avec la cerise qui étaient là depuis hier ne sont pas très clairs <eos>,14,clairs,claires,12,F,S,clairs,-4.7311673,claires,-7.510671,1
10497,P_NOUN_9_ADJ_b,M,P,les pots avec la cerise qui étaient là depuis hier ne sont pas très intéressants <eos>,14,intéressants,intéressantes,12,F,S,intéressants,-6.4044714,intéressantes,-9.143836,1
10498,P_NOUN_9_ADJ_b,M,P,les pots avec la cerise qui étaient là depuis hier ne sont pas très brillants <eos>,14,brillants,brillantes,12,F,S,brillants,-6.2970243,brillantes,-10.043039,1
10499,P_NOUN_9_ADJ_b,M,P,les pots avec la cerise qui étaient là depuis hier ne sont pas très compliqués <eos>,14,compliqués,compliquées,12,F,S,compliqués,-6.184336,compliquées,-10.726463,1
10500,P_NOUN_9_ADJ_b,M,P,les coussins avec la gemme qui étaient là depuis hier ne sont pas très verts <eos>,14,verts,vertes,12,F,S,verts,-7.5915985,vertes,-12.273861,1
10501,P_NOUN_9_ADJ_b,M,P,les coussins avec la gemme qui étaient là depuis hier ne sont pas très bleus <eos>,14,bleus,bleues,12,F,S,bleus,-8.912105,bleues,-12.913074,1
10502,P_NOUN_9_ADJ_b,M,P,les coussins avec la gemme qui étaient là depuis hier ne sont pas très noirs <eos>,14,noirs,noires,12,F,S,noirs,-9.504757,noires,-11.494058,1
10503,P_NOUN_9_ADJ_b,M,P,les coussins avec la gemme qui étaient là depuis hier ne sont pas très délicats <eos>,14,délicats,délicates,12,F,S,délicats,-7.1014557,délicates,-10.045056,1
10504,P_NOUN_9_ADJ_b,M,P,les coussins avec la gemme qui étaient là depuis hier ne sont pas très pointus <eos>,14,pointus,pointues,12,F,S,pointus,-9.2465105,pointues,-11.468923,1
10505,P_NOUN_9_ADJ_b,M,P,les coussins avec la gemme qui étaient là depuis hier ne sont pas très ronds <eos>,14,ronds,rondes,12,F,S,ronds,-9.8652725,rondes,-12.364578,1
10506,P_NOUN_9_ADJ_b,M,P,les coussins avec la gemme qui étaient là depuis hier ne sont pas très froids <eos>,14,froids,froides,12,F,S,froids,-8.025098,froides,-7.6809063,0
10507,P_NOUN_9_ADJ_b,M,P,les coussins avec la gemme qui étaient là depuis hier ne sont pas très chauds <eos>,14,chauds,chaudes,12,F,S,chauds,-6.580065,chaudes,-8.973554,1
10508,P_NOUN_9_ADJ_b,M,P,les coussins avec la gemme qui étaient là depuis hier ne sont pas très importants <eos>,14,importants,importantes,12,F,S,importants,-5.531803,importantes,-8.049121,1
10509,P_NOUN_9_ADJ_b,M,P,les coussins avec la gemme qui étaient là depuis hier ne sont pas très courts <eos>,14,courts,courtes,12,F,S,courts,-5.557625,courtes,-9.38635,1
10510,P_NOUN_9_ADJ_b,M,P,les coussins avec la gemme qui étaient là depuis hier ne sont pas très durs <eos>,14,durs,dures,12,F,S,durs,-5.158963,dures,-7.410018,1
10511,P_NOUN_9_ADJ_b,M,P,les coussins avec la gemme qui étaient là depuis hier ne sont pas très clairs <eos>,14,clairs,claires,12,F,S,clairs,-4.1692047,claires,-6.8603897,1
10512,P_NOUN_9_ADJ_b,M,P,les coussins avec la gemme qui étaient là depuis hier ne sont pas très intéressants <eos>,14,intéressants,intéressantes,12,F,S,intéressants,-6.164381,intéressantes,-9.244254,1
10513,P_NOUN_9_ADJ_b,M,P,les coussins avec la gemme qui étaient là depuis hier ne sont pas très brillants <eos>,14,brillants,brillantes,12,F,S,brillants,-6.7992115,brillantes,-9.872409,1
10514,P_NOUN_9_ADJ_b,M,P,les coussins avec la gemme qui étaient là depuis hier ne sont pas très compliqués <eos>,14,compliqués,compliquées,12,F,S,compliqués,-5.7580595,compliquées,-9.418091,1
10515,P_NOUN_9_ADJ_b,M,P,les coussins avec la chaise qui étaient là depuis hier ne sont pas très verts <eos>,14,verts,vertes,12,F,S,verts,-8.018347,vertes,-12.760337,1
10516,P_NOUN_9_ADJ_b,M,P,les coussins avec la chaise qui étaient là depuis hier ne sont pas très bleus <eos>,14,bleus,bleues,12,F,S,bleus,-9.325947,bleues,-13.220482,1
10517,P_NOUN_9_ADJ_b,M,P,les coussins avec la chaise qui étaient là depuis hier ne sont pas très noirs <eos>,14,noirs,noires,12,F,S,noirs,-9.605753,noires,-11.743917,1
10518,P_NOUN_9_ADJ_b,M,P,les coussins avec la chaise qui étaient là depuis hier ne sont pas très délicats <eos>,14,délicats,délicates,12,F,S,délicats,-7.565816,délicates,-10.371085,1
10519,P_NOUN_9_ADJ_b,M,P,les coussins avec la chaise qui étaient là depuis hier ne sont pas très pointus <eos>,14,pointus,pointues,12,F,S,pointus,-9.064157,pointues,-11.18775,1
10520,P_NOUN_9_ADJ_b,M,P,les coussins avec la chaise qui étaient là depuis hier ne sont pas très ronds <eos>,14,ronds,rondes,12,F,S,ronds,-9.396202,rondes,-11.873861,1
10521,P_NOUN_9_ADJ_b,M,P,les coussins avec la chaise qui étaient là depuis hier ne sont pas très froids <eos>,14,froids,froides,12,F,S,froids,-8.858474,froides,-8.356253,0
10522,P_NOUN_9_ADJ_b,M,P,les coussins avec la chaise qui étaient là depuis hier ne sont pas très chauds <eos>,14,chauds,chaudes,12,F,S,chauds,-7.294819,chaudes,-10.132071,1
10523,P_NOUN_9_ADJ_b,M,P,les coussins avec la chaise qui étaient là depuis hier ne sont pas très importants <eos>,14,importants,importantes,12,F,S,importants,-5.769149,importantes,-8.530382,1
10524,P_NOUN_9_ADJ_b,M,P,les coussins avec la chaise qui étaient là depuis hier ne sont pas très courts <eos>,14,courts,courtes,12,F,S,courts,-5.6529846,courtes,-9.087819,1
10525,P_NOUN_9_ADJ_b,M,P,les coussins avec la chaise qui étaient là depuis hier ne sont pas très durs <eos>,14,durs,dures,12,F,S,durs,-4.9263253,dures,-7.8718925,1
10526,P_NOUN_9_ADJ_b,M,P,les coussins avec la chaise qui étaient là depuis hier ne sont pas très clairs <eos>,14,clairs,claires,12,F,S,clairs,-4.493952,claires,-7.361371,1
10527,P_NOUN_9_ADJ_b,M,P,les coussins avec la chaise qui étaient là depuis hier ne sont pas très intéressants <eos>,14,intéressants,intéressantes,12,F,S,intéressants,-6.223592,intéressantes,-9.568581,1
10528,P_NOUN_9_ADJ_b,M,P,les coussins avec la chaise qui étaient là depuis hier ne sont pas très brillants <eos>,14,brillants,brillantes,12,F,S,brillants,-7.275522,brillantes,-10.201119,1
10529,P_NOUN_9_ADJ_b,M,P,les coussins avec la chaise qui étaient là depuis hier ne sont pas très compliqués <eos>,14,compliqués,compliquées,12,F,S,compliqués,-5.6410837,compliquées,-9.125226,1
10530,P_NOUN_9_ADJ_b,M,P,les coussins avec la poubelle qui étaient là depuis hier ne sont pas très verts <eos>,14,verts,vertes,12,F,S,verts,-7.8640947,vertes,-12.432914,1
10531,P_NOUN_9_ADJ_b,M,P,les coussins avec la poubelle qui étaient là depuis hier ne sont pas très bleus <eos>,14,bleus,bleues,12,F,S,bleus,-9.348334,bleues,-13.234317,1
10532,P_NOUN_9_ADJ_b,M,P,les coussins avec la poubelle qui étaient là depuis hier ne sont pas très noirs <eos>,14,noirs,noires,12,F,S,noirs,-9.841259,noires,-11.858262,1
10533,P_NOUN_9_ADJ_b,M,P,les coussins avec la poubelle qui étaient là depuis hier ne sont pas très délicats <eos>,14,délicats,délicates,12,F,S,délicats,-7.5366306,délicates,-10.354114,1
10534,P_NOUN_9_ADJ_b,M,P,les coussins avec la poubelle qui étaient là depuis hier ne sont pas très pointus <eos>,14,pointus,pointues,12,F,S,pointus,-9.305153,pointues,-11.4353485,1
10535,P_NOUN_9_ADJ_b,M,P,les coussins avec la poubelle qui étaient là depuis hier ne sont pas très ronds <eos>,14,ronds,rondes,12,F,S,ronds,-10.304565,rondes,-12.433177,1
10536,P_NOUN_9_ADJ_b,M,P,les coussins avec la poubelle qui étaient là depuis hier ne sont pas très froids <eos>,14,froids,froides,12,F,S,froids,-8.429447,froides,-7.7820325,0
10537,P_NOUN_9_ADJ_b,M,P,les coussins avec la poubelle qui étaient là depuis hier ne sont pas très chauds <eos>,14,chauds,chaudes,12,F,S,chauds,-6.6637955,chaudes,-9.597853,1
10538,P_NOUN_9_ADJ_b,M,P,les coussins avec la poubelle qui étaient là depuis hier ne sont pas très importants <eos>,14,importants,importantes,12,F,S,importants,-5.7707434,importantes,-8.410507,1
10539,P_NOUN_9_ADJ_b,M,P,les coussins avec la poubelle qui étaient là depuis hier ne sont pas très courts <eos>,14,courts,courtes,12,F,S,courts,-5.868473,courtes,-9.352339,1
10540,P_NOUN_9_ADJ_b,M,P,les coussins avec la poubelle qui étaient là depuis hier ne sont pas très durs <eos>,14,durs,dures,12,F,S,durs,-5.210573,dures,-8.033379,1
10541,P_NOUN_9_ADJ_b,M,P,les coussins avec la poubelle qui étaient là depuis hier ne sont pas très clairs <eos>,14,clairs,claires,12,F,S,clairs,-4.7400055,claires,-7.3672504,1
10542,P_NOUN_9_ADJ_b,M,P,les coussins avec la poubelle qui étaient là depuis hier ne sont pas très intéressants <eos>,14,intéressants,intéressantes,12,F,S,intéressants,-6.087894,intéressantes,-9.412895,1
10543,P_NOUN_9_ADJ_b,M,P,les coussins avec la poubelle qui étaient là depuis hier ne sont pas très brillants <eos>,14,brillants,brillantes,12,F,S,brillants,-7.473946,brillantes,-10.567228,1
10544,P_NOUN_9_ADJ_b,M,P,les coussins avec la poubelle qui étaient là depuis hier ne sont pas très compliqués <eos>,14,compliqués,compliquées,12,F,S,compliqués,-5.735585,compliquées,-9.50549,1
10545,P_NOUN_9_ADJ_b,M,P,les coussins avec la chemise qui étaient là depuis hier ne sont pas très verts <eos>,14,verts,vertes,12,F,S,verts,-7.7214794,vertes,-12.523129,1
10546,P_NOUN_9_ADJ_b,M,P,les coussins avec la chemise qui étaient là depuis hier ne sont pas très bleus <eos>,14,bleus,bleues,12,F,S,bleus,-8.835897,bleues,-12.932947,1
10547,P_NOUN_9_ADJ_b,M,P,les coussins avec la chemise qui étaient là depuis hier ne sont pas très noirs <eos>,14,noirs,noires,12,F,S,noirs,-9.32934,noires,-11.523517,1
10548,P_NOUN_9_ADJ_b,M,P,les coussins avec la chemise qui étaient là depuis hier ne sont pas très délicats <eos>,14,délicats,délicates,12,F,S,délicats,-7.6964874,délicates,-10.457773,1
10549,P_NOUN_9_ADJ_b,M,P,les coussins avec la chemise qui étaient là depuis hier ne sont pas très pointus <eos>,14,pointus,pointues,12,F,S,pointus,-8.929841,pointues,-11.445291,1
10550,P_NOUN_9_ADJ_b,M,P,les coussins avec la chemise qui étaient là depuis hier ne sont pas très ronds <eos>,14,ronds,rondes,12,F,S,ronds,-9.809631,rondes,-12.014702,1
10551,P_NOUN_9_ADJ_b,M,P,les coussins avec la chemise qui étaient là depuis hier ne sont pas très froids <eos>,14,froids,froides,12,F,S,froids,-8.933695,froides,-8.143505,0
10552,P_NOUN_9_ADJ_b,M,P,les coussins avec la chemise qui étaient là depuis hier ne sont pas très chauds <eos>,14,chauds,chaudes,12,F,S,chauds,-6.900256,chaudes,-10.262786,1
10553,P_NOUN_9_ADJ_b,M,P,les coussins avec la chemise qui étaient là depuis hier ne sont pas très importants <eos>,14,importants,importantes,12,F,S,importants,-5.877864,importantes,-8.532653,1
10554,P_NOUN_9_ADJ_b,M,P,les coussins avec la chemise qui étaient là depuis hier ne sont pas très courts <eos>,14,courts,courtes,12,F,S,courts,-5.5208793,courtes,-8.961716,1
10555,P_NOUN_9_ADJ_b,M,P,les coussins avec la chemise qui étaient là depuis hier ne sont pas très durs <eos>,14,durs,dures,12,F,S,durs,-5.130244,dures,-7.909,1
10556,P_NOUN_9_ADJ_b,M,P,les coussins avec la chemise qui étaient là depuis hier ne sont pas très clairs <eos>,14,clairs,claires,12,F,S,clairs,-4.270936,claires,-7.591689,1
10557,P_NOUN_9_ADJ_b,M,P,les coussins avec la chemise qui étaient là depuis hier ne sont pas très intéressants <eos>,14,intéressants,intéressantes,12,F,S,intéressants,-6.2863646,intéressantes,-9.692866,1
10558,P_NOUN_9_ADJ_b,M,P,les coussins avec la chemise qui étaient là depuis hier ne sont pas très brillants <eos>,14,brillants,brillantes,12,F,S,brillants,-7.283752,brillantes,-10.626038,1
10559,P_NOUN_9_ADJ_b,M,P,les coussins avec la chemise qui étaient là depuis hier ne sont pas très compliqués <eos>,14,compliqués,compliquées,12,F,S,compliqués,-5.9995584,compliquées,-9.502255,1
10560,P_NOUN_9_ADJ_b,M,P,les coussins avec la recette qui étaient là depuis hier ne sont pas très verts <eos>,14,verts,vertes,12,F,S,verts,-8.280321,vertes,-12.478283,1
10561,P_NOUN_9_ADJ_b,M,P,les coussins avec la recette qui étaient là depuis hier ne sont pas très bleus <eos>,14,bleus,bleues,12,F,S,bleus,-9.783466,bleues,-13.612675,1
10562,P_NOUN_9_ADJ_b,M,P,les coussins avec la recette qui étaient là depuis hier ne sont pas très noirs <eos>,14,noirs,noires,12,F,S,noirs,-10.483494,noires,-12.337702,1
10563,P_NOUN_9_ADJ_b,M,P,les coussins avec la recette qui étaient là depuis hier ne sont pas très délicats <eos>,14,délicats,délicates,12,F,S,délicats,-7.096845,délicates,-9.845057,1
10564,P_NOUN_9_ADJ_b,M,P,les coussins avec la recette qui étaient là depuis hier ne sont pas très pointus <eos>,14,pointus,pointues,12,F,S,pointus,-10.164895,pointues,-11.913389,1
10565,P_NOUN_9_ADJ_b,M,P,les coussins avec la recette qui étaient là depuis hier ne sont pas très ronds <eos>,14,ronds,rondes,12,F,S,ronds,-10.113952,rondes,-12.662504,1
10566,P_NOUN_9_ADJ_b,M,P,les coussins avec la recette qui étaient là depuis hier ne sont pas très froids <eos>,14,froids,froides,12,F,S,froids,-8.457016,froides,-7.6451097,0
10567,P_NOUN_9_ADJ_b,M,P,les coussins avec la recette qui étaient là depuis hier ne sont pas très chauds <eos>,14,chauds,chaudes,12,F,S,chauds,-6.6116114,chaudes,-8.944066,1
10568,P_NOUN_9_ADJ_b,M,P,les coussins avec la recette qui étaient là depuis hier ne sont pas très importants <eos>,14,importants,importantes,12,F,S,importants,-5.556674,importantes,-7.246455,1
10569,P_NOUN_9_ADJ_b,M,P,les coussins avec la recette qui étaient là depuis hier ne sont pas très courts <eos>,14,courts,courtes,12,F,S,courts,-6.450593,courtes,-9.262782,1
10570,P_NOUN_9_ADJ_b,M,P,les coussins avec la recette qui étaient là depuis hier ne sont pas très durs <eos>,14,durs,dures,12,F,S,durs,-5.303958,dures,-7.6599255,1
10571,P_NOUN_9_ADJ_b,M,P,les coussins avec la recette qui étaient là depuis hier ne sont pas très clairs <eos>,14,clairs,claires,12,F,S,clairs,-5.060726,claires,-6.7674437,1
10572,P_NOUN_9_ADJ_b,M,P,les coussins avec la recette qui étaient là depuis hier ne sont pas très intéressants <eos>,14,intéressants,intéressantes,12,F,S,intéressants,-6.3725133,intéressantes,-8.49938,1
10573,P_NOUN_9_ADJ_b,M,P,les coussins avec la recette qui étaient là depuis hier ne sont pas très brillants <eos>,14,brillants,brillantes,12,F,S,brillants,-7.649367,brillantes,-10.046503,1
10574,P_NOUN_9_ADJ_b,M,P,les coussins avec la recette qui étaient là depuis hier ne sont pas très compliqués <eos>,14,compliqués,compliquées,12,F,S,compliqués,-6.047594,compliquées,-9.422643,1
10575,P_NOUN_9_ADJ_b,M,P,les coussins avec la jupe qui étaient là depuis hier ne sont pas très verts <eos>,14,verts,vertes,12,F,S,verts,-7.919695,vertes,-12.290231,1
10576,P_NOUN_9_ADJ_b,M,P,les coussins avec la jupe qui étaient là depuis hier ne sont pas très bleus <eos>,14,bleus,bleues,12,F,S,bleus,-9.069889,bleues,-12.769604,1
10577,P_NOUN_9_ADJ_b,M,P,les coussins avec la jupe qui étaient là depuis hier ne sont pas très noirs <eos>,14,noirs,noires,12,F,S,noirs,-9.431139,noires,-11.351774,1
10578,P_NOUN_9_ADJ_b,M,P,les coussins avec la jupe qui étaient là depuis hier ne sont pas très délicats <eos>,14,délicats,délicates,12,F,S,délicats,-7.270683,délicates,-10.096251,1
10579,P_NOUN_9_ADJ_b,M,P,les coussins avec la jupe qui étaient là depuis hier ne sont pas très pointus <eos>,14,pointus,pointues,12,F,S,pointus,-9.052809,pointues,-11.333355,1
10580,P_NOUN_9_ADJ_b,M,P,les coussins avec la jupe qui étaient là depuis hier ne sont pas très ronds <eos>,14,ronds,rondes,12,F,S,ronds,-9.345264,rondes,-11.957926,1
10581,P_NOUN_9_ADJ_b,M,P,les coussins avec la jupe qui étaient là depuis hier ne sont pas très froids <eos>,14,froids,froides,12,F,S,froids,-8.944386,froides,-8.093619,0
10582,P_NOUN_9_ADJ_b,M,P,les coussins avec la jupe qui étaient là depuis hier ne sont pas très chauds <eos>,14,chauds,chaudes,12,F,S,chauds,-7.1071076,chaudes,-9.870451,1
10583,P_NOUN_9_ADJ_b,M,P,les coussins avec la jupe qui étaient là depuis hier ne sont pas très importants <eos>,14,importants,importantes,12,F,S,importants,-5.7792034,importantes,-8.094539,1
10584,P_NOUN_9_ADJ_b,M,P,les coussins avec la jupe qui étaient là depuis hier ne sont pas très courts <eos>,14,courts,courtes,12,F,S,courts,-5.517724,courtes,-8.760075,1
10585,P_NOUN_9_ADJ_b,M,P,les coussins avec la jupe qui étaient là depuis hier ne sont pas très durs <eos>,14,durs,dures,12,F,S,durs,-5.13225,dures,-7.8065195,1
10586,P_NOUN_9_ADJ_b,M,P,les coussins avec la jupe qui étaient là depuis hier ne sont pas très clairs <eos>,14,clairs,claires,12,F,S,clairs,-4.095438,claires,-6.980728,1
10587,P_NOUN_9_ADJ_b,M,P,les coussins avec la jupe qui étaient là depuis hier ne sont pas très intéressants <eos>,14,intéressants,intéressantes,12,F,S,intéressants,-6.381532,intéressantes,-9.338301,1
10588,P_NOUN_9_ADJ_b,M,P,les coussins avec la jupe qui étaient là depuis hier ne sont pas très brillants <eos>,14,brillants,brillantes,12,F,S,brillants,-7.303752,brillantes,-10.190953,1
10589,P_NOUN_9_ADJ_b,M,P,les coussins avec la jupe qui étaient là depuis hier ne sont pas très compliqués <eos>,14,compliqués,compliquées,12,F,S,compliqués,-5.803508,compliquées,-9.248378,1
10590,P_NOUN_9_ADJ_b,M,P,les coussins avec la colle qui étaient là depuis hier ne sont pas très verts <eos>,14,verts,vertes,12,F,S,verts,-7.8322153,vertes,-12.1030035,1
10591,P_NOUN_9_ADJ_b,M,P,les coussins avec la colle qui étaient là depuis hier ne sont pas très bleus <eos>,14,bleus,bleues,12,F,S,bleus,-9.542793,bleues,-13.318666,1
10592,P_NOUN_9_ADJ_b,M,P,les coussins avec la colle qui étaient là depuis hier ne sont pas très noirs <eos>,14,noirs,noires,12,F,S,noirs,-10.060212,noires,-11.763547,1
10593,P_NOUN_9_ADJ_b,M,P,les coussins avec la colle qui étaient là depuis hier ne sont pas très délicats <eos>,14,délicats,délicates,12,F,S,délicats,-7.229,délicates,-10.517266,1
10594,P_NOUN_9_ADJ_b,M,P,les coussins avec la colle qui étaient là depuis hier ne sont pas très pointus <eos>,14,pointus,pointues,12,F,S,pointus,-9.47457,pointues,-11.632854,1
10595,P_NOUN_9_ADJ_b,M,P,les coussins avec la colle qui étaient là depuis hier ne sont pas très ronds <eos>,14,ronds,rondes,12,F,S,ronds,-10.111763,rondes,-12.591185,1
10596,P_NOUN_9_ADJ_b,M,P,les coussins avec la colle qui étaient là depuis hier ne sont pas très froids <eos>,14,froids,froides,12,F,S,froids,-8.470172,froides,-7.577574,0
10597,P_NOUN_9_ADJ_b,M,P,les coussins avec la colle qui étaient là depuis hier ne sont pas très chauds <eos>,14,chauds,chaudes,12,F,S,chauds,-6.35582,chaudes,-8.950687,1
10598,P_NOUN_9_ADJ_b,M,P,les coussins avec la colle qui étaient là depuis hier ne sont pas très importants <eos>,14,importants,importantes,12,F,S,importants,-5.8390775,importantes,-7.9849486,1
10599,P_NOUN_9_ADJ_b,M,P,les coussins avec la colle qui étaient là depuis hier ne sont pas très courts <eos>,14,courts,courtes,12,F,S,courts,-6.0583153,courtes,-9.473814,1
10600,P_NOUN_9_ADJ_b,M,P,les coussins avec la colle qui étaient là depuis hier ne sont pas très durs <eos>,14,durs,dures,12,F,S,durs,-5.0417104,dures,-7.6047196,1
10601,P_NOUN_9_ADJ_b,M,P,les coussins avec la colle qui étaient là depuis hier ne sont pas très clairs <eos>,14,clairs,claires,12,F,S,clairs,-4.827133,claires,-6.830552,1
10602,P_NOUN_9_ADJ_b,M,P,les coussins avec la colle qui étaient là depuis hier ne sont pas très intéressants <eos>,14,intéressants,intéressantes,12,F,S,intéressants,-6.4955506,intéressantes,-9.132456,1
10603,P_NOUN_9_ADJ_b,M,P,les coussins avec la colle qui étaient là depuis hier ne sont pas très brillants <eos>,14,brillants,brillantes,12,F,S,brillants,-7.1405244,brillantes,-10.283903,1
10604,P_NOUN_9_ADJ_b,M,P,les coussins avec la colle qui étaient là depuis hier ne sont pas très compliqués <eos>,14,compliqués,compliquées,12,F,S,compliqués,-5.9589725,compliquées,-9.889923,1
10605,P_NOUN_9_ADJ_b,M,P,les coussins avec la lampe qui étaient là depuis hier ne sont pas très verts <eos>,14,verts,vertes,12,F,S,verts,-7.946874,vertes,-11.811203,1
10606,P_NOUN_9_ADJ_b,M,P,les coussins avec la lampe qui étaient là depuis hier ne sont pas très bleus <eos>,14,bleus,bleues,12,F,S,bleus,-9.61441,bleues,-12.728406,1
10607,P_NOUN_9_ADJ_b,M,P,les coussins avec la lampe qui étaient là depuis hier ne sont pas très noirs <eos>,14,noirs,noires,12,F,S,noirs,-10.162432,noires,-11.579647,1
10608,P_NOUN_9_ADJ_b,M,P,les coussins avec la lampe qui étaient là depuis hier ne sont pas très délicats <eos>,14,délicats,délicates,12,F,S,délicats,-7.296048,délicates,-10.088027,1
10609,P_NOUN_9_ADJ_b,M,P,les coussins avec la lampe qui étaient là depuis hier ne sont pas très pointus <eos>,14,pointus,pointues,12,F,S,pointus,-9.378276,pointues,-11.192036,1
10610,P_NOUN_9_ADJ_b,M,P,les coussins avec la lampe qui étaient là depuis hier ne sont pas très ronds <eos>,14,ronds,rondes,12,F,S,ronds,-10.029443,rondes,-12.489495,1
10611,P_NOUN_9_ADJ_b,M,P,les coussins avec la lampe qui étaient là depuis hier ne sont pas très froids <eos>,14,froids,froides,12,F,S,froids,-8.626858,froides,-7.587135,0
10612,P_NOUN_9_ADJ_b,M,P,les coussins avec la lampe qui étaient là depuis hier ne sont pas très chauds <eos>,14,chauds,chaudes,12,F,S,chauds,-6.4232287,chaudes,-8.995642,1
10613,P_NOUN_9_ADJ_b,M,P,les coussins avec la lampe qui étaient là depuis hier ne sont pas très importants <eos>,14,importants,importantes,12,F,S,importants,-5.7792954,importantes,-7.6992774,1
10614,P_NOUN_9_ADJ_b,M,P,les coussins avec la lampe qui étaient là depuis hier ne sont pas très courts <eos>,14,courts,courtes,12,F,S,courts,-6.079153,courtes,-8.788184,1
10615,P_NOUN_9_ADJ_b,M,P,les coussins avec la lampe qui étaient là depuis hier ne sont pas très durs <eos>,14,durs,dures,12,F,S,durs,-4.8663163,dures,-7.8638597,1
10616,P_NOUN_9_ADJ_b,M,P,les coussins avec la lampe qui étaient là depuis hier ne sont pas très clairs <eos>,14,clairs,claires,12,F,S,clairs,-4.6430764,claires,-6.8035293,1
10617,P_NOUN_9_ADJ_b,M,P,les coussins avec la lampe qui étaient là depuis hier ne sont pas très intéressants <eos>,14,intéressants,intéressantes,12,F,S,intéressants,-6.2716093,intéressantes,-8.858175,1
10618,P_NOUN_9_ADJ_b,M,P,les coussins avec la lampe qui étaient là depuis hier ne sont pas très brillants <eos>,14,brillants,brillantes,12,F,S,brillants,-6.875563,brillantes,-9.465593,1
10619,P_NOUN_9_ADJ_b,M,P,les coussins avec la lampe qui étaient là depuis hier ne sont pas très compliqués <eos>,14,compliqués,compliquées,12,F,S,compliqués,-5.550847,compliquées,-9.335929,1
10620,P_NOUN_9_ADJ_b,M,P,les coussins avec la bouteille qui étaient là depuis hier ne sont pas très verts <eos>,14,verts,vertes,12,F,S,verts,-7.843821,vertes,-12.390776,1
10621,P_NOUN_9_ADJ_b,M,P,les coussins avec la bouteille qui étaient là depuis hier ne sont pas très bleus <eos>,14,bleus,bleues,12,F,S,bleus,-9.382287,bleues,-13.343368,1
10622,P_NOUN_9_ADJ_b,M,P,les coussins avec la bouteille qui étaient là depuis hier ne sont pas très noirs <eos>,14,noirs,noires,12,F,S,noirs,-9.790914,noires,-11.835513,1
10623,P_NOUN_9_ADJ_b,M,P,les coussins avec la bouteille qui étaient là depuis hier ne sont pas très délicats <eos>,14,délicats,délicates,12,F,S,délicats,-6.8188963,délicates,-9.935848,1
10624,P_NOUN_9_ADJ_b,M,P,les coussins avec la bouteille qui étaient là depuis hier ne sont pas très pointus <eos>,14,pointus,pointues,12,F,S,pointus,-9.782749,pointues,-11.772154,1
10625,P_NOUN_9_ADJ_b,M,P,les coussins avec la bouteille qui étaient là depuis hier ne sont pas très ronds <eos>,14,ronds,rondes,12,F,S,ronds,-9.951149,rondes,-12.727751,1
10626,P_NOUN_9_ADJ_b,M,P,les coussins avec la bouteille qui étaient là depuis hier ne sont pas très froids <eos>,14,froids,froides,12,F,S,froids,-8.199406,froides,-7.02612,0
10627,P_NOUN_9_ADJ_b,M,P,les coussins avec la bouteille qui étaient là depuis hier ne sont pas très chauds <eos>,14,chauds,chaudes,12,F,S,chauds,-6.4499884,chaudes,-8.587628,1
10628,P_NOUN_9_ADJ_b,M,P,les coussins avec la bouteille qui étaient là depuis hier ne sont pas très importants <eos>,14,importants,importantes,12,F,S,importants,-5.381444,importantes,-7.4923935,1
10629,P_NOUN_9_ADJ_b,M,P,les coussins avec la bouteille qui étaient là depuis hier ne sont pas très courts <eos>,14,courts,courtes,12,F,S,courts,-5.924885,courtes,-9.56733,1
10630,P_NOUN_9_ADJ_b,M,P,les coussins avec la bouteille qui étaient là depuis hier ne sont pas très durs <eos>,14,durs,dures,12,F,S,durs,-5.3037486,dures,-7.8223844,1
10631,P_NOUN_9_ADJ_b,M,P,les coussins avec la bouteille qui étaient là depuis hier ne sont pas très clairs <eos>,14,clairs,claires,12,F,S,clairs,-5.2692533,claires,-6.8712707,1
10632,P_NOUN_9_ADJ_b,M,P,les coussins avec la bouteille qui étaient là depuis hier ne sont pas très intéressants <eos>,14,intéressants,intéressantes,12,F,S,intéressants,-6.295561,intéressantes,-8.976349,1
10633,P_NOUN_9_ADJ_b,M,P,les coussins avec la bouteille qui étaient là depuis hier ne sont pas très brillants <eos>,14,brillants,brillantes,12,F,S,brillants,-7.387472,brillantes,-10.281146,1
10634,P_NOUN_9_ADJ_b,M,P,les coussins avec la bouteille qui étaient là depuis hier ne sont pas très compliqués <eos>,14,compliqués,compliquées,12,F,S,compliqués,-6.082876,compliquées,-9.85522,1
10635,P_NOUN_9_ADJ_b,M,P,les coussins avec la boisson qui étaient là depuis hier ne sont pas très verts <eos>,14,verts,vertes,12,F,S,verts,-7.5727234,vertes,-12.389317,1
10636,P_NOUN_9_ADJ_b,M,P,les coussins avec la boisson qui étaient là depuis hier ne sont pas très bleus <eos>,14,bleus,bleues,12,F,S,bleus,-9.459529,bleues,-13.413201,1
10637,P_NOUN_9_ADJ_b,M,P,les coussins avec la boisson qui étaient là depuis hier ne sont pas très noirs <eos>,14,noirs,noires,12,F,S,noirs,-9.854248,noires,-12.03018,1
10638,P_NOUN_9_ADJ_b,M,P,les coussins avec la boisson qui étaient là depuis hier ne sont pas très délicats <eos>,14,délicats,délicates,12,F,S,délicats,-6.88853,délicates,-10.159484,1
10639,P_NOUN_9_ADJ_b,M,P,les coussins avec la boisson qui étaient là depuis hier ne sont pas très pointus <eos>,14,pointus,pointues,12,F,S,pointus,-10.214629,pointues,-12.227768,1
10640,P_NOUN_9_ADJ_b,M,P,les coussins avec la boisson qui étaient là depuis hier ne sont pas très ronds <eos>,14,ronds,rondes,12,F,S,ronds,-10.139549,rondes,-12.68523,1
10641,P_NOUN_9_ADJ_b,M,P,les coussins avec la boisson qui étaient là depuis hier ne sont pas très froids <eos>,14,froids,froides,12,F,S,froids,-7.861299,froides,-7.4241424,0
10642,P_NOUN_9_ADJ_b,M,P,les coussins avec la boisson qui étaient là depuis hier ne sont pas très chauds <eos>,14,chauds,chaudes,12,F,S,chauds,-6.4059124,chaudes,-8.741356,1
10643,P_NOUN_9_ADJ_b,M,P,les coussins avec la boisson qui étaient là depuis hier ne sont pas très importants <eos>,14,importants,importantes,12,F,S,importants,-5.3884096,importantes,-7.54033,1
10644,P_NOUN_9_ADJ_b,M,P,les coussins avec la boisson qui étaient là depuis hier ne sont pas très courts <eos>,14,courts,courtes,12,F,S,courts,-6.3747993,courtes,-10.018286,1
10645,P_NOUN_9_ADJ_b,M,P,les coussins avec la boisson qui étaient là depuis hier ne sont pas très durs <eos>,14,durs,dures,12,F,S,durs,-5.4515333,dures,-7.297714,1
10646,P_NOUN_9_ADJ_b,M,P,les coussins avec la boisson qui étaient là depuis hier ne sont pas très clairs <eos>,14,clairs,claires,12,F,S,clairs,-5.047247,claires,-6.8803234,1
10647,P_NOUN_9_ADJ_b,M,P,les coussins avec la boisson qui étaient là depuis hier ne sont pas très intéressants <eos>,14,intéressants,intéressantes,12,F,S,intéressants,-6.312893,intéressantes,-8.969369,1
10648,P_NOUN_9_ADJ_b,M,P,les coussins avec la boisson qui étaient là depuis hier ne sont pas très brillants <eos>,14,brillants,brillantes,12,F,S,brillants,-7.3517003,brillantes,-10.341629,1
10649,P_NOUN_9_ADJ_b,M,P,les coussins avec la boisson qui étaient là depuis hier ne sont pas très compliqués <eos>,14,compliqués,compliquées,12,F,S,compliqués,-6.4404564,compliquées,-10.305532,1
10650,P_NOUN_9_ADJ_b,M,P,les coussins avec la pomme qui étaient là depuis hier ne sont pas très verts <eos>,14,verts,vertes,12,F,S,verts,-8.078942,vertes,-12.747314,1
10651,P_NOUN_9_ADJ_b,M,P,les coussins avec la pomme qui étaient là depuis hier ne sont pas très bleus <eos>,14,bleus,bleues,12,F,S,bleus,-9.535331,bleues,-13.735454,1
10652,P_NOUN_9_ADJ_b,M,P,les coussins avec la pomme qui étaient là depuis hier ne sont pas très noirs <eos>,14,noirs,noires,12,F,S,noirs,-9.530979,noires,-12.0551815,1
10653,P_NOUN_9_ADJ_b,M,P,les coussins avec la pomme qui étaient là depuis hier ne sont pas très délicats <eos>,14,délicats,délicates,12,F,S,délicats,-6.955204,délicates,-10.315524,1
10654,P_NOUN_9_ADJ_b,M,P,les coussins avec la pomme qui étaient là depuis hier ne sont pas très pointus <eos>,14,pointus,pointues,12,F,S,pointus,-9.59659,pointues,-11.801513,1
10655,P_NOUN_9_ADJ_b,M,P,les coussins avec la pomme qui étaient là depuis hier ne sont pas très ronds <eos>,14,ronds,rondes,12,F,S,ronds,-9.71642,rondes,-12.662317,1
10656,P_NOUN_9_ADJ_b,M,P,les coussins avec la pomme qui étaient là depuis hier ne sont pas très froids <eos>,14,froids,froides,12,F,S,froids,-8.412945,froides,-7.7804103,0
10657,P_NOUN_9_ADJ_b,M,P,les coussins avec la pomme qui étaient là depuis hier ne sont pas très chauds <eos>,14,chauds,chaudes,12,F,S,chauds,-6.6558914,chaudes,-9.372052,1
10658,P_NOUN_9_ADJ_b,M,P,les coussins avec la pomme qui étaient là depuis hier ne sont pas très importants <eos>,14,importants,importantes,12,F,S,importants,-5.245369,importantes,-7.80276,1
10659,P_NOUN_9_ADJ_b,M,P,les coussins avec la pomme qui étaient là depuis hier ne sont pas très courts <eos>,14,courts,courtes,12,F,S,courts,-6.112248,courtes,-9.806709,1
10660,P_NOUN_9_ADJ_b,M,P,les coussins avec la pomme qui étaient là depuis hier ne sont pas très durs <eos>,14,durs,dures,12,F,S,durs,-4.994974,dures,-7.578743,1
10661,P_NOUN_9_ADJ_b,M,P,les coussins avec la pomme qui étaient là depuis hier ne sont pas très clairs <eos>,14,clairs,claires,12,F,S,clairs,-4.8575487,claires,-7.305969,1
10662,P_NOUN_9_ADJ_b,M,P,les coussins avec la pomme qui étaient là depuis hier ne sont pas très intéressants <eos>,14,intéressants,intéressantes,12,F,S,intéressants,-5.992726,intéressantes,-8.800625,1
10663,P_NOUN_9_ADJ_b,M,P,les coussins avec la pomme qui étaient là depuis hier ne sont pas très brillants <eos>,14,brillants,brillantes,12,F,S,brillants,-7.3095226,brillantes,-10.302354,1
10664,P_NOUN_9_ADJ_b,M,P,les coussins avec la pomme qui étaient là depuis hier ne sont pas très compliqués <eos>,14,compliqués,compliquées,12,F,S,compliqués,-6.0788302,compliquées,-9.767157,1
10665,P_NOUN_9_ADJ_b,M,P,les coussins avec la tasse qui étaient là depuis hier ne sont pas très verts <eos>,14,verts,vertes,12,F,S,verts,-7.4900913,vertes,-12.121191,1
10666,P_NOUN_9_ADJ_b,M,P,les coussins avec la tasse qui étaient là depuis hier ne sont pas très bleus <eos>,14,bleus,bleues,12,F,S,bleus,-8.971531,bleues,-12.957541,1
10667,P_NOUN_9_ADJ_b,M,P,les coussins avec la tasse qui étaient là depuis hier ne sont pas très noirs <eos>,14,noirs,noires,12,F,S,noirs,-9.264442,noires,-11.472677,1
10668,P_NOUN_9_ADJ_b,M,P,les coussins avec la tasse qui étaient là depuis hier ne sont pas très délicats <eos>,14,délicats,délicates,12,F,S,délicats,-7.0473633,délicates,-9.29318,1
10669,P_NOUN_9_ADJ_b,M,P,les coussins avec la tasse qui étaient là depuis hier ne sont pas très pointus <eos>,14,pointus,pointues,12,F,S,pointus,-9.851279,pointues,-11.9450865,1
10670,P_NOUN_9_ADJ_b,M,P,les coussins avec la tasse qui étaient là depuis hier ne sont pas très ronds <eos>,14,ronds,rondes,12,F,S,ronds,-9.669073,rondes,-12.329667,1
10671,P_NOUN_9_ADJ_b,M,P,les coussins avec la tasse qui étaient là depuis hier ne sont pas très froids <eos>,14,froids,froides,12,F,S,froids,-7.890938,froides,-7.076277,0
10672,P_NOUN_9_ADJ_b,M,P,les coussins avec la tasse qui étaient là depuis hier ne sont pas très chauds <eos>,14,chauds,chaudes,12,F,S,chauds,-6.355237,chaudes,-8.34771,1
10673,P_NOUN_9_ADJ_b,M,P,les coussins avec la tasse qui étaient là depuis hier ne sont pas très importants <eos>,14,importants,importantes,12,F,S,importants,-5.3850203,importantes,-7.4975348,1
10674,P_NOUN_9_ADJ_b,M,P,les coussins avec la tasse qui étaient là depuis hier ne sont pas très courts <eos>,14,courts,courtes,12,F,S,courts,-6.1644106,courtes,-9.924718,1
10675,P_NOUN_9_ADJ_b,M,P,les coussins avec la tasse qui étaient là depuis hier ne sont pas très durs <eos>,14,durs,dures,12,F,S,durs,-5.621855,dures,-8.053019,1
10676,P_NOUN_9_ADJ_b,M,P,les coussins avec la tasse qui étaient là depuis hier ne sont pas très clairs <eos>,14,clairs,claires,12,F,S,clairs,-4.679989,claires,-6.6694117,1
10677,P_NOUN_9_ADJ_b,M,P,les coussins avec la tasse qui étaient là depuis hier ne sont pas très intéressants <eos>,14,intéressants,intéressantes,12,F,S,intéressants,-6.3208513,intéressantes,-9.316731,1
10678,P_NOUN_9_ADJ_b,M,P,les coussins avec la tasse qui étaient là depuis hier ne sont pas très brillants <eos>,14,brillants,brillantes,12,F,S,brillants,-7.61769,brillantes,-10.49532,1
10679,P_NOUN_9_ADJ_b,M,P,les coussins avec la tasse qui étaient là depuis hier ne sont pas très compliqués <eos>,14,compliqués,compliquées,12,F,S,compliqués,-6.292657,compliquées,-10.182715,1
10680,P_NOUN_9_ADJ_b,M,P,les coussins avec la bougie qui étaient là depuis hier ne sont pas très verts <eos>,14,verts,vertes,12,F,S,verts,-8.112692,vertes,-12.66762,1
10681,P_NOUN_9_ADJ_b,M,P,les coussins avec la bougie qui étaient là depuis hier ne sont pas très bleus <eos>,14,bleus,bleues,12,F,S,bleus,-9.511317,bleues,-13.318385,1
10682,P_NOUN_9_ADJ_b,M,P,les coussins avec la bougie qui étaient là depuis hier ne sont pas très noirs <eos>,14,noirs,noires,12,F,S,noirs,-9.88661,noires,-12.067635,1
10683,P_NOUN_9_ADJ_b,M,P,les coussins avec la bougie qui étaient là depuis hier ne sont pas très délicats <eos>,14,délicats,délicates,12,F,S,délicats,-7.0497155,délicates,-10.066439,1
10684,P_NOUN_9_ADJ_b,M,P,les coussins avec la bougie qui étaient là depuis hier ne sont pas très pointus <eos>,14,pointus,pointues,12,F,S,pointus,-9.662231,pointues,-11.495274,1
10685,P_NOUN_9_ADJ_b,M,P,les coussins avec la bougie qui étaient là depuis hier ne sont pas très ronds <eos>,14,ronds,rondes,12,F,S,ronds,-10.075586,rondes,-12.762507,1
10686,P_NOUN_9_ADJ_b,M,P,les coussins avec la bougie qui étaient là depuis hier ne sont pas très froids <eos>,14,froids,froides,12,F,S,froids,-8.289181,froides,-7.395491,0
10687,P_NOUN_9_ADJ_b,M,P,les coussins avec la bougie qui étaient là depuis hier ne sont pas très chauds <eos>,14,chauds,chaudes,12,F,S,chauds,-6.5662184,chaudes,-9.159739,1
10688,P_NOUN_9_ADJ_b,M,P,les coussins avec la bougie qui étaient là depuis hier ne sont pas très importants <eos>,14,importants,importantes,12,F,S,importants,-5.518071,importantes,-7.9779844,1
10689,P_NOUN_9_ADJ_b,M,P,les coussins avec la bougie qui étaient là depuis hier ne sont pas très courts <eos>,14,courts,courtes,12,F,S,courts,-5.9698305,courtes,-9.409991,1
10690,P_NOUN_9_ADJ_b,M,P,les coussins avec la bougie qui étaient là depuis hier ne sont pas très durs <eos>,14,durs,dures,12,F,S,durs,-4.7450895,dures,-7.5693884,1
10691,P_NOUN_9_ADJ_b,M,P,les coussins avec la bougie qui étaient là depuis hier ne sont pas très clairs <eos>,14,clairs,claires,12,F,S,clairs,-4.685482,claires,-7.0324306,1
10692,P_NOUN_9_ADJ_b,M,P,les coussins avec la bougie qui étaient là depuis hier ne sont pas très intéressants <eos>,14,intéressants,intéressantes,12,F,S,intéressants,-6.1670556,intéressantes,-9.011969,1
10693,P_NOUN_9_ADJ_b,M,P,les coussins avec la bougie qui étaient là depuis hier ne sont pas très brillants <eos>,14,brillants,brillantes,12,F,S,brillants,-6.981488,brillantes,-10.096264,1
10694,P_NOUN_9_ADJ_b,M,P,les coussins avec la bougie qui étaient là depuis hier ne sont pas très compliqués <eos>,14,compliqués,compliquées,12,F,S,compliqués,-5.6760798,compliquées,-9.210169,1
10695,P_NOUN_9_ADJ_b,M,P,les coussins avec la pochette qui étaient là depuis hier ne sont pas très verts <eos>,14,verts,vertes,12,F,S,verts,-7.9710574,vertes,-12.178614,1
10696,P_NOUN_9_ADJ_b,M,P,les coussins avec la pochette qui étaient là depuis hier ne sont pas très bleus <eos>,14,bleus,bleues,12,F,S,bleus,-9.357365,bleues,-12.432222,1
10697,P_NOUN_9_ADJ_b,M,P,les coussins avec la pochette qui étaient là depuis hier ne sont pas très noirs <eos>,14,noirs,noires,12,F,S,noirs,-9.614749,noires,-11.558352,1
10698,P_NOUN_9_ADJ_b,M,P,les coussins avec la pochette qui étaient là depuis hier ne sont pas très délicats <eos>,14,délicats,délicates,12,F,S,délicats,-7.5415325,délicates,-9.794519,1
10699,P_NOUN_9_ADJ_b,M,P,les coussins avec la pochette qui étaient là depuis hier ne sont pas très pointus <eos>,14,pointus,pointues,12,F,S,pointus,-9.675649,pointues,-11.522615,1
10700,P_NOUN_9_ADJ_b,M,P,les coussins avec la pochette qui étaient là depuis hier ne sont pas très ronds <eos>,14,ronds,rondes,12,F,S,ronds,-9.473833,rondes,-12.291298,1
10701,P_NOUN_9_ADJ_b,M,P,les coussins avec la pochette qui étaient là depuis hier ne sont pas très froids <eos>,14,froids,froides,12,F,S,froids,-9.706218,froides,-8.329045,0
10702,P_NOUN_9_ADJ_b,M,P,les coussins avec la pochette qui étaient là depuis hier ne sont pas très chauds <eos>,14,chauds,chaudes,12,F,S,chauds,-8.226402,chaudes,-10.405481,1
10703,P_NOUN_9_ADJ_b,M,P,les coussins avec la pochette qui étaient là depuis hier ne sont pas très importants <eos>,14,importants,importantes,12,F,S,importants,-5.961417,importantes,-8.547571,1
10704,P_NOUN_9_ADJ_b,M,P,les coussins avec la pochette qui étaient là depuis hier ne sont pas très courts <eos>,14,courts,courtes,12,F,S,courts,-5.6307316,courtes,-8.896795,1
10705,P_NOUN_9_ADJ_b,M,P,les coussins avec la pochette qui étaient là depuis hier ne sont pas très durs <eos>,14,durs,dures,12,F,S,durs,-5.745632,dures,-8.409866,1
10706,P_NOUN_9_ADJ_b,M,P,les coussins avec la pochette qui étaient là depuis hier ne sont pas très clairs <eos>,14,clairs,claires,12,F,S,clairs,-4.432887,claires,-6.507285,1
10707,P_NOUN_9_ADJ_b,M,P,les coussins avec la pochette qui étaient là depuis hier ne sont pas très intéressants <eos>,14,intéressants,intéressantes,12,F,S,intéressants,-5.6551924,intéressantes,-9.058854,1
10708,P_NOUN_9_ADJ_b,M,P,les coussins avec la pochette qui étaient là depuis hier ne sont pas très brillants <eos>,14,brillants,brillantes,12,F,S,brillants,-7.673353,brillantes,-10.018738,1
10709,P_NOUN_9_ADJ_b,M,P,les coussins avec la pochette qui étaient là depuis hier ne sont pas très compliqués <eos>,14,compliqués,compliquées,12,F,S,compliqués,-5.711876,compliquées,-8.829147,1
10710,P_NOUN_9_ADJ_b,M,P,les coussins avec la banane qui étaient là depuis hier ne sont pas très verts <eos>,14,verts,vertes,12,F,S,verts,-7.9599333,vertes,-12.40696,1
10711,P_NOUN_9_ADJ_b,M,P,les coussins avec la banane qui étaient là depuis hier ne sont pas très bleus <eos>,14,bleus,bleues,12,F,S,bleus,-9.355905,bleues,-13.114714,1
10712,P_NOUN_9_ADJ_b,M,P,les coussins avec la banane qui étaient là depuis hier ne sont pas très noirs <eos>,14,noirs,noires,12,F,S,noirs,-9.455797,noires,-11.933626,1
10713,P_NOUN_9_ADJ_b,M,P,les coussins avec la banane qui étaient là depuis hier ne sont pas très délicats <eos>,14,délicats,délicates,12,F,S,délicats,-6.9610367,délicates,-10.000717,1
10714,P_NOUN_9_ADJ_b,M,P,les coussins avec la banane qui étaient là depuis hier ne sont pas très pointus <eos>,14,pointus,pointues,12,F,S,pointus,-9.713152,pointues,-12.1072445,1
10715,P_NOUN_9_ADJ_b,M,P,les coussins avec la banane qui étaient là depuis hier ne sont pas très ronds <eos>,14,ronds,rondes,12,F,S,ronds,-9.689203,rondes,-12.890955,1
10716,P_NOUN_9_ADJ_b,M,P,les coussins avec la banane qui étaient là depuis hier ne sont pas très froids <eos>,14,froids,froides,12,F,S,froids,-7.608026,froides,-7.9579005,1
10717,P_NOUN_9_ADJ_b,M,P,les coussins avec la banane qui étaient là depuis hier ne sont pas très chauds <eos>,14,chauds,chaudes,12,F,S,chauds,-6.754992,chaudes,-8.908142,1
10718,P_NOUN_9_ADJ_b,M,P,les coussins avec la banane qui étaient là depuis hier ne sont pas très importants <eos>,14,importants,importantes,12,F,S,importants,-5.306076,importantes,-7.87401,1
10719,P_NOUN_9_ADJ_b,M,P,les coussins avec la banane qui étaient là depuis hier ne sont pas très courts <eos>,14,courts,courtes,12,F,S,courts,-5.675089,courtes,-9.683726,1
10720,P_NOUN_9_ADJ_b,M,P,les coussins avec la banane qui étaient là depuis hier ne sont pas très durs <eos>,14,durs,dures,12,F,S,durs,-4.905098,dures,-7.0400534,1
10721,P_NOUN_9_ADJ_b,M,P,les coussins avec la banane qui étaient là depuis hier ne sont pas très clairs <eos>,14,clairs,claires,12,F,S,clairs,-4.2028236,claires,-6.952009,1
10722,P_NOUN_9_ADJ_b,M,P,les coussins avec la banane qui étaient là depuis hier ne sont pas très intéressants <eos>,14,intéressants,intéressantes,12,F,S,intéressants,-6.216486,intéressantes,-9.103667,1
10723,P_NOUN_9_ADJ_b,M,P,les coussins avec la banane qui étaient là depuis hier ne sont pas très brillants <eos>,14,brillants,brillantes,12,F,S,brillants,-6.884516,brillantes,-9.68284,1
10724,P_NOUN_9_ADJ_b,M,P,les coussins avec la banane qui étaient là depuis hier ne sont pas très compliqués <eos>,14,compliqués,compliquées,12,F,S,compliqués,-6.129669,compliquées,-9.852105,1
10725,P_NOUN_9_ADJ_b,M,P,les coussins avec la robe qui étaient là depuis hier ne sont pas très verts <eos>,14,verts,vertes,12,F,S,verts,-7.7260876,vertes,-12.164108,1
10726,P_NOUN_9_ADJ_b,M,P,les coussins avec la robe qui étaient là depuis hier ne sont pas très bleus <eos>,14,bleus,bleues,12,F,S,bleus,-8.130098,bleues,-12.166876,1
10727,P_NOUN_9_ADJ_b,M,P,les coussins avec la robe qui étaient là depuis hier ne sont pas très noirs <eos>,14,noirs,noires,12,F,S,noirs,-8.767402,noires,-11.083233,1
10728,P_NOUN_9_ADJ_b,M,P,les coussins avec la robe qui étaient là depuis hier ne sont pas très délicats <eos>,14,délicats,délicates,12,F,S,délicats,-7.664734,délicates,-10.415213,1
10729,P_NOUN_9_ADJ_b,M,P,les coussins avec la robe qui étaient là depuis hier ne sont pas très pointus <eos>,14,pointus,pointues,12,F,S,pointus,-9.6739435,pointues,-11.663389,1
10730,P_NOUN_9_ADJ_b,M,P,les coussins avec la robe qui étaient là depuis hier ne sont pas très ronds <eos>,14,ronds,rondes,12,F,S,ronds,-9.963083,rondes,-12.472525,1
10731,P_NOUN_9_ADJ_b,M,P,les coussins avec la robe qui étaient là depuis hier ne sont pas très froids <eos>,14,froids,froides,12,F,S,froids,-8.310421,froides,-7.717677,0
10732,P_NOUN_9_ADJ_b,M,P,les coussins avec la robe qui étaient là depuis hier ne sont pas très chauds <eos>,14,chauds,chaudes,12,F,S,chauds,-6.4001412,chaudes,-9.450882,1
10733,P_NOUN_9_ADJ_b,M,P,les coussins avec la robe qui étaient là depuis hier ne sont pas très importants <eos>,14,importants,importantes,12,F,S,importants,-5.6821184,importantes,-7.9697914,1
10734,P_NOUN_9_ADJ_b,M,P,les coussins avec la robe qui étaient là depuis hier ne sont pas très courts <eos>,14,courts,courtes,12,F,S,courts,-5.8254356,courtes,-8.899163,1
10735,P_NOUN_9_ADJ_b,M,P,les coussins avec la robe qui étaient là depuis hier ne sont pas très durs <eos>,14,durs,dures,12,F,S,durs,-5.209812,dures,-7.514866,1
10736,P_NOUN_9_ADJ_b,M,P,les coussins avec la robe qui étaient là depuis hier ne sont pas très clairs <eos>,14,clairs,claires,12,F,S,clairs,-3.057474,claires,-6.5455217,1
10737,P_NOUN_9_ADJ_b,M,P,les coussins avec la robe qui étaient là depuis hier ne sont pas très intéressants <eos>,14,intéressants,intéressantes,12,F,S,intéressants,-6.5889,intéressantes,-9.392796,1
10738,P_NOUN_9_ADJ_b,M,P,les coussins avec la robe qui étaient là depuis hier ne sont pas très brillants <eos>,14,brillants,brillantes,12,F,S,brillants,-6.9191766,brillantes,-9.248959,1
10739,P_NOUN_9_ADJ_b,M,P,les coussins avec la robe qui étaient là depuis hier ne sont pas très compliqués <eos>,14,compliqués,compliquées,12,F,S,compliqués,-6.1528645,compliquées,-9.820031,1
10740,P_NOUN_9_ADJ_b,M,P,les coussins avec la valise qui étaient là depuis hier ne sont pas très verts <eos>,14,verts,vertes,12,F,S,verts,-8.159754,vertes,-11.975326,1
10741,P_NOUN_9_ADJ_b,M,P,les coussins avec la valise qui étaient là depuis hier ne sont pas très bleus <eos>,14,bleus,bleues,12,F,S,bleus,-8.9909,bleues,-12.815342,1
10742,P_NOUN_9_ADJ_b,M,P,les coussins avec la valise qui étaient là depuis hier ne sont pas très noirs <eos>,14,noirs,noires,12,F,S,noirs,-9.682847,noires,-11.65155,1
10743,P_NOUN_9_ADJ_b,M,P,les coussins avec la valise qui étaient là depuis hier ne sont pas très délicats <eos>,14,délicats,délicates,12,F,S,délicats,-7.8055706,délicates,-9.894612,1
10744,P_NOUN_9_ADJ_b,M,P,les coussins avec la valise qui étaient là depuis hier ne sont pas très pointus <eos>,14,pointus,pointues,12,F,S,pointus,-9.12974,pointues,-11.653454,1
10745,P_NOUN_9_ADJ_b,M,P,les coussins avec la valise qui étaient là depuis hier ne sont pas très ronds <eos>,14,ronds,rondes,12,F,S,ronds,-10.4956,rondes,-12.967041,1
10746,P_NOUN_9_ADJ_b,M,P,les coussins avec la valise qui étaient là depuis hier ne sont pas très froids <eos>,14,froids,froides,12,F,S,froids,-9.311596,froides,-7.655491,0
10747,P_NOUN_9_ADJ_b,M,P,les coussins avec la valise qui étaient là depuis hier ne sont pas très chauds <eos>,14,chauds,chaudes,12,F,S,chauds,-6.9182067,chaudes,-9.745247,1
10748,P_NOUN_9_ADJ_b,M,P,les coussins avec la valise qui étaient là depuis hier ne sont pas très importants <eos>,14,importants,importantes,12,F,S,importants,-5.857903,importantes,-8.217415,1
10749,P_NOUN_9_ADJ_b,M,P,les coussins avec la valise qui étaient là depuis hier ne sont pas très courts <eos>,14,courts,courtes,12,F,S,courts,-6.0936007,courtes,-9.101526,1
10750,P_NOUN_9_ADJ_b,M,P,les coussins avec la valise qui étaient là depuis hier ne sont pas très durs <eos>,14,durs,dures,12,F,S,durs,-5.5011673,dures,-8.446935,1
10751,P_NOUN_9_ADJ_b,M,P,les coussins avec la valise qui étaient là depuis hier ne sont pas très clairs <eos>,14,clairs,claires,12,F,S,clairs,-4.859188,claires,-7.4376326,1
10752,P_NOUN_9_ADJ_b,M,P,les coussins avec la valise qui étaient là depuis hier ne sont pas très intéressants <eos>,14,intéressants,intéressantes,12,F,S,intéressants,-5.589183,intéressantes,-9.258424,1
10753,P_NOUN_9_ADJ_b,M,P,les coussins avec la valise qui étaient là depuis hier ne sont pas très brillants <eos>,14,brillants,brillantes,12,F,S,brillants,-7.475217,brillantes,-10.668334,1
10754,P_NOUN_9_ADJ_b,M,P,les coussins avec la valise qui étaient là depuis hier ne sont pas très compliqués <eos>,14,compliqués,compliquées,12,F,S,compliqués,-5.6515937,compliquées,-9.177666,1
10755,P_NOUN_9_ADJ_b,M,P,les coussins avec la pendule qui étaient là depuis hier ne sont pas très verts <eos>,14,verts,vertes,12,F,S,verts,-7.7833967,vertes,-12.340044,1
10756,P_NOUN_9_ADJ_b,M,P,les coussins avec la pendule qui étaient là depuis hier ne sont pas très bleus <eos>,14,bleus,bleues,12,F,S,bleus,-9.7914715,bleues,-13.364155,1
10757,P_NOUN_9_ADJ_b,M,P,les coussins avec la pendule qui étaient là depuis hier ne sont pas très noirs <eos>,14,noirs,noires,12,F,S,noirs,-10.321824,noires,-12.141303,1
10758,P_NOUN_9_ADJ_b,M,P,les coussins avec la pendule qui étaient là depuis hier ne sont pas très délicats <eos>,14,délicats,délicates,12,F,S,délicats,-7.5861406,délicates,-10.5984335,1
10759,P_NOUN_9_ADJ_b,M,P,les coussins avec la pendule qui étaient là depuis hier ne sont pas très pointus <eos>,14,pointus,pointues,12,F,S,pointus,-9.054341,pointues,-11.319028,1
10760,P_NOUN_9_ADJ_b,M,P,les coussins avec la pendule qui étaient là depuis hier ne sont pas très ronds <eos>,14,ronds,rondes,12,F,S,ronds,-10.365647,rondes,-12.8763,1
10761,P_NOUN_9_ADJ_b,M,P,les coussins avec la pendule qui étaient là depuis hier ne sont pas très froids <eos>,14,froids,froides,12,F,S,froids,-8.515315,froides,-7.628564,0
10762,P_NOUN_9_ADJ_b,M,P,les coussins avec la pendule qui étaient là depuis hier ne sont pas très chauds <eos>,14,chauds,chaudes,12,F,S,chauds,-6.241396,chaudes,-9.466589,1
10763,P_NOUN_9_ADJ_b,M,P,les coussins avec la pendule qui étaient là depuis hier ne sont pas très importants <eos>,14,importants,importantes,12,F,S,importants,-5.725062,importantes,-8.166647,1
10764,P_NOUN_9_ADJ_b,M,P,les coussins avec la pendule qui étaient là depuis hier ne sont pas très courts <eos>,14,courts,courtes,12,F,S,courts,-5.813096,courtes,-9.159051,1
10765,P_NOUN_9_ADJ_b,M,P,les coussins avec la pendule qui étaient là depuis hier ne sont pas très durs <eos>,14,durs,dures,12,F,S,durs,-4.634007,dures,-7.979199,1
10766,P_NOUN_9_ADJ_b,M,P,les coussins avec la pendule qui étaient là depuis hier ne sont pas très clairs <eos>,14,clairs,claires,12,F,S,clairs,-4.9717712,claires,-7.399172,1
10767,P_NOUN_9_ADJ_b,M,P,les coussins avec la pendule qui étaient là depuis hier ne sont pas très intéressants <eos>,14,intéressants,intéressantes,12,F,S,intéressants,-6.3484826,intéressantes,-9.252544,1
10768,P_NOUN_9_ADJ_b,M,P,les coussins avec la pendule qui étaient là depuis hier ne sont pas très brillants <eos>,14,brillants,brillantes,12,F,S,brillants,-6.9455194,brillantes,-10.04576,1
10769,P_NOUN_9_ADJ_b,M,P,les coussins avec la pendule qui étaient là depuis hier ne sont pas très compliqués <eos>,14,compliqués,compliquées,12,F,S,compliqués,-5.488163,compliquées,-9.489542,1
10770,P_NOUN_9_ADJ_b,M,P,les coussins avec la cloche qui étaient là depuis hier ne sont pas très verts <eos>,14,verts,vertes,12,F,S,verts,-8.077194,vertes,-12.721715,1
10771,P_NOUN_9_ADJ_b,M,P,les coussins avec la cloche qui étaient là depuis hier ne sont pas très bleus <eos>,14,bleus,bleues,12,F,S,bleus,-9.514759,bleues,-13.434225,1
10772,P_NOUN_9_ADJ_b,M,P,les coussins avec la cloche qui étaient là depuis hier ne sont pas très noirs <eos>,14,noirs,noires,12,F,S,noirs,-10.072112,noires,-12.214357,1
10773,P_NOUN_9_ADJ_b,M,P,les coussins avec la cloche qui étaient là depuis hier ne sont pas très délicats <eos>,14,délicats,délicates,12,F,S,délicats,-7.237803,délicates,-10.092098,1
10774,P_NOUN_9_ADJ_b,M,P,les coussins avec la cloche qui étaient là depuis hier ne sont pas très pointus <eos>,14,pointus,pointues,12,F,S,pointus,-9.540529,pointues,-11.587894,1
10775,P_NOUN_9_ADJ_b,M,P,les coussins avec la cloche qui étaient là depuis hier ne sont pas très ronds <eos>,14,ronds,rondes,12,F,S,ronds,-9.658915,rondes,-12.476817,1
10776,P_NOUN_9_ADJ_b,M,P,les coussins avec la cloche qui étaient là depuis hier ne sont pas très froids <eos>,14,froids,froides,12,F,S,froids,-8.958794,froides,-8.605287,0
10777,P_NOUN_9_ADJ_b,M,P,les coussins avec la cloche qui étaient là depuis hier ne sont pas très chauds <eos>,14,chauds,chaudes,12,F,S,chauds,-7.3393,chaudes,-9.778827,1
10778,P_NOUN_9_ADJ_b,M,P,les coussins avec la cloche qui étaient là depuis hier ne sont pas très importants <eos>,14,importants,importantes,12,F,S,importants,-5.298809,importantes,-7.9600973,1
10779,P_NOUN_9_ADJ_b,M,P,les coussins avec la cloche qui étaient là depuis hier ne sont pas très courts <eos>,14,courts,courtes,12,F,S,courts,-5.8443823,courtes,-9.280112,1
10780,P_NOUN_9_ADJ_b,M,P,les coussins avec la cloche qui étaient là depuis hier ne sont pas très durs <eos>,14,durs,dures,12,F,S,durs,-5.1677766,dures,-7.8873315,1
10781,P_NOUN_9_ADJ_b,M,P,les coussins avec la cloche qui étaient là depuis hier ne sont pas très clairs <eos>,14,clairs,claires,12,F,S,clairs,-4.333293,claires,-7.298854,1
10782,P_NOUN_9_ADJ_b,M,P,les coussins avec la cloche qui étaient là depuis hier ne sont pas très intéressants <eos>,14,intéressants,intéressantes,12,F,S,intéressants,-5.6583657,intéressantes,-8.929861,1
10783,P_NOUN_9_ADJ_b,M,P,les coussins avec la cloche qui étaient là depuis hier ne sont pas très brillants <eos>,14,brillants,brillantes,12,F,S,brillants,-7.142741,brillantes,-10.240223,1
10784,P_NOUN_9_ADJ_b,M,P,les coussins avec la cloche qui étaient là depuis hier ne sont pas très compliqués <eos>,14,compliqués,compliquées,12,F,S,compliqués,-5.8171268,compliquées,-9.33094,1
10785,P_NOUN_9_ADJ_b,M,P,les coussins avec la cerise qui étaient là depuis hier ne sont pas très verts <eos>,14,verts,vertes,12,F,S,verts,-7.7322445,vertes,-12.173193,1
10786,P_NOUN_9_ADJ_b,M,P,les coussins avec la cerise qui étaient là depuis hier ne sont pas très bleus <eos>,14,bleus,bleues,12,F,S,bleus,-9.450743,bleues,-13.563586,1
10787,P_NOUN_9_ADJ_b,M,P,les coussins avec la cerise qui étaient là depuis hier ne sont pas très noirs <eos>,14,noirs,noires,12,F,S,noirs,-9.789017,noires,-12.113383,1
10788,P_NOUN_9_ADJ_b,M,P,les coussins avec la cerise qui étaient là depuis hier ne sont pas très délicats <eos>,14,délicats,délicates,12,F,S,délicats,-6.612165,délicates,-9.865192,1
10789,P_NOUN_9_ADJ_b,M,P,les coussins avec la cerise qui étaient là depuis hier ne sont pas très pointus <eos>,14,pointus,pointues,12,F,S,pointus,-9.940014,pointues,-12.011592,1
10790,P_NOUN_9_ADJ_b,M,P,les coussins avec la cerise qui étaient là depuis hier ne sont pas très ronds <eos>,14,ronds,rondes,12,F,S,ronds,-9.41168,rondes,-12.776214,1
10791,P_NOUN_9_ADJ_b,M,P,les coussins avec la cerise qui étaient là depuis hier ne sont pas très froids <eos>,14,froids,froides,12,F,S,froids,-7.5976877,froides,-7.4636583,0
10792,P_NOUN_9_ADJ_b,M,P,les coussins avec la cerise qui étaient là depuis hier ne sont pas très chauds <eos>,14,chauds,chaudes,12,F,S,chauds,-6.2046,chaudes,-8.636929,1
10793,P_NOUN_9_ADJ_b,M,P,les coussins avec la cerise qui étaient là depuis hier ne sont pas très importants <eos>,14,importants,importantes,12,F,S,importants,-5.5153847,importantes,-7.9348373,1
10794,P_NOUN_9_ADJ_b,M,P,les coussins avec la cerise qui étaient là depuis hier ne sont pas très courts <eos>,14,courts,courtes,12,F,S,courts,-6.3167825,courtes,-10.228281,1
10795,P_NOUN_9_ADJ_b,M,P,les coussins avec la cerise qui étaient là depuis hier ne sont pas très durs <eos>,14,durs,dures,12,F,S,durs,-5.0879183,dures,-7.543105,1
10796,P_NOUN_9_ADJ_b,M,P,les coussins avec la cerise qui étaient là depuis hier ne sont pas très clairs <eos>,14,clairs,claires,12,F,S,clairs,-4.5735497,claires,-6.9532857,1
10797,P_NOUN_9_ADJ_b,M,P,les coussins avec la cerise qui étaient là depuis hier ne sont pas très intéressants <eos>,14,intéressants,intéressantes,12,F,S,intéressants,-6.399953,intéressantes,-8.924902,1
10798,P_NOUN_9_ADJ_b,M,P,les coussins avec la cerise qui étaient là depuis hier ne sont pas très brillants <eos>,14,brillants,brillantes,12,F,S,brillants,-6.847012,brillantes,-9.862778,1
10799,P_NOUN_9_ADJ_b,M,P,les coussins avec la cerise qui étaient là depuis hier ne sont pas très compliqués <eos>,14,compliqués,compliquées,12,F,S,compliqués,-6.1333027,compliquées,-10.005622,1
10800,P_NOUN_9_ADJ_b,M,P,les jouets avec la gemme qui étaient là depuis hier ne sont pas très verts <eos>,14,verts,vertes,12,F,S,verts,-7.598646,vertes,-12.757902,1
10801,P_NOUN_9_ADJ_b,M,P,les jouets avec la gemme qui étaient là depuis hier ne sont pas très bleus <eos>,14,bleus,bleues,12,F,S,bleus,-9.234484,bleues,-13.354072,1
10802,P_NOUN_9_ADJ_b,M,P,les jouets avec la gemme qui étaient là depuis hier ne sont pas très noirs <eos>,14,noirs,noires,12,F,S,noirs,-9.379152,noires,-12.178912,1
10803,P_NOUN_9_ADJ_b,M,P,les jouets avec la gemme qui étaient là depuis hier ne sont pas très délicats <eos>,14,délicats,délicates,12,F,S,délicats,-7.080406,délicates,-10.362344,1
10804,P_NOUN_9_ADJ_b,M,P,les jouets avec la gemme qui étaient là depuis hier ne sont pas très pointus <eos>,14,pointus,pointues,12,F,S,pointus,-9.437076,pointues,-11.61,1
10805,P_NOUN_9_ADJ_b,M,P,les jouets avec la gemme qui étaient là depuis hier ne sont pas très ronds <eos>,14,ronds,rondes,12,F,S,ronds,-10.580719,rondes,-13.1126175,1
10806,P_NOUN_9_ADJ_b,M,P,les jouets avec la gemme qui étaient là depuis hier ne sont pas très froids <eos>,14,froids,froides,12,F,S,froids,-8.552167,froides,-8.000198,0
10807,P_NOUN_9_ADJ_b,M,P,les jouets avec la gemme qui étaient là depuis hier ne sont pas très chauds <eos>,14,chauds,chaudes,12,F,S,chauds,-6.831641,chaudes,-9.959897,1
10808,P_NOUN_9_ADJ_b,M,P,les jouets avec la gemme qui étaient là depuis hier ne sont pas très importants <eos>,14,importants,importantes,12,F,S,importants,-5.7233453,importantes,-8.5890255,1
10809,P_NOUN_9_ADJ_b,M,P,les jouets avec la gemme qui étaient là depuis hier ne sont pas très courts <eos>,14,courts,courtes,12,F,S,courts,-5.9709005,courtes,-9.756111,1
10810,P_NOUN_9_ADJ_b,M,P,les jouets avec la gemme qui étaient là depuis hier ne sont pas très durs <eos>,14,durs,dures,12,F,S,durs,-5.132492,dures,-8.100584,1
10811,P_NOUN_9_ADJ_b,M,P,les jouets avec la gemme qui étaient là depuis hier ne sont pas très clairs <eos>,14,clairs,claires,12,F,S,clairs,-4.1410117,claires,-7.2398467,1
10812,P_NOUN_9_ADJ_b,M,P,les jouets avec la gemme qui étaient là depuis hier ne sont pas très intéressants <eos>,14,intéressants,intéressantes,12,F,S,intéressants,-5.557763,intéressantes,-8.723949,1
10813,P_NOUN_9_ADJ_b,M,P,les jouets avec la gemme qui étaient là depuis hier ne sont pas très brillants <eos>,14,brillants,brillantes,12,F,S,brillants,-6.6199656,brillantes,-9.835386,1
10814,P_NOUN_9_ADJ_b,M,P,les jouets avec la gemme qui étaient là depuis hier ne sont pas très compliqués <eos>,14,compliqués,compliquées,12,F,S,compliqués,-5.3738813,compliquées,-9.1785345,1
10815,P_NOUN_9_ADJ_b,M,P,les jouets avec la chaise qui étaient là depuis hier ne sont pas très verts <eos>,14,verts,vertes,12,F,S,verts,-8.026357,vertes,-13.233214,1
10816,P_NOUN_9_ADJ_b,M,P,les jouets avec la chaise qui étaient là depuis hier ne sont pas très bleus <eos>,14,bleus,bleues,12,F,S,bleus,-9.6357975,bleues,-13.683676,1
10817,P_NOUN_9_ADJ_b,M,P,les jouets avec la chaise qui étaient là depuis hier ne sont pas très noirs <eos>,14,noirs,noires,12,F,S,noirs,-9.589343,noires,-12.342694,1
10818,P_NOUN_9_ADJ_b,M,P,les jouets avec la chaise qui étaient là depuis hier ne sont pas très délicats <eos>,14,délicats,délicates,12,F,S,délicats,-7.5054975,délicates,-10.748598,1
10819,P_NOUN_9_ADJ_b,M,P,les jouets avec la chaise qui étaient là depuis hier ne sont pas très pointus <eos>,14,pointus,pointues,12,F,S,pointus,-9.333595,pointues,-11.415504,1
10820,P_NOUN_9_ADJ_b,M,P,les jouets avec la chaise qui étaient là depuis hier ne sont pas très ronds <eos>,14,ronds,rondes,12,F,S,ronds,-10.264653,rondes,-12.669345,1
10821,P_NOUN_9_ADJ_b,M,P,les jouets avec la chaise qui étaient là depuis hier ne sont pas très froids <eos>,14,froids,froides,12,F,S,froids,-9.216199,froides,-8.607939,0
10822,P_NOUN_9_ADJ_b,M,P,les jouets avec la chaise qui étaient là depuis hier ne sont pas très chauds <eos>,14,chauds,chaudes,12,F,S,chauds,-7.2800183,chaudes,-10.909977,1
10823,P_NOUN_9_ADJ_b,M,P,les jouets avec la chaise qui étaient là depuis hier ne sont pas très importants <eos>,14,importants,importantes,12,F,S,importants,-5.915316,importantes,-8.998913,1
10824,P_NOUN_9_ADJ_b,M,P,les jouets avec la chaise qui étaient là depuis hier ne sont pas très courts <eos>,14,courts,courtes,12,F,S,courts,-5.8726397,courtes,-9.4427185,1
10825,P_NOUN_9_ADJ_b,M,P,les jouets avec la chaise qui étaient là depuis hier ne sont pas très durs <eos>,14,durs,dures,12,F,S,durs,-5.002407,dures,-8.412406,1
10826,P_NOUN_9_ADJ_b,M,P,les jouets avec la chaise qui étaient là depuis hier ne sont pas très clairs <eos>,14,clairs,claires,12,F,S,clairs,-4.4227495,claires,-7.550082,1
10827,P_NOUN_9_ADJ_b,M,P,les jouets avec la chaise qui étaient là depuis hier ne sont pas très intéressants <eos>,14,intéressants,intéressantes,12,F,S,intéressants,-5.7919,intéressantes,-9.156475,1
10828,P_NOUN_9_ADJ_b,M,P,les jouets avec la chaise qui étaient là depuis hier ne sont pas très brillants <eos>,14,brillants,brillantes,12,F,S,brillants,-7.0078363,brillantes,-10.176793,1
10829,P_NOUN_9_ADJ_b,M,P,les jouets avec la chaise qui étaient là depuis hier ne sont pas très compliqués <eos>,14,compliqués,compliquées,12,F,S,compliqués,-5.159952,compliquées,-8.978615,1
10830,P_NOUN_9_ADJ_b,M,P,les jouets avec la poubelle qui étaient là depuis hier ne sont pas très verts <eos>,14,verts,vertes,12,F,S,verts,-7.93293,vertes,-12.938526,1
10831,P_NOUN_9_ADJ_b,M,P,les jouets avec la poubelle qui étaient là depuis hier ne sont pas très bleus <eos>,14,bleus,bleues,12,F,S,bleus,-9.544992,bleues,-13.641642,1
10832,P_NOUN_9_ADJ_b,M,P,les jouets avec la poubelle qui étaient là depuis hier ne sont pas très noirs <eos>,14,noirs,noires,12,F,S,noirs,-9.6508045,noires,-12.447369,1
10833,P_NOUN_9_ADJ_b,M,P,les jouets avec la poubelle qui étaient là depuis hier ne sont pas très délicats <eos>,14,délicats,délicates,12,F,S,délicats,-7.4364095,délicates,-10.6611,1
10834,P_NOUN_9_ADJ_b,M,P,les jouets avec la poubelle qui étaient là depuis hier ne sont pas très pointus <eos>,14,pointus,pointues,12,F,S,pointus,-9.540415,pointues,-11.528692,1
10835,P_NOUN_9_ADJ_b,M,P,les jouets avec la poubelle qui étaient là depuis hier ne sont pas très ronds <eos>,14,ronds,rondes,12,F,S,ronds,-10.826605,rondes,-13.03327,1
10836,P_NOUN_9_ADJ_b,M,P,les jouets avec la poubelle qui étaient là depuis hier ne sont pas très froids <eos>,14,froids,froides,12,F,S,froids,-8.935066,froides,-8.105776,0
10837,P_NOUN_9_ADJ_b,M,P,les jouets avec la poubelle qui étaient là depuis hier ne sont pas très chauds <eos>,14,chauds,chaudes,12,F,S,chauds,-6.8262525,chaudes,-10.384895,1
10838,P_NOUN_9_ADJ_b,M,P,les jouets avec la poubelle qui étaient là depuis hier ne sont pas très importants <eos>,14,importants,importantes,12,F,S,importants,-5.8613234,importantes,-8.867776,1
10839,P_NOUN_9_ADJ_b,M,P,les jouets avec la poubelle qui étaient là depuis hier ne sont pas très courts <eos>,14,courts,courtes,12,F,S,courts,-6.228451,courtes,-9.787962,1
10840,P_NOUN_9_ADJ_b,M,P,les jouets avec la poubelle qui étaient là depuis hier ne sont pas très durs <eos>,14,durs,dures,12,F,S,durs,-5.269271,dures,-8.622659,1
10841,P_NOUN_9_ADJ_b,M,P,les jouets avec la poubelle qui étaient là depuis hier ne sont pas très clairs <eos>,14,clairs,claires,12,F,S,clairs,-4.6748943,claires,-7.616678,1
10842,P_NOUN_9_ADJ_b,M,P,les jouets avec la poubelle qui étaient là depuis hier ne sont pas très intéressants <eos>,14,intéressants,intéressantes,12,F,S,intéressants,-5.5977087,intéressantes,-8.921705,1
10843,P_NOUN_9_ADJ_b,M,P,les jouets avec la poubelle qui étaient là depuis hier ne sont pas très brillants <eos>,14,brillants,brillantes,12,F,S,brillants,-7.1745176,brillantes,-10.423646,1
10844,P_NOUN_9_ADJ_b,M,P,les jouets avec la poubelle qui étaient là depuis hier ne sont pas très compliqués <eos>,14,compliqués,compliquées,12,F,S,compliqués,-5.396393,compliquées,-9.245033,1
10845,P_NOUN_9_ADJ_b,M,P,les jouets avec la chemise qui étaient là depuis hier ne sont pas très verts <eos>,14,verts,vertes,12,F,S,verts,-7.805913,vertes,-13.032134,1
10846,P_NOUN_9_ADJ_b,M,P,les jouets avec la chemise qui étaient là depuis hier ne sont pas très bleus <eos>,14,bleus,bleues,12,F,S,bleus,-9.091238,bleues,-13.347595,1
10847,P_NOUN_9_ADJ_b,M,P,les jouets avec la chemise qui étaient là depuis hier ne sont pas très noirs <eos>,14,noirs,noires,12,F,S,noirs,-9.222767,noires,-12.136612,1
10848,P_NOUN_9_ADJ_b,M,P,les jouets avec la chemise qui étaient là depuis hier ne sont pas très délicats <eos>,14,délicats,délicates,12,F,S,délicats,-7.670216,délicates,-10.80941,1
10849,P_NOUN_9_ADJ_b,M,P,les jouets avec la chemise qui étaient là depuis hier ne sont pas très pointus <eos>,14,pointus,pointues,12,F,S,pointus,-9.25045,pointues,-11.543256,1
10850,P_NOUN_9_ADJ_b,M,P,les jouets avec la chemise qui étaient là depuis hier ne sont pas très ronds <eos>,14,ronds,rondes,12,F,S,ronds,-10.59692,rondes,-12.745728,1
10851,P_NOUN_9_ADJ_b,M,P,les jouets avec la chemise qui étaient là depuis hier ne sont pas très froids <eos>,14,froids,froides,12,F,S,froids,-9.227497,froides,-8.407236,0
10852,P_NOUN_9_ADJ_b,M,P,les jouets avec la chemise qui étaient là depuis hier ne sont pas très chauds <eos>,14,chauds,chaudes,12,F,S,chauds,-6.912183,chaudes,-10.925078,1
10853,P_NOUN_9_ADJ_b,M,P,les jouets avec la chemise qui étaient là depuis hier ne sont pas très importants <eos>,14,importants,importantes,12,F,S,importants,-5.986766,importantes,-8.996561,1
10854,P_NOUN_9_ADJ_b,M,P,les jouets avec la chemise qui étaient là depuis hier ne sont pas très courts <eos>,14,courts,courtes,12,F,S,courts,-5.917676,courtes,-9.394578,1
10855,P_NOUN_9_ADJ_b,M,P,les jouets avec la chemise qui étaient là depuis hier ne sont pas très durs <eos>,14,durs,dures,12,F,S,durs,-5.1976366,dures,-8.429496,1
10856,P_NOUN_9_ADJ_b,M,P,les jouets avec la chemise qui étaient là depuis hier ne sont pas très clairs <eos>,14,clairs,claires,12,F,S,clairs,-4.1912985,claires,-7.684654,1
10857,P_NOUN_9_ADJ_b,M,P,les jouets avec la chemise qui étaient là depuis hier ne sont pas très intéressants <eos>,14,intéressants,intéressantes,12,F,S,intéressants,-5.7932386,intéressantes,-9.1959715,1
10858,P_NOUN_9_ADJ_b,M,P,les jouets avec la chemise qui étaient là depuis hier ne sont pas très brillants <eos>,14,brillants,brillantes,12,F,S,brillants,-6.941416,brillantes,-10.428678,1
10859,P_NOUN_9_ADJ_b,M,P,les jouets avec la chemise qui étaient là depuis hier ne sont pas très compliqués <eos>,14,compliqués,compliquées,12,F,S,compliqués,-5.515806,compliquées,-9.28027,1
10860,P_NOUN_9_ADJ_b,M,P,les jouets avec la recette qui étaient là depuis hier ne sont pas très verts <eos>,14,verts,vertes,12,F,S,verts,-8.345015,vertes,-13.135938,1
10861,P_NOUN_9_ADJ_b,M,P,les jouets avec la recette qui étaient là depuis hier ne sont pas très bleus <eos>,14,bleus,bleues,12,F,S,bleus,-10.072644,bleues,-14.156798,1
10862,P_NOUN_9_ADJ_b,M,P,les jouets avec la recette qui étaient là depuis hier ne sont pas très noirs <eos>,14,noirs,noires,12,F,S,noirs,-10.171029,noires,-12.981829,1
10863,P_NOUN_9_ADJ_b,M,P,les jouets avec la recette qui étaient là depuis hier ne sont pas très délicats <eos>,14,délicats,délicates,12,F,S,délicats,-7.1940603,délicates,-10.419748,1
10864,P_NOUN_9_ADJ_b,M,P,les jouets avec la recette qui étaient là depuis hier ne sont pas très pointus <eos>,14,pointus,pointues,12,F,S,pointus,-10.404707,pointues,-12.167409,1
10865,P_NOUN_9_ADJ_b,M,P,les jouets avec la recette qui étaient là depuis hier ne sont pas très ronds <eos>,14,ronds,rondes,12,F,S,ronds,-10.773571,rondes,-13.473845,1
10866,P_NOUN_9_ADJ_b,M,P,les jouets avec la recette qui étaient là depuis hier ne sont pas très froids <eos>,14,froids,froides,12,F,S,froids,-8.700279,froides,-8.009653,0
10867,P_NOUN_9_ADJ_b,M,P,les jouets avec la recette qui étaient là depuis hier ne sont pas très chauds <eos>,14,chauds,chaudes,12,F,S,chauds,-6.7889996,chaudes,-9.929576,1
10868,P_NOUN_9_ADJ_b,M,P,les jouets avec la recette qui étaient là depuis hier ne sont pas très importants <eos>,14,importants,importantes,12,F,S,importants,-5.557851,importantes,-7.949971,1
10869,P_NOUN_9_ADJ_b,M,P,les jouets avec la recette qui étaient là depuis hier ne sont pas très courts <eos>,14,courts,courtes,12,F,S,courts,-6.6490717,courtes,-9.775102,1
10870,P_NOUN_9_ADJ_b,M,P,les jouets avec la recette qui étaient là depuis hier ne sont pas très durs <eos>,14,durs,dures,12,F,S,durs,-5.1954174,dures,-8.24983,1
10871,P_NOUN_9_ADJ_b,M,P,les jouets avec la recette qui étaient là depuis hier ne sont pas très clairs <eos>,14,clairs,claires,12,F,S,clairs,-4.975774,claires,-7.1084785,1
10872,P_NOUN_9_ADJ_b,M,P,les jouets avec la recette qui étaient là depuis hier ne sont pas très intéressants <eos>,14,intéressants,intéressantes,12,F,S,intéressants,-5.897739,intéressantes,-8.370079,1
10873,P_NOUN_9_ADJ_b,M,P,les jouets avec la recette qui étaient là depuis hier ne sont pas très brillants <eos>,14,brillants,brillantes,12,F,S,brillants,-7.1626816,brillantes,-9.889771,1
10874,P_NOUN_9_ADJ_b,M,P,les jouets avec la recette qui étaient là depuis hier ne sont pas très compliqués <eos>,14,compliqués,compliquées,12,F,S,compliqués,-5.45481,compliquées,-9.276266,1
10875,P_NOUN_9_ADJ_b,M,P,les jouets avec la jupe qui étaient là depuis hier ne sont pas très verts <eos>,14,verts,vertes,12,F,S,verts,-8.029552,vertes,-12.935682,1
10876,P_NOUN_9_ADJ_b,M,P,les jouets avec la jupe qui étaient là depuis hier ne sont pas très bleus <eos>,14,bleus,bleues,12,F,S,bleus,-9.572174,bleues,-13.395153,1
10877,P_NOUN_9_ADJ_b,M,P,les jouets avec la jupe qui étaient là depuis hier ne sont pas très noirs <eos>,14,noirs,noires,12,F,S,noirs,-9.500666,noires,-12.123912,1
10878,P_NOUN_9_ADJ_b,M,P,les jouets avec la jupe qui étaient là depuis hier ne sont pas très délicats <eos>,14,délicats,délicates,12,F,S,délicats,-7.346956,délicates,-10.497501,1
10879,P_NOUN_9_ADJ_b,M,P,les jouets avec la jupe qui étaient là depuis hier ne sont pas très pointus <eos>,14,pointus,pointues,12,F,S,pointus,-9.37663,pointues,-11.570039,1
10880,P_NOUN_9_ADJ_b,M,P,les jouets avec la jupe qui étaient là depuis hier ne sont pas très ronds <eos>,14,ronds,rondes,12,F,S,ronds,-10.2878,rondes,-12.81349,1
10881,P_NOUN_9_ADJ_b,M,P,les jouets avec la jupe qui étaient là depuis hier ne sont pas très froids <eos>,14,froids,froides,12,F,S,froids,-9.325893,froides,-8.357032,0
10882,P_NOUN_9_ADJ_b,M,P,les jouets avec la jupe qui étaient là depuis hier ne sont pas très chauds <eos>,14,chauds,chaudes,12,F,S,chauds,-7.1660037,chaudes,-10.551224,1
10883,P_NOUN_9_ADJ_b,M,P,les jouets avec la jupe qui étaient là depuis hier ne sont pas très importants <eos>,14,importants,importantes,12,F,S,importants,-5.819371,importantes,-8.578743,1
10884,P_NOUN_9_ADJ_b,M,P,les jouets avec la jupe qui étaient là depuis hier ne sont pas très courts <eos>,14,courts,courtes,12,F,S,courts,-5.982669,courtes,-9.326844,1
10885,P_NOUN_9_ADJ_b,M,P,les jouets avec la jupe qui étaient là depuis hier ne sont pas très durs <eos>,14,durs,dures,12,F,S,durs,-5.2447643,dures,-8.436841,1
10886,P_NOUN_9_ADJ_b,M,P,les jouets avec la jupe qui étaient là depuis hier ne sont pas très clairs <eos>,14,clairs,claires,12,F,S,clairs,-4.1044855,claires,-7.2150126,1
10887,P_NOUN_9_ADJ_b,M,P,les jouets avec la jupe qui étaient là depuis hier ne sont pas très intéressants <eos>,14,intéressants,intéressantes,12,F,S,intéressants,-5.8496995,intéressantes,-8.894203,1
10888,P_NOUN_9_ADJ_b,M,P,les jouets avec la jupe qui étaient là depuis hier ne sont pas très brillants <eos>,14,brillants,brillantes,12,F,S,brillants,-7.0374975,brillantes,-10.181962,1
10889,P_NOUN_9_ADJ_b,M,P,les jouets avec la jupe qui étaient là depuis hier ne sont pas très compliqués <eos>,14,compliqués,compliquées,12,F,S,compliqués,-5.3585467,compliquées,-9.155502,1
10890,P_NOUN_9_ADJ_b,M,P,les jouets avec la colle qui étaient là depuis hier ne sont pas très verts <eos>,14,verts,vertes,12,F,S,verts,-7.9619846,vertes,-12.75334,1
10891,P_NOUN_9_ADJ_b,M,P,les jouets avec la colle qui étaient là depuis hier ne sont pas très bleus <eos>,14,bleus,bleues,12,F,S,bleus,-9.792446,bleues,-13.743681,1
10892,P_NOUN_9_ADJ_b,M,P,les jouets avec la colle qui étaient là depuis hier ne sont pas très noirs <eos>,14,noirs,noires,12,F,S,noirs,-9.773191,noires,-12.340269,1
10893,P_NOUN_9_ADJ_b,M,P,les jouets avec la colle qui étaient là depuis hier ne sont pas très délicats <eos>,14,délicats,délicates,12,F,S,délicats,-7.1781063,délicates,-10.979256,1
10894,P_NOUN_9_ADJ_b,M,P,les jouets avec la colle qui étaient là depuis hier ne sont pas très pointus <eos>,14,pointus,pointues,12,F,S,pointus,-9.630842,pointues,-11.711344,1
10895,P_NOUN_9_ADJ_b,M,P,les jouets avec la colle qui étaient là depuis hier ne sont pas très ronds <eos>,14,ronds,rondes,12,F,S,ronds,-10.63997,rondes,-13.098874,1
10896,P_NOUN_9_ADJ_b,M,P,les jouets avec la colle qui étaient là depuis hier ne sont pas très froids <eos>,14,froids,froides,12,F,S,froids,-8.976675,froides,-8.005516,0
10897,P_NOUN_9_ADJ_b,M,P,les jouets avec la colle qui étaient là depuis hier ne sont pas très chauds <eos>,14,chauds,chaudes,12,F,S,chauds,-6.6405487,chaudes,-9.804112,1
10898,P_NOUN_9_ADJ_b,M,P,les jouets avec la colle qui étaient là depuis hier ne sont pas très importants <eos>,14,importants,importantes,12,F,S,importants,-5.9153247,importantes,-8.528725,1
10899,P_NOUN_9_ADJ_b,M,P,les jouets avec la colle qui étaient là depuis hier ne sont pas très courts <eos>,14,courts,courtes,12,F,S,courts,-6.3529367,courtes,-9.8904705,1
10900,P_NOUN_9_ADJ_b,M,P,les jouets avec la colle qui étaient là depuis hier ne sont pas très durs <eos>,14,durs,dures,12,F,S,durs,-5.1722155,dures,-8.205843,1
10901,P_NOUN_9_ADJ_b,M,P,les jouets avec la colle qui étaient là depuis hier ne sont pas très clairs <eos>,14,clairs,claires,12,F,S,clairs,-4.7533174,claires,-7.0188174,1
10902,P_NOUN_9_ADJ_b,M,P,les jouets avec la colle qui étaient là depuis hier ne sont pas très intéressants <eos>,14,intéressants,intéressantes,12,F,S,intéressants,-6.0398417,intéressantes,-8.760581,1
10903,P_NOUN_9_ADJ_b,M,P,les jouets avec la colle qui étaient là depuis hier ne sont pas très brillants <eos>,14,brillants,brillantes,12,F,S,brillants,-7.0053043,brillantes,-10.2450695,1
10904,P_NOUN_9_ADJ_b,M,P,les jouets avec la colle qui étaient là depuis hier ne sont pas très compliqués <eos>,14,compliqués,compliquées,12,F,S,compliqués,-5.60373,compliquées,-9.65201,1
10905,P_NOUN_9_ADJ_b,M,P,les jouets avec la lampe qui étaient là depuis hier ne sont pas très verts <eos>,14,verts,vertes,12,F,S,verts,-8.103933,vertes,-12.612114,1
10906,P_NOUN_9_ADJ_b,M,P,les jouets avec la lampe qui étaient là depuis hier ne sont pas très bleus <eos>,14,bleus,bleues,12,F,S,bleus,-9.92866,bleues,-13.510331,1
10907,P_NOUN_9_ADJ_b,M,P,les jouets avec la lampe qui étaient là depuis hier ne sont pas très noirs <eos>,14,noirs,noires,12,F,S,noirs,-10.023788,noires,-12.448589,1
10908,P_NOUN_9_ADJ_b,M,P,les jouets avec la lampe qui étaient là depuis hier ne sont pas très délicats <eos>,14,délicats,délicates,12,F,S,délicats,-7.290203,délicates,-10.536986,1
10909,P_NOUN_9_ADJ_b,M,P,les jouets avec la lampe qui étaient là depuis hier ne sont pas très pointus <eos>,14,pointus,pointues,12,F,S,pointus,-9.589109,pointues,-11.3859215,1
10910,P_NOUN_9_ADJ_b,M,P,les jouets avec la lampe qui étaient là depuis hier ne sont pas très ronds <eos>,14,ronds,rondes,12,F,S,ronds,-10.6486225,rondes,-13.238324,1
10911,P_NOUN_9_ADJ_b,M,P,les jouets avec la lampe qui étaient là depuis hier ne sont pas très froids <eos>,14,froids,froides,12,F,S,froids,-9.078729,froides,-8.117413,0
10912,P_NOUN_9_ADJ_b,M,P,les jouets avec la lampe qui étaient là depuis hier ne sont pas très chauds <eos>,14,chauds,chaudes,12,F,S,chauds,-6.794468,chaudes,-10.054106,1
10913,P_NOUN_9_ADJ_b,M,P,les jouets avec la lampe qui étaient là depuis hier ne sont pas très importants <eos>,14,importants,importantes,12,F,S,importants,-5.7569137,importantes,-8.364519,1
10914,P_NOUN_9_ADJ_b,M,P,les jouets avec la lampe qui étaient là depuis hier ne sont pas très courts <eos>,14,courts,courtes,12,F,S,courts,-6.3765364,courtes,-9.46595,1
10915,P_NOUN_9_ADJ_b,M,P,les jouets avec la lampe qui étaient là depuis hier ne sont pas très durs <eos>,14,durs,dures,12,F,S,durs,-4.9513235,dures,-8.434128,1
10916,P_NOUN_9_ADJ_b,M,P,les jouets avec la lampe qui étaient là depuis hier ne sont pas très clairs <eos>,14,clairs,claires,12,F,S,clairs,-4.5048556,claires,-7.295996,1
10917,P_NOUN_9_ADJ_b,M,P,les jouets avec la lampe qui étaient là depuis hier ne sont pas très intéressants <eos>,14,intéressants,intéressantes,12,F,S,intéressants,-5.5661745,intéressantes,-8.458694,1
10918,P_NOUN_9_ADJ_b,M,P,les jouets avec la lampe qui étaient là depuis hier ne sont pas très brillants <eos>,14,brillants,brillantes,12,F,S,brillants,-6.8188057,brillantes,-9.59936,1
10919,P_NOUN_9_ADJ_b,M,P,les jouets avec la lampe qui étaient là depuis hier ne sont pas très compliqués <eos>,14,compliqués,compliquées,12,F,S,compliqués,-5.178286,compliquées,-9.007925,1
10920,P_NOUN_9_ADJ_b,M,P,les jouets avec la bouteille qui étaient là depuis hier ne sont pas très verts <eos>,14,verts,vertes,12,F,S,verts,-7.761324,vertes,-13.000783,1
10921,P_NOUN_9_ADJ_b,M,P,les jouets avec la bouteille qui étaient là depuis hier ne sont pas très bleus <eos>,14,bleus,bleues,12,F,S,bleus,-9.577377,bleues,-13.749638,1
10922,P_NOUN_9_ADJ_b,M,P,les jouets avec la bouteille qui étaient là depuis hier ne sont pas très noirs <eos>,14,noirs,noires,12,F,S,noirs,-9.683754,noires,-12.47844,1
10923,P_NOUN_9_ADJ_b,M,P,les jouets avec la bouteille qui étaient là depuis hier ne sont pas très délicats <eos>,14,délicats,délicates,12,F,S,délicats,-6.7098145,délicates,-10.195234,1
10924,P_NOUN_9_ADJ_b,M,P,les jouets avec la bouteille qui étaient là depuis hier ne sont pas très pointus <eos>,14,pointus,pointues,12,F,S,pointus,-9.931775,pointues,-11.79328,1
10925,P_NOUN_9_ADJ_b,M,P,les jouets avec la bouteille qui étaient là depuis hier ne sont pas très ronds <eos>,14,ronds,rondes,12,F,S,ronds,-10.693574,rondes,-13.281147,1
10926,P_NOUN_9_ADJ_b,M,P,les jouets avec la bouteille qui étaient là depuis hier ne sont pas très froids <eos>,14,froids,froides,12,F,S,froids,-8.557595,froides,-7.5295496,0
10927,P_NOUN_9_ADJ_b,M,P,les jouets avec la bouteille qui étaient là depuis hier ne sont pas très chauds <eos>,14,chauds,chaudes,12,F,S,chauds,-6.758701,chaudes,-9.573254,1
10928,P_NOUN_9_ADJ_b,M,P,les jouets avec la bouteille qui étaient là depuis hier ne sont pas très importants <eos>,14,importants,importantes,12,F,S,importants,-5.53127,importantes,-8.15554,1
10929,P_NOUN_9_ADJ_b,M,P,les jouets avec la bouteille qui étaient là depuis hier ne sont pas très courts <eos>,14,courts,courtes,12,F,S,courts,-6.292482,courtes,-10.015657,1
10930,P_NOUN_9_ADJ_b,M,P,les jouets avec la bouteille qui étaient là depuis hier ne sont pas très durs <eos>,14,durs,dures,12,F,S,durs,-5.228586,dures,-8.367364,1
10931,P_NOUN_9_ADJ_b,M,P,les jouets avec la bouteille qui étaient là depuis hier ne sont pas très clairs <eos>,14,clairs,claires,12,F,S,clairs,-5.0019016,claires,-7.1216364,1
10932,P_NOUN_9_ADJ_b,M,P,les jouets avec la bouteille qui étaient là depuis hier ne sont pas très intéressants <eos>,14,intéressants,intéressantes,12,F,S,intéressants,-5.6218266,intéressantes,-8.472742,1
10933,P_NOUN_9_ADJ_b,M,P,les jouets avec la bouteille qui étaient là depuis hier ne sont pas très brillants <eos>,14,brillants,brillantes,12,F,S,brillants,-7.171977,brillantes,-10.00336,1
10934,P_NOUN_9_ADJ_b,M,P,les jouets avec la bouteille qui étaient là depuis hier ne sont pas très compliqués <eos>,14,compliqués,compliquées,12,F,S,compliqués,-5.5622454,compliquées,-9.35975,1
10935,P_NOUN_9_ADJ_b,M,P,les jouets avec la boisson qui étaient là depuis hier ne sont pas très verts <eos>,14,verts,vertes,12,F,S,verts,-7.8488255,vertes,-13.193091,1
10936,P_NOUN_9_ADJ_b,M,P,les jouets avec la boisson qui étaient là depuis hier ne sont pas très bleus <eos>,14,bleus,bleues,12,F,S,bleus,-9.74443,bleues,-13.999835,1
10937,P_NOUN_9_ADJ_b,M,P,les jouets avec la boisson qui étaient là depuis hier ne sont pas très noirs <eos>,14,noirs,noires,12,F,S,noirs,-9.71134,noires,-12.689015,1
10938,P_NOUN_9_ADJ_b,M,P,les jouets avec la boisson qui étaient là depuis hier ne sont pas très délicats <eos>,14,délicats,délicates,12,F,S,délicats,-6.8955903,délicates,-10.460215,1
10939,P_NOUN_9_ADJ_b,M,P,les jouets avec la boisson qui étaient là depuis hier ne sont pas très pointus <eos>,14,pointus,pointues,12,F,S,pointus,-10.354467,pointues,-12.356146,1
10940,P_NOUN_9_ADJ_b,M,P,les jouets avec la boisson qui étaient là depuis hier ne sont pas très ronds <eos>,14,ronds,rondes,12,F,S,ronds,-10.940758,rondes,-13.444141,1
10941,P_NOUN_9_ADJ_b,M,P,les jouets avec la boisson qui étaient là depuis hier ne sont pas très froids <eos>,14,froids,froides,12,F,S,froids,-8.202024,froides,-7.826471,0
10942,P_NOUN_9_ADJ_b,M,P,les jouets avec la boisson qui étaient là depuis hier ne sont pas très chauds <eos>,14,chauds,chaudes,12,F,S,chauds,-6.652749,chaudes,-9.640203,1
10943,P_NOUN_9_ADJ_b,M,P,les jouets avec la boisson qui étaient là depuis hier ne sont pas très importants <eos>,14,importants,importantes,12,F,S,importants,-5.4694934,importantes,-8.101934,1
10944,P_NOUN_9_ADJ_b,M,P,les jouets avec la boisson qui étaient là depuis hier ne sont pas très courts <eos>,14,courts,courtes,12,F,S,courts,-6.703629,courtes,-10.428381,1
10945,P_NOUN_9_ADJ_b,M,P,les jouets avec la boisson qui étaient là depuis hier ne sont pas très durs <eos>,14,durs,dures,12,F,S,durs,-5.4492893,dures,-7.782261,1
10946,P_NOUN_9_ADJ_b,M,P,les jouets avec la boisson qui étaient là depuis hier ne sont pas très clairs <eos>,14,clairs,claires,12,F,S,clairs,-5.0187063,claires,-7.1492043,1
10947,P_NOUN_9_ADJ_b,M,P,les jouets avec la boisson qui étaient là depuis hier ne sont pas très intéressants <eos>,14,intéressants,intéressantes,12,F,S,intéressants,-5.8530035,intéressantes,-8.698327,1
10948,P_NOUN_9_ADJ_b,M,P,les jouets avec la boisson qui étaient là depuis hier ne sont pas très brillants <eos>,14,brillants,brillantes,12,F,S,brillants,-7.095216,brillantes,-10.252314,1
10949,P_NOUN_9_ADJ_b,M,P,les jouets avec la boisson qui étaient là depuis hier ne sont pas très compliqués <eos>,14,compliqués,compliquées,12,F,S,compliqués,-6.0240297,compliquées,-10.014723,1
10950,P_NOUN_9_ADJ_b,M,P,les jouets avec la pomme qui étaient là depuis hier ne sont pas très verts <eos>,14,verts,vertes,12,F,S,verts,-8.173638,vertes,-13.329595,1
10951,P_NOUN_9_ADJ_b,M,P,les jouets avec la pomme qui étaient là depuis hier ne sont pas très bleus <eos>,14,bleus,bleues,12,F,S,bleus,-9.812313,bleues,-14.196893,1
10952,P_NOUN_9_ADJ_b,M,P,les jouets avec la pomme qui étaient là depuis hier ne sont pas très noirs <eos>,14,noirs,noires,12,F,S,noirs,-9.453103,noires,-12.7964325,1
10953,P_NOUN_9_ADJ_b,M,P,les jouets avec la pomme qui étaient là depuis hier ne sont pas très délicats <eos>,14,délicats,délicates,12,F,S,délicats,-7.002033,délicates,-10.74652,1
10954,P_NOUN_9_ADJ_b,M,P,les jouets avec la pomme qui étaient là depuis hier ne sont pas très pointus <eos>,14,pointus,pointues,12,F,S,pointus,-9.854996,pointues,-11.938988,1
10955,P_NOUN_9_ADJ_b,M,P,les jouets avec la pomme qui étaient là depuis hier ne sont pas très ronds <eos>,14,ronds,rondes,12,F,S,ronds,-10.627445,rondes,-13.591463,1
10956,P_NOUN_9_ADJ_b,M,P,les jouets avec la pomme qui étaient là depuis hier ne sont pas très froids <eos>,14,froids,froides,12,F,S,froids,-8.641959,froides,-8.176997,0
10957,P_NOUN_9_ADJ_b,M,P,les jouets avec la pomme qui étaient là depuis hier ne sont pas très chauds <eos>,14,chauds,chaudes,12,F,S,chauds,-6.806261,chaudes,-10.29627,1
10958,P_NOUN_9_ADJ_b,M,P,les jouets avec la pomme qui étaient là depuis hier ne sont pas très importants <eos>,14,importants,importantes,12,F,S,importants,-5.4739122,importantes,-8.476035,1
10959,P_NOUN_9_ADJ_b,M,P,les jouets avec la pomme qui étaient là depuis hier ne sont pas très courts <eos>,14,courts,courtes,12,F,S,courts,-6.588273,courtes,-10.350526,1
10960,P_NOUN_9_ADJ_b,M,P,les jouets avec la pomme qui étaient là depuis hier ne sont pas très durs <eos>,14,durs,dures,12,F,S,durs,-4.9713707,dures,-8.258208,1
10961,P_NOUN_9_ADJ_b,M,P,les jouets avec la pomme qui étaient là depuis hier ne sont pas très clairs <eos>,14,clairs,claires,12,F,S,clairs,-4.8584642,claires,-7.655591,1
10962,P_NOUN_9_ADJ_b,M,P,les jouets avec la pomme qui étaient là depuis hier ne sont pas très intéressants <eos>,14,intéressants,intéressantes,12,F,S,intéressants,-5.397442,intéressantes,-8.335777,1
10963,P_NOUN_9_ADJ_b,M,P,les jouets avec la pomme qui étaient là depuis hier ne sont pas très brillants <eos>,14,brillants,brillantes,12,F,S,brillants,-6.9258676,brillantes,-10.182577,1
10964,P_NOUN_9_ADJ_b,M,P,les jouets avec la pomme qui étaient là depuis hier ne sont pas très compliqués <eos>,14,compliqués,compliquées,12,F,S,compliqués,-5.6401386,compliquées,-9.418352,1
10965,P_NOUN_9_ADJ_b,M,P,les jouets avec la tasse qui étaient là depuis hier ne sont pas très verts <eos>,14,verts,vertes,12,F,S,verts,-7.6009855,vertes,-12.808787,1
10966,P_NOUN_9_ADJ_b,M,P,les jouets avec la tasse qui étaient là depuis hier ne sont pas très bleus <eos>,14,bleus,bleues,12,F,S,bleus,-9.267029,bleues,-13.527517,1
10967,P_NOUN_9_ADJ_b,M,P,les jouets avec la tasse qui étaient là depuis hier ne sont pas très noirs <eos>,14,noirs,noires,12,F,S,noirs,-9.119228,noires,-12.114839,1
10968,P_NOUN_9_ADJ_b,M,P,les jouets avec la tasse qui étaient là depuis hier ne sont pas très délicats <eos>,14,délicats,délicates,12,F,S,délicats,-6.928245,délicates,-9.646368,1
10969,P_NOUN_9_ADJ_b,M,P,les jouets avec la tasse qui étaient là depuis hier ne sont pas très pointus <eos>,14,pointus,pointues,12,F,S,pointus,-10.0165615,pointues,-12.049948,1
10970,P_NOUN_9_ADJ_b,M,P,les jouets avec la tasse qui étaient là depuis hier ne sont pas très ronds <eos>,14,ronds,rondes,12,F,S,ronds,-10.326159,rondes,-13.077389,1
10971,P_NOUN_9_ADJ_b,M,P,les jouets avec la tasse qui étaient là depuis hier ne sont pas très froids <eos>,14,froids,froides,12,F,S,froids,-8.173004,froides,-7.355703,0
10972,P_NOUN_9_ADJ_b,M,P,les jouets avec la tasse qui étaient là depuis hier ne sont pas très chauds <eos>,14,chauds,chaudes,12,F,S,chauds,-6.40125,chaudes,-9.140893,1
10973,P_NOUN_9_ADJ_b,M,P,les jouets avec la tasse qui étaient là depuis hier ne sont pas très importants <eos>,14,importants,importantes,12,F,S,importants,-5.5058637,importantes,-8.059399,1
10974,P_NOUN_9_ADJ_b,M,P,les jouets avec la tasse qui étaient là depuis hier ne sont pas très courts <eos>,14,courts,courtes,12,F,S,courts,-6.509692,courtes,-10.370535,1
10975,P_NOUN_9_ADJ_b,M,P,les jouets avec la tasse qui étaient là depuis hier ne sont pas très durs <eos>,14,durs,dures,12,F,S,durs,-5.536361,dures,-8.383621,1
10976,P_NOUN_9_ADJ_b,M,P,les jouets avec la tasse qui étaient là depuis hier ne sont pas très clairs <eos>,14,clairs,claires,12,F,S,clairs,-4.6839867,claires,-6.8291483,1
10977,P_NOUN_9_ADJ_b,M,P,les jouets avec la tasse qui étaient là depuis hier ne sont pas très intéressants <eos>,14,intéressants,intéressantes,12,F,S,intéressants,-5.9297094,intéressantes,-8.99354,1
10978,P_NOUN_9_ADJ_b,M,P,les jouets avec la tasse qui étaient là depuis hier ne sont pas très brillants <eos>,14,brillants,brillantes,12,F,S,brillants,-7.147671,brillantes,-10.246996,1
10979,P_NOUN_9_ADJ_b,M,P,les jouets avec la tasse qui étaient là depuis hier ne sont pas très compliqués <eos>,14,compliqués,compliquées,12,F,S,compliqués,-5.720795,compliquées,-9.8383045,1
10980,P_NOUN_9_ADJ_b,M,P,les jouets avec la bougie qui étaient là depuis hier ne sont pas très verts <eos>,14,verts,vertes,12,F,S,verts,-8.072308,vertes,-13.171308,1
10981,P_NOUN_9_ADJ_b,M,P,les jouets avec la bougie qui étaient là depuis hier ne sont pas très bleus <eos>,14,bleus,bleues,12,F,S,bleus,-9.721313,bleues,-13.746737,1
10982,P_NOUN_9_ADJ_b,M,P,les jouets avec la bougie qui étaient là depuis hier ne sont pas très noirs <eos>,14,noirs,noires,12,F,S,noirs,-9.7323265,noires,-12.636004,1
10983,P_NOUN_9_ADJ_b,M,P,les jouets avec la bougie qui étaient là depuis hier ne sont pas très délicats <eos>,14,délicats,délicates,12,F,S,délicats,-7.1431694,délicates,-10.463782,1
10984,P_NOUN_9_ADJ_b,M,P,les jouets avec la bougie qui étaient là depuis hier ne sont pas très pointus <eos>,14,pointus,pointues,12,F,S,pointus,-9.733881,pointues,-11.55751,1
10985,P_NOUN_9_ADJ_b,M,P,les jouets avec la bougie qui étaient là depuis hier ne sont pas très ronds <eos>,14,ronds,rondes,12,F,S,ronds,-10.7371025,rondes,-13.417864,1
10986,P_NOUN_9_ADJ_b,M,P,les jouets avec la bougie qui étaient là depuis hier ne sont pas très froids <eos>,14,froids,froides,12,F,S,froids,-8.746317,froides,-7.806165,0
10987,P_NOUN_9_ADJ_b,M,P,les jouets avec la bougie qui étaient là depuis hier ne sont pas très chauds <eos>,14,chauds,chaudes,12,F,S,chauds,-6.749878,chaudes,-10.04909,1
10988,P_NOUN_9_ADJ_b,M,P,les jouets avec la bougie qui étaient là depuis hier ne sont pas très importants <eos>,14,importants,importantes,12,F,S,importants,-5.7080626,importantes,-8.616005,1
10989,P_NOUN_9_ADJ_b,M,P,les jouets avec la bougie qui étaient là depuis hier ne sont pas très courts <eos>,14,courts,courtes,12,F,S,courts,-6.2560873,courtes,-9.841922,1
10990,P_NOUN_9_ADJ_b,M,P,les jouets avec la bougie qui étaient là depuis hier ne sont pas très durs <eos>,14,durs,dures,12,F,S,durs,-4.8697515,dures,-8.182991,1
10991,P_NOUN_9_ADJ_b,M,P,les jouets avec la bougie qui étaient là depuis hier ne sont pas très clairs <eos>,14,clairs,claires,12,F,S,clairs,-4.512327,claires,-7.2916927,1
10992,P_NOUN_9_ADJ_b,M,P,les jouets avec la bougie qui étaient là depuis hier ne sont pas très intéressants <eos>,14,intéressants,intéressantes,12,F,S,intéressants,-5.6462064,intéressantes,-8.663326,1
10993,P_NOUN_9_ADJ_b,M,P,les jouets avec la bougie qui étaient là depuis hier ne sont pas très brillants <eos>,14,brillants,brillantes,12,F,S,brillants,-6.668799,brillantes,-9.928358,1
10994,P_NOUN_9_ADJ_b,M,P,les jouets avec la bougie qui étaient là depuis hier ne sont pas très compliqués <eos>,14,compliqués,compliquées,12,F,S,compliqués,-5.2519846,compliquées,-9.08836,1
10995,P_NOUN_9_ADJ_b,M,P,les jouets avec la pochette qui étaient là depuis hier ne sont pas très verts <eos>,14,verts,vertes,12,F,S,verts,-8.356401,vertes,-13.08173,1
10996,P_NOUN_9_ADJ_b,M,P,les jouets avec la pochette qui étaient là depuis hier ne sont pas très bleus <eos>,14,bleus,bleues,12,F,S,bleus,-10.061962,bleues,-13.397112,1
10997,P_NOUN_9_ADJ_b,M,P,les jouets avec la pochette qui étaient là depuis hier ne sont pas très noirs <eos>,14,noirs,noires,12,F,S,noirs,-9.887412,noires,-12.47324,1
10998,P_NOUN_9_ADJ_b,M,P,les jouets avec la pochette qui étaient là depuis hier ne sont pas très délicats <eos>,14,délicats,délicates,12,F,S,délicats,-7.585857,délicates,-10.263998,1
10999,P_NOUN_9_ADJ_b,M,P,les jouets avec la pochette qui étaient là depuis hier ne sont pas très pointus <eos>,14,pointus,pointues,12,F,S,pointus,-9.837,pointues,-11.6966915,1
11000,P_NOUN_9_ADJ_b,M,P,les jouets avec la pochette qui étaient là depuis hier ne sont pas très ronds <eos>,14,ronds,rondes,12,F,S,ronds,-10.279728,rondes,-13.045502,1
11001,P_NOUN_9_ADJ_b,M,P,les jouets avec la pochette qui étaient là depuis hier ne sont pas très froids <eos>,14,froids,froides,12,F,S,froids,-9.821169,froides,-8.766083,0
11002,P_NOUN_9_ADJ_b,M,P,les jouets avec la pochette qui étaient là depuis hier ne sont pas très chauds <eos>,14,chauds,chaudes,12,F,S,chauds,-8.338343,chaudes,-11.280426,1
11003,P_NOUN_9_ADJ_b,M,P,les jouets avec la pochette qui étaient là depuis hier ne sont pas très importants <eos>,14,importants,importantes,12,F,S,importants,-5.8510447,importantes,-8.994284,1
11004,P_NOUN_9_ADJ_b,M,P,les jouets avec la pochette qui étaient là depuis hier ne sont pas très courts <eos>,14,courts,courtes,12,F,S,courts,-5.7816663,courtes,-9.303648,1
11005,P_NOUN_9_ADJ_b,M,P,les jouets avec la pochette qui étaient là depuis hier ne sont pas très durs <eos>,14,durs,dures,12,F,S,durs,-5.513877,dures,-8.736214,1
11006,P_NOUN_9_ADJ_b,M,P,les jouets avec la pochette qui étaient là depuis hier ne sont pas très clairs <eos>,14,clairs,claires,12,F,S,clairs,-4.622965,claires,-7.053239,1
11007,P_NOUN_9_ADJ_b,M,P,les jouets avec la pochette qui étaient là depuis hier ne sont pas très intéressants <eos>,14,intéressants,intéressantes,12,F,S,intéressants,-5.196207,intéressantes,-8.772941,1
11008,P_NOUN_9_ADJ_b,M,P,les jouets avec la pochette qui étaient là depuis hier ne sont pas très brillants <eos>,14,brillants,brillantes,12,F,S,brillants,-7.364055,brillantes,-10.065693,1
11009,P_NOUN_9_ADJ_b,M,P,les jouets avec la pochette qui étaient là depuis hier ne sont pas très compliqués <eos>,14,compliqués,compliquées,12,F,S,compliqués,-5.3007946,compliquées,-8.772986,1
11010,P_NOUN_9_ADJ_b,M,P,les jouets avec la banane qui étaient là depuis hier ne sont pas très verts <eos>,14,verts,vertes,12,F,S,verts,-8.202789,vertes,-13.14168,1
11011,P_NOUN_9_ADJ_b,M,P,les jouets avec la banane qui étaient là depuis hier ne sont pas très bleus <eos>,14,bleus,bleues,12,F,S,bleus,-9.999322,bleues,-13.924505,1
11012,P_NOUN_9_ADJ_b,M,P,les jouets avec la banane qui étaient là depuis hier ne sont pas très noirs <eos>,14,noirs,noires,12,F,S,noirs,-9.71426,noires,-12.891129,1
11013,P_NOUN_9_ADJ_b,M,P,les jouets avec la banane qui étaient là depuis hier ne sont pas très délicats <eos>,14,délicats,délicates,12,F,S,délicats,-6.9519296,délicates,-10.31373,1
11014,P_NOUN_9_ADJ_b,M,P,les jouets avec la banane qui étaient là depuis hier ne sont pas très pointus <eos>,14,pointus,pointues,12,F,S,pointus,-9.861666,pointues,-12.124119,1
11015,P_NOUN_9_ADJ_b,M,P,les jouets avec la banane qui étaient là depuis hier ne sont pas très ronds <eos>,14,ronds,rondes,12,F,S,ronds,-10.321265,rondes,-13.72059,1
11016,P_NOUN_9_ADJ_b,M,P,les jouets avec la banane qui étaient là depuis hier ne sont pas très froids <eos>,14,froids,froides,12,F,S,froids,-8.05714,froides,-8.205288,1
11017,P_NOUN_9_ADJ_b,M,P,les jouets avec la banane qui étaient là depuis hier ne sont pas très chauds <eos>,14,chauds,chaudes,12,F,S,chauds,-7.035759,chaudes,-9.648223,1
11018,P_NOUN_9_ADJ_b,M,P,les jouets avec la banane qui étaient là depuis hier ne sont pas très importants <eos>,14,importants,importantes,12,F,S,importants,-5.3496914,importantes,-8.192596,1
11019,P_NOUN_9_ADJ_b,M,P,les jouets avec la banane qui étaient là depuis hier ne sont pas très courts <eos>,14,courts,courtes,12,F,S,courts,-6.174713,courtes,-10.159845,1
11020,P_NOUN_9_ADJ_b,M,P,les jouets avec la banane qui étaient là depuis hier ne sont pas très durs <eos>,14,durs,dures,12,F,S,durs,-5.1182146,dures,-7.755368,1
11021,P_NOUN_9_ADJ_b,M,P,les jouets avec la banane qui étaient là depuis hier ne sont pas très clairs <eos>,14,clairs,claires,12,F,S,clairs,-4.515499,claires,-7.2057495,1
11022,P_NOUN_9_ADJ_b,M,P,les jouets avec la banane qui étaient là depuis hier ne sont pas très intéressants <eos>,14,intéressants,intéressantes,12,F,S,intéressants,-5.876644,intéressantes,-8.675375,1
11023,P_NOUN_9_ADJ_b,M,P,les jouets avec la banane qui étaient là depuis hier ne sont pas très brillants <eos>,14,brillants,brillantes,12,F,S,brillants,-6.851816,brillantes,-9.718965,1
11024,P_NOUN_9_ADJ_b,M,P,les jouets avec la banane qui étaient là depuis hier ne sont pas très compliqués <eos>,14,compliqués,compliquées,12,F,S,compliqués,-5.57191,compliquées,-9.570931,1
11025,P_NOUN_9_ADJ_b,M,P,les jouets avec la robe qui étaient là depuis hier ne sont pas très verts <eos>,14,verts,vertes,12,F,S,verts,-7.899106,vertes,-12.798672,1
11026,P_NOUN_9_ADJ_b,M,P,les jouets avec la robe qui étaient là depuis hier ne sont pas très bleus <eos>,14,bleus,bleues,12,F,S,bleus,-8.943933,bleues,-13.053108,1
11027,P_NOUN_9_ADJ_b,M,P,les jouets avec la robe qui étaient là depuis hier ne sont pas très noirs <eos>,14,noirs,noires,12,F,S,noirs,-9.088322,noires,-12.07991,1
11028,P_NOUN_9_ADJ_b,M,P,les jouets avec la robe qui étaient là depuis hier ne sont pas très délicats <eos>,14,délicats,délicates,12,F,S,délicats,-7.6749234,délicates,-10.746222,1
11029,P_NOUN_9_ADJ_b,M,P,les jouets avec la robe qui étaient là depuis hier ne sont pas très pointus <eos>,14,pointus,pointues,12,F,S,pointus,-9.912983,pointues,-11.818789,1
11030,P_NOUN_9_ADJ_b,M,P,les jouets avec la robe qui étaient là depuis hier ne sont pas très ronds <eos>,14,ronds,rondes,12,F,S,ronds,-10.79229,rondes,-13.267305,1
11031,P_NOUN_9_ADJ_b,M,P,les jouets avec la robe qui étaient là depuis hier ne sont pas très froids <eos>,14,froids,froides,12,F,S,froids,-8.828871,froides,-7.9843907,0
11032,P_NOUN_9_ADJ_b,M,P,les jouets avec la robe qui étaient là depuis hier ne sont pas très chauds <eos>,14,chauds,chaudes,12,F,S,chauds,-6.643098,chaudes,-10.22484,1
11033,P_NOUN_9_ADJ_b,M,P,les jouets avec la robe qui étaient là depuis hier ne sont pas très importants <eos>,14,importants,importantes,12,F,S,importants,-5.8049746,importantes,-8.494398,1
11034,P_NOUN_9_ADJ_b,M,P,les jouets avec la robe qui étaient là depuis hier ne sont pas très courts <eos>,14,courts,courtes,12,F,S,courts,-6.2552023,courtes,-9.463663,1
11035,P_NOUN_9_ADJ_b,M,P,les jouets avec la robe qui étaient là depuis hier ne sont pas très durs <eos>,14,durs,dures,12,F,S,durs,-5.319508,dures,-8.248375,1
11036,P_NOUN_9_ADJ_b,M,P,les jouets avec la robe qui étaient là depuis hier ne sont pas très clairs <eos>,14,clairs,claires,12,F,S,clairs,-3.5783334,claires,-7.0723586,1
11037,P_NOUN_9_ADJ_b,M,P,les jouets avec la robe qui étaient là depuis hier ne sont pas très intéressants <eos>,14,intéressants,intéressantes,12,F,S,intéressants,-5.99459,intéressantes,-8.922412,1
11038,P_NOUN_9_ADJ_b,M,P,les jouets avec la robe qui étaient là depuis hier ne sont pas très brillants <eos>,14,brillants,brillantes,12,F,S,brillants,-6.815462,brillantes,-9.587168,1
11039,P_NOUN_9_ADJ_b,M,P,les jouets avec la robe qui étaient là depuis hier ne sont pas très compliqués <eos>,14,compliqués,compliquées,12,F,S,compliqués,-5.5743227,compliquées,-9.509008,1
11040,P_NOUN_9_ADJ_b,M,P,les jouets avec la valise qui étaient là depuis hier ne sont pas très verts <eos>,14,verts,vertes,12,F,S,verts,-8.207714,vertes,-12.869351,1
11041,P_NOUN_9_ADJ_b,M,P,les jouets avec la valise qui étaient là depuis hier ne sont pas très bleus <eos>,14,bleus,bleues,12,F,S,bleus,-9.4284935,bleues,-13.616453,1
11042,P_NOUN_9_ADJ_b,M,P,les jouets avec la valise qui étaient là depuis hier ne sont pas très noirs <eos>,14,noirs,noires,12,F,S,noirs,-9.787767,noires,-12.502785,1
11043,P_NOUN_9_ADJ_b,M,P,les jouets avec la valise qui étaient là depuis hier ne sont pas très délicats <eos>,14,délicats,délicates,12,F,S,délicats,-7.787079,délicates,-10.321929,1
11044,P_NOUN_9_ADJ_b,M,P,les jouets avec la valise qui étaient là depuis hier ne sont pas très pointus <eos>,14,pointus,pointues,12,F,S,pointus,-9.414398,pointues,-11.792221,1
11045,P_NOUN_9_ADJ_b,M,P,les jouets avec la valise qui étaient là depuis hier ne sont pas très ronds <eos>,14,ronds,rondes,12,F,S,ronds,-11.4253645,rondes,-13.658987,1
11046,P_NOUN_9_ADJ_b,M,P,les jouets avec la valise qui étaient là depuis hier ne sont pas très froids <eos>,14,froids,froides,12,F,S,froids,-9.58004,froides,-8.358592,0
11047,P_NOUN_9_ADJ_b,M,P,les jouets avec la valise qui étaient là depuis hier ne sont pas très chauds <eos>,14,chauds,chaudes,12,F,S,chauds,-7.307084,chaudes,-10.878949,1
11048,P_NOUN_9_ADJ_b,M,P,les jouets avec la valise qui étaient là depuis hier ne sont pas très importants <eos>,14,importants,importantes,12,F,S,importants,-5.860504,importantes,-8.783722,1
11049,P_NOUN_9_ADJ_b,M,P,les jouets avec la valise qui étaient là depuis hier ne sont pas très courts <eos>,14,courts,courtes,12,F,S,courts,-6.4707894,courtes,-9.723553,1
11050,P_NOUN_9_ADJ_b,M,P,les jouets avec la valise qui étaient là depuis hier ne sont pas très durs <eos>,14,durs,dures,12,F,S,durs,-5.220807,dures,-8.845168,1
11051,P_NOUN_9_ADJ_b,M,P,les jouets avec la valise qui étaient là depuis hier ne sont pas très clairs <eos>,14,clairs,claires,12,F,S,clairs,-4.7650003,claires,-7.775917,1
11052,P_NOUN_9_ADJ_b,M,P,les jouets avec la valise qui étaient là depuis hier ne sont pas très intéressants <eos>,14,intéressants,intéressantes,12,F,S,intéressants,-5.0146527,intéressantes,-8.834085,1
11053,P_NOUN_9_ADJ_b,M,P,les jouets avec la valise qui étaient là depuis hier ne sont pas très brillants <eos>,14,brillants,brillantes,12,F,S,brillants,-7.0420737,brillantes,-10.45858,1
11054,P_NOUN_9_ADJ_b,M,P,les jouets avec la valise qui étaient là depuis hier ne sont pas très compliqués <eos>,14,compliqués,compliquées,12,F,S,compliqués,-5.17271,compliquées,-8.901773,1
11055,P_NOUN_9_ADJ_b,M,P,les jouets avec la pendule qui étaient là depuis hier ne sont pas très verts <eos>,14,verts,vertes,12,F,S,verts,-7.901273,vertes,-12.961891,1
11056,P_NOUN_9_ADJ_b,M,P,les jouets avec la pendule qui étaient là depuis hier ne sont pas très bleus <eos>,14,bleus,bleues,12,F,S,bleus,-9.989465,bleues,-13.845393,1
11057,P_NOUN_9_ADJ_b,M,P,les jouets avec la pendule qui étaient là depuis hier ne sont pas très noirs <eos>,14,noirs,noires,12,F,S,noirs,-10.221286,noires,-12.837144,1
11058,P_NOUN_9_ADJ_b,M,P,les jouets avec la pendule qui étaient là depuis hier ne sont pas très délicats <eos>,14,délicats,délicates,12,F,S,délicats,-7.537882,délicates,-10.882441,1
11059,P_NOUN_9_ADJ_b,M,P,les jouets avec la pendule qui étaient là depuis hier ne sont pas très pointus <eos>,14,pointus,pointues,12,F,S,pointus,-9.24221,pointues,-11.399934,1
11060,P_NOUN_9_ADJ_b,M,P,les jouets avec la pendule qui étaient là depuis hier ne sont pas très ronds <eos>,14,ronds,rondes,12,F,S,ronds,-10.940476,rondes,-13.500233,1
11061,P_NOUN_9_ADJ_b,M,P,les jouets avec la pendule qui étaient là depuis hier ne sont pas très froids <eos>,14,froids,froides,12,F,S,froids,-9.205055,froides,-8.051169,0
11062,P_NOUN_9_ADJ_b,M,P,les jouets avec la pendule qui étaient là depuis hier ne sont pas très chauds <eos>,14,chauds,chaudes,12,F,S,chauds,-6.6378827,chaudes,-10.48284,1
11063,P_NOUN_9_ADJ_b,M,P,les jouets avec la pendule qui étaient là depuis hier ne sont pas très importants <eos>,14,importants,importantes,12,F,S,importants,-5.8579793,importantes,-8.763718,1
11064,P_NOUN_9_ADJ_b,M,P,les jouets avec la pendule qui étaient là depuis hier ne sont pas très courts <eos>,14,courts,courtes,12,F,S,courts,-6.191162,courtes,-9.579679,1
11065,P_NOUN_9_ADJ_b,M,P,les jouets avec la pendule qui étaient là depuis hier ne sont pas très durs <eos>,14,durs,dures,12,F,S,durs,-4.81151,dures,-8.558386,1
11066,P_NOUN_9_ADJ_b,M,P,les jouets avec la pendule qui étaient là depuis hier ne sont pas très clairs <eos>,14,clairs,claires,12,F,S,clairs,-4.808572,claires,-7.7850275,1
11067,P_NOUN_9_ADJ_b,M,P,les jouets avec la pendule qui étaient là depuis hier ne sont pas très intéressants <eos>,14,intéressants,intéressantes,12,F,S,intéressants,-5.6361666,intéressantes,-8.730844,1
11068,P_NOUN_9_ADJ_b,M,P,les jouets avec la pendule qui étaient là depuis hier ne sont pas très brillants <eos>,14,brillants,brillantes,12,F,S,brillants,-6.7695093,brillantes,-9.966448,1
11069,P_NOUN_9_ADJ_b,M,P,les jouets avec la pendule qui étaient là depuis hier ne sont pas très compliqués <eos>,14,compliqués,compliquées,12,F,S,compliqués,-4.9904428,compliquées,-9.00774,1
11070,P_NOUN_9_ADJ_b,M,P,les jouets avec la cloche qui étaient là depuis hier ne sont pas très verts <eos>,14,verts,vertes,12,F,S,verts,-7.950957,vertes,-13.308582,1
11071,P_NOUN_9_ADJ_b,M,P,les jouets avec la cloche qui étaient là depuis hier ne sont pas très bleus <eos>,14,bleus,bleues,12,F,S,bleus,-9.783589,bleues,-13.903453,1
11072,P_NOUN_9_ADJ_b,M,P,les jouets avec la cloche qui étaient là depuis hier ne sont pas très noirs <eos>,14,noirs,noires,12,F,S,noirs,-9.904559,noires,-12.766184,1
11073,P_NOUN_9_ADJ_b,M,P,les jouets avec la cloche qui étaient là depuis hier ne sont pas très délicats <eos>,14,délicats,délicates,12,F,S,délicats,-7.2773447,délicates,-10.483593,1
11074,P_NOUN_9_ADJ_b,M,P,les jouets avec la cloche qui étaient là depuis hier ne sont pas très pointus <eos>,14,pointus,pointues,12,F,S,pointus,-9.700644,pointues,-11.665355,1
11075,P_NOUN_9_ADJ_b,M,P,les jouets avec la cloche qui étaient là depuis hier ne sont pas très ronds <eos>,14,ronds,rondes,12,F,S,ronds,-10.471551,rondes,-13.244218,1
11076,P_NOUN_9_ADJ_b,M,P,les jouets avec la cloche qui étaient là depuis hier ne sont pas très froids <eos>,14,froids,froides,12,F,S,froids,-9.325647,froides,-8.753952,0
11077,P_NOUN_9_ADJ_b,M,P,les jouets avec la cloche qui étaient là depuis hier ne sont pas très chauds <eos>,14,chauds,chaudes,12,F,S,chauds,-7.274541,chaudes,-10.595414,1
11078,P_NOUN_9_ADJ_b,M,P,les jouets avec la cloche qui étaient là depuis hier ne sont pas très importants <eos>,14,importants,importantes,12,F,S,importants,-5.5083847,importantes,-8.594333,1
11079,P_NOUN_9_ADJ_b,M,P,les jouets avec la cloche qui étaient là depuis hier ne sont pas très courts <eos>,14,courts,courtes,12,F,S,courts,-6.126906,courtes,-9.700623,1
11080,P_NOUN_9_ADJ_b,M,P,les jouets avec la cloche qui étaient là depuis hier ne sont pas très durs <eos>,14,durs,dures,12,F,S,durs,-5.1016655,dures,-8.454633,1
11081,P_NOUN_9_ADJ_b,M,P,les jouets avec la cloche qui étaient là depuis hier ne sont pas très clairs <eos>,14,clairs,claires,12,F,S,clairs,-4.2452984,claires,-7.600272,1
11082,P_NOUN_9_ADJ_b,M,P,les jouets avec la cloche qui étaient là depuis hier ne sont pas très intéressants <eos>,14,intéressants,intéressantes,12,F,S,intéressants,-5.188817,intéressantes,-8.512623,1
11083,P_NOUN_9_ADJ_b,M,P,les jouets avec la cloche qui étaient là depuis hier ne sont pas très brillants <eos>,14,brillants,brillantes,12,F,S,brillants,-6.753538,brillantes,-10.105055,1
11084,P_NOUN_9_ADJ_b,M,P,les jouets avec la cloche qui étaient là depuis hier ne sont pas très compliqués <eos>,14,compliqués,compliquées,12,F,S,compliqués,-5.241989,compliquées,-8.999718,1
11085,P_NOUN_9_ADJ_b,M,P,les jouets avec la cerise qui étaient là depuis hier ne sont pas très verts <eos>,14,verts,vertes,12,F,S,verts,-7.9773707,vertes,-12.87661,1
11086,P_NOUN_9_ADJ_b,M,P,les jouets avec la cerise qui étaient là depuis hier ne sont pas très bleus <eos>,14,bleus,bleues,12,F,S,bleus,-9.901365,bleues,-14.121109,1
11087,P_NOUN_9_ADJ_b,M,P,les jouets avec la cerise qui étaient là depuis hier ne sont pas très noirs <eos>,14,noirs,noires,12,F,S,noirs,-9.839743,noires,-12.922231,1
11088,P_NOUN_9_ADJ_b,M,P,les jouets avec la cerise qui étaient là depuis hier ne sont pas très délicats <eos>,14,délicats,délicates,12,F,S,délicats,-6.714511,délicates,-10.227626,1
11089,P_NOUN_9_ADJ_b,M,P,les jouets avec la cerise qui étaient là depuis hier ne sont pas très pointus <eos>,14,pointus,pointues,12,F,S,pointus,-10.166325,pointues,-12.175074,1
11090,P_NOUN_9_ADJ_b,M,P,les jouets avec la cerise qui étaient là depuis hier ne sont pas très ronds <eos>,14,ronds,rondes,12,F,S,ronds,-10.231743,rondes,-13.697735,1
11091,P_NOUN_9_ADJ_b,M,P,les jouets avec la cerise qui étaient là depuis hier ne sont pas très froids <eos>,14,froids,froides,12,F,S,froids,-8.038346,froides,-7.83492,0
11092,P_NOUN_9_ADJ_b,M,P,les jouets avec la cerise qui étaient là depuis hier ne sont pas très chauds <eos>,14,chauds,chaudes,12,F,S,chauds,-6.5483513,chaudes,-9.603442,1
11093,P_NOUN_9_ADJ_b,M,P,les jouets avec la cerise qui étaient là depuis hier ne sont pas très importants <eos>,14,importants,importantes,12,F,S,importants,-5.5809956,importantes,-8.356165,1
11094,P_NOUN_9_ADJ_b,M,P,les jouets avec la cerise qui étaient là depuis hier ne sont pas très courts <eos>,14,courts,courtes,12,F,S,courts,-6.682891,courtes,-10.674585,1
11095,P_NOUN_9_ADJ_b,M,P,les jouets avec la cerise qui étaient là depuis hier ne sont pas très durs <eos>,14,durs,dures,12,F,S,durs,-5.0850363,dures,-8.21092,1
11096,P_NOUN_9_ADJ_b,M,P,les jouets avec la cerise qui étaient là depuis hier ne sont pas très clairs <eos>,14,clairs,claires,12,F,S,clairs,-4.7059336,claires,-7.2808228,1
11097,P_NOUN_9_ADJ_b,M,P,les jouets avec la cerise qui étaient là depuis hier ne sont pas très intéressants <eos>,14,intéressants,intéressantes,12,F,S,intéressants,-5.901451,intéressantes,-8.53218,1
11098,P_NOUN_9_ADJ_b,M,P,les jouets avec la cerise qui étaient là depuis hier ne sont pas très brillants <eos>,14,brillants,brillantes,12,F,S,brillants,-6.5619106,brillantes,-9.782337,1
11099,P_NOUN_9_ADJ_b,M,P,les jouets avec la cerise qui étaient là depuis hier ne sont pas très compliqués <eos>,14,compliqués,compliquées,12,F,S,compliqués,-5.6091537,compliquées,-9.685415,1
11100,P_NOUN_9_ADJ_b,M,P,les clous avec la gemme qui étaient là depuis hier ne sont pas très verts <eos>,14,verts,vertes,12,F,S,verts,-8.035411,vertes,-13.111075,1
11101,P_NOUN_9_ADJ_b,M,P,les clous avec la gemme qui étaient là depuis hier ne sont pas très bleus <eos>,14,bleus,bleues,12,F,S,bleus,-9.783782,bleues,-13.954301,1
11102,P_NOUN_9_ADJ_b,M,P,les clous avec la gemme qui étaient là depuis hier ne sont pas très noirs <eos>,14,noirs,noires,12,F,S,noirs,-9.734555,noires,-12.097209,1
11103,P_NOUN_9_ADJ_b,M,P,les clous avec la gemme qui étaient là depuis hier ne sont pas très délicats <eos>,14,délicats,délicates,12,F,S,délicats,-6.812314,délicates,-10.56953,1
11104,P_NOUN_9_ADJ_b,M,P,les clous avec la gemme qui étaient là depuis hier ne sont pas très pointus <eos>,14,pointus,pointues,12,F,S,pointus,-9.581446,pointues,-11.54937,1
11105,P_NOUN_9_ADJ_b,M,P,les clous avec la gemme qui étaient là depuis hier ne sont pas très ronds <eos>,14,ronds,rondes,12,F,S,ronds,-9.6718235,rondes,-12.665079,1
11106,P_NOUN_9_ADJ_b,M,P,les clous avec la gemme qui étaient là depuis hier ne sont pas très froids <eos>,14,froids,froides,12,F,S,froids,-8.125158,froides,-8.60775,1
11107,P_NOUN_9_ADJ_b,M,P,les clous avec la gemme qui étaient là depuis hier ne sont pas très chauds <eos>,14,chauds,chaudes,12,F,S,chauds,-6.5064993,chaudes,-9.312553,1
11108,P_NOUN_9_ADJ_b,M,P,les clous avec la gemme qui étaient là depuis hier ne sont pas très importants <eos>,14,importants,importantes,12,F,S,importants,-5.3844776,importantes,-8.053072,1
11109,P_NOUN_9_ADJ_b,M,P,les clous avec la gemme qui étaient là depuis hier ne sont pas très courts <eos>,14,courts,courtes,12,F,S,courts,-5.781972,courtes,-9.5970955,1
11110,P_NOUN_9_ADJ_b,M,P,les clous avec la gemme qui étaient là depuis hier ne sont pas très durs <eos>,14,durs,dures,12,F,S,durs,-4.87466,dures,-6.8193307,1
11111,P_NOUN_9_ADJ_b,M,P,les clous avec la gemme qui étaient là depuis hier ne sont pas très clairs <eos>,14,clairs,claires,12,F,S,clairs,-4.061718,claires,-7.2244625,1
11112,P_NOUN_9_ADJ_b,M,P,les clous avec la gemme qui étaient là depuis hier ne sont pas très intéressants <eos>,14,intéressants,intéressantes,12,F,S,intéressants,-6.143218,intéressantes,-9.248718,1
11113,P_NOUN_9_ADJ_b,M,P,les clous avec la gemme qui étaient là depuis hier ne sont pas très brillants <eos>,14,brillants,brillantes,12,F,S,brillants,-6.295339,brillantes,-9.720194,1
11114,P_NOUN_9_ADJ_b,M,P,les clous avec la gemme qui étaient là depuis hier ne sont pas très compliqués <eos>,14,compliqués,compliquées,12,F,S,compliqués,-5.8931623,compliquées,-9.600895,1
11115,P_NOUN_9_ADJ_b,M,P,les clous avec la chaise qui étaient là depuis hier ne sont pas très verts <eos>,14,verts,vertes,12,F,S,verts,-8.527567,vertes,-13.537937,1
11116,P_NOUN_9_ADJ_b,M,P,les clous avec la chaise qui étaient là depuis hier ne sont pas très bleus <eos>,14,bleus,bleues,12,F,S,bleus,-9.971413,bleues,-14.188223,1
11117,P_NOUN_9_ADJ_b,M,P,les clous avec la chaise qui étaient là depuis hier ne sont pas très noirs <eos>,14,noirs,noires,12,F,S,noirs,-9.693718,noires,-12.2349205,1
11118,P_NOUN_9_ADJ_b,M,P,les clous avec la chaise qui étaient là depuis hier ne sont pas très délicats <eos>,14,délicats,délicates,12,F,S,délicats,-7.2816105,délicates,-10.963149,1
11119,P_NOUN_9_ADJ_b,M,P,les clous avec la chaise qui étaient là depuis hier ne sont pas très pointus <eos>,14,pointus,pointues,12,F,S,pointus,-9.448664,pointues,-11.162422,1
11120,P_NOUN_9_ADJ_b,M,P,les clous avec la chaise qui étaient là depuis hier ne sont pas très ronds <eos>,14,ronds,rondes,12,F,S,ronds,-9.19446,rondes,-11.872324,1
11121,P_NOUN_9_ADJ_b,M,P,les clous avec la chaise qui étaient là depuis hier ne sont pas très froids <eos>,14,froids,froides,12,F,S,froids,-8.920793,froides,-9.419051,1
11122,P_NOUN_9_ADJ_b,M,P,les clous avec la chaise qui étaient là depuis hier ne sont pas très chauds <eos>,14,chauds,chaudes,12,F,S,chauds,-7.2343144,chaudes,-10.436094,1
11123,P_NOUN_9_ADJ_b,M,P,les clous avec la chaise qui étaient là depuis hier ne sont pas très importants <eos>,14,importants,importantes,12,F,S,importants,-5.716161,importantes,-8.687564,1
11124,P_NOUN_9_ADJ_b,M,P,les clous avec la chaise qui étaient là depuis hier ne sont pas très courts <eos>,14,courts,courtes,12,F,S,courts,-5.6085134,courtes,-9.158207,1
11125,P_NOUN_9_ADJ_b,M,P,les clous avec la chaise qui étaient là depuis hier ne sont pas très durs <eos>,14,durs,dures,12,F,S,durs,-4.6941833,dures,-7.398222,1
11126,P_NOUN_9_ADJ_b,M,P,les clous avec la chaise qui étaient là depuis hier ne sont pas très clairs <eos>,14,clairs,claires,12,F,S,clairs,-4.6633406,claires,-7.763693,1
11127,P_NOUN_9_ADJ_b,M,P,les clous avec la chaise qui étaient là depuis hier ne sont pas très intéressants <eos>,14,intéressants,intéressantes,12,F,S,intéressants,-6.2979045,intéressantes,-9.741331,1
11128,P_NOUN_9_ADJ_b,M,P,les clous avec la chaise qui étaient là depuis hier ne sont pas très brillants <eos>,14,brillants,brillantes,12,F,S,brillants,-6.9056277,brillantes,-10.228649,1
11129,P_NOUN_9_ADJ_b,M,P,les clous avec la chaise qui étaient là depuis hier ne sont pas très compliqués <eos>,14,compliqués,compliquées,12,F,S,compliqués,-5.82694,compliquées,-9.338686,1
11130,P_NOUN_9_ADJ_b,M,P,les clous avec la poubelle qui étaient là depuis hier ne sont pas très verts <eos>,14,verts,vertes,12,F,S,verts,-8.338109,vertes,-13.145752,1
11131,P_NOUN_9_ADJ_b,M,P,les clous avec la poubelle qui étaient là depuis hier ne sont pas très bleus <eos>,14,bleus,bleues,12,F,S,bleus,-10.019913,bleues,-14.048762,1
11132,P_NOUN_9_ADJ_b,M,P,les clous avec la poubelle qui étaient là depuis hier ne sont pas très noirs <eos>,14,noirs,noires,12,F,S,noirs,-9.810253,noires,-12.194983,1
11133,P_NOUN_9_ADJ_b,M,P,les clous avec la poubelle qui étaient là depuis hier ne sont pas très délicats <eos>,14,délicats,délicates,12,F,S,délicats,-7.1650014,délicates,-10.949163,1
11134,P_NOUN_9_ADJ_b,M,P,les clous avec la poubelle qui étaient là depuis hier ne sont pas très pointus <eos>,14,pointus,pointues,12,F,S,pointus,-9.619874,pointues,-11.446625,1
11135,P_NOUN_9_ADJ_b,M,P,les clous avec la poubelle qui étaient là depuis hier ne sont pas très ronds <eos>,14,ronds,rondes,12,F,S,ronds,-9.945069,rondes,-12.451718,1
11136,P_NOUN_9_ADJ_b,M,P,les clous avec la poubelle qui étaient là depuis hier ne sont pas très froids <eos>,14,froids,froides,12,F,S,froids,-8.575315,froides,-8.6314945,1
11137,P_NOUN_9_ADJ_b,M,P,les clous avec la poubelle qui étaient là depuis hier ne sont pas très chauds <eos>,14,chauds,chaudes,12,F,S,chauds,-6.762229,chaudes,-9.935917,1
11138,P_NOUN_9_ADJ_b,M,P,les clous avec la poubelle qui étaient là depuis hier ne sont pas très importants <eos>,14,importants,importantes,12,F,S,importants,-5.7511683,importantes,-8.544264,1
11139,P_NOUN_9_ADJ_b,M,P,les clous avec la poubelle qui étaient là depuis hier ne sont pas très courts <eos>,14,courts,courtes,12,F,S,courts,-5.808069,courtes,-9.3502035,1
11140,P_NOUN_9_ADJ_b,M,P,les clous avec la poubelle qui étaient là depuis hier ne sont pas très durs <eos>,14,durs,dures,12,F,S,durs,-4.6709023,dures,-7.4138947,1
11141,P_NOUN_9_ADJ_b,M,P,les clous avec la poubelle qui étaient là depuis hier ne sont pas très clairs <eos>,14,clairs,claires,12,F,S,clairs,-4.6601477,claires,-7.5860615,1
11142,P_NOUN_9_ADJ_b,M,P,les clous avec la poubelle qui étaient là depuis hier ne sont pas très intéressants <eos>,14,intéressants,intéressantes,12,F,S,intéressants,-6.1733646,intéressantes,-9.424433,1
11143,P_NOUN_9_ADJ_b,M,P,les clous avec la poubelle qui étaient là depuis hier ne sont pas très brillants <eos>,14,brillants,brillantes,12,F,S,brillants,-6.9705486,brillantes,-10.349275,1
11144,P_NOUN_9_ADJ_b,M,P,les clous avec la poubelle qui étaient là depuis hier ne sont pas très compliqués <eos>,14,compliqués,compliquées,12,F,S,compliqués,-5.7318735,compliquées,-9.429263,1
11145,P_NOUN_9_ADJ_b,M,P,les clous avec la chemise qui étaient là depuis hier ne sont pas très verts <eos>,14,verts,vertes,12,F,S,verts,-8.320327,vertes,-13.279249,1
11146,P_NOUN_9_ADJ_b,M,P,les clous avec la chemise qui étaient là depuis hier ne sont pas très bleus <eos>,14,bleus,bleues,12,F,S,bleus,-9.503349,bleues,-13.9108925,1
11147,P_NOUN_9_ADJ_b,M,P,les clous avec la chemise qui étaient là depuis hier ne sont pas très noirs <eos>,14,noirs,noires,12,F,S,noirs,-9.423431,noires,-12.036926,1
11148,P_NOUN_9_ADJ_b,M,P,les clous avec la chemise qui étaient là depuis hier ne sont pas très délicats <eos>,14,délicats,délicates,12,F,S,délicats,-7.2764306,délicates,-11.030426,1
11149,P_NOUN_9_ADJ_b,M,P,les clous avec la chemise qui étaient là depuis hier ne sont pas très pointus <eos>,14,pointus,pointues,12,F,S,pointus,-9.308814,pointues,-11.35702,1
11150,P_NOUN_9_ADJ_b,M,P,les clous avec la chemise qui étaient là depuis hier ne sont pas très ronds <eos>,14,ronds,rondes,12,F,S,ronds,-9.549385,rondes,-12.104557,1
11151,P_NOUN_9_ADJ_b,M,P,les clous avec la chemise qui étaient là depuis hier ne sont pas très froids <eos>,14,froids,froides,12,F,S,froids,-8.752822,froides,-9.172868,1
11152,P_NOUN_9_ADJ_b,M,P,les clous avec la chemise qui étaient là depuis hier ne sont pas très chauds <eos>,14,chauds,chaudes,12,F,S,chauds,-6.7374153,chaudes,-10.382,1
11153,P_NOUN_9_ADJ_b,M,P,les clous avec la chemise qui étaient là depuis hier ne sont pas très importants <eos>,14,importants,importantes,12,F,S,importants,-5.792556,importantes,-8.641641,1
11154,P_NOUN_9_ADJ_b,M,P,les clous avec la chemise qui étaient là depuis hier ne sont pas très courts <eos>,14,courts,courtes,12,F,S,courts,-5.5445275,courtes,-9.052248,1
11155,P_NOUN_9_ADJ_b,M,P,les clous avec la chemise qui étaient là depuis hier ne sont pas très durs <eos>,14,durs,dures,12,F,S,durs,-4.763092,dures,-7.3203564,1
11156,P_NOUN_9_ADJ_b,M,P,les clous avec la chemise qui étaient là depuis hier ne sont pas très clairs <eos>,14,clairs,claires,12,F,S,clairs,-4.311765,claires,-7.8421407,1
11157,P_NOUN_9_ADJ_b,M,P,les clous avec la chemise qui étaient là depuis hier ne sont pas très intéressants <eos>,14,intéressants,intéressantes,12,F,S,intéressants,-6.3915296,intéressantes,-9.834501,1
11158,P_NOUN_9_ADJ_b,M,P,les clous avec la chemise qui étaient là depuis hier ne sont pas très brillants <eos>,14,brillants,brillantes,12,F,S,brillants,-6.8087797,brillantes,-10.427756,1
11159,P_NOUN_9_ADJ_b,M,P,les clous avec la chemise qui étaient là depuis hier ne sont pas très compliqués <eos>,14,compliqués,compliquées,12,F,S,compliqués,-6.1668854,compliquées,-9.667122,1
11160,P_NOUN_9_ADJ_b,M,P,les clous avec la recette qui étaient là depuis hier ne sont pas très verts <eos>,14,verts,vertes,12,F,S,verts,-8.862474,vertes,-13.303856,1
11161,P_NOUN_9_ADJ_b,M,P,les clous avec la recette qui étaient là depuis hier ne sont pas très bleus <eos>,14,bleus,bleues,12,F,S,bleus,-10.397028,bleues,-14.575352,1
11162,P_NOUN_9_ADJ_b,M,P,les clous avec la recette qui étaient là depuis hier ne sont pas très noirs <eos>,14,noirs,noires,12,F,S,noirs,-10.559995,noires,-12.971707,1
11163,P_NOUN_9_ADJ_b,M,P,les clous avec la recette qui étaient là depuis hier ne sont pas très délicats <eos>,14,délicats,délicates,12,F,S,délicats,-6.780878,délicates,-10.402818,1
11164,P_NOUN_9_ADJ_b,M,P,les clous avec la recette qui étaient là depuis hier ne sont pas très pointus <eos>,14,pointus,pointues,12,F,S,pointus,-10.506093,pointues,-12.012223,1
11165,P_NOUN_9_ADJ_b,M,P,les clous avec la recette qui étaient là depuis hier ne sont pas très ronds <eos>,14,ronds,rondes,12,F,S,ronds,-10.12668,rondes,-12.788952,1
11166,P_NOUN_9_ADJ_b,M,P,les clous avec la recette qui étaient là depuis hier ne sont pas très froids <eos>,14,froids,froides,12,F,S,froids,-8.273915,froides,-8.471306,1
11167,P_NOUN_9_ADJ_b,M,P,les clous avec la recette qui étaient là depuis hier ne sont pas très chauds <eos>,14,chauds,chaudes,12,F,S,chauds,-6.503255,chaudes,-9.213704,1
11168,P_NOUN_9_ADJ_b,M,P,les clous avec la recette qui étaient là depuis hier ne sont pas très importants <eos>,14,importants,importantes,12,F,S,importants,-5.3943167,importantes,-7.39627,1
11169,P_NOUN_9_ADJ_b,M,P,les clous avec la recette qui étaient là depuis hier ne sont pas très courts <eos>,14,courts,courtes,12,F,S,courts,-6.494833,courtes,-9.328263,1
11170,P_NOUN_9_ADJ_b,M,P,les clous avec la recette qui étaient là depuis hier ne sont pas très durs <eos>,14,durs,dures,12,F,S,durs,-4.8967924,dures,-7.056121,1
11171,P_NOUN_9_ADJ_b,M,P,les clous avec la recette qui étaient là depuis hier ne sont pas très clairs <eos>,14,clairs,claires,12,F,S,clairs,-5.054558,claires,-7.2546473,1
11172,P_NOUN_9_ADJ_b,M,P,les clous avec la recette qui étaient là depuis hier ne sont pas très intéressants <eos>,14,intéressants,intéressantes,12,F,S,intéressants,-6.327191,intéressantes,-8.631681,1
11173,P_NOUN_9_ADJ_b,M,P,les clous avec la recette qui étaient là depuis hier ne sont pas très brillants <eos>,14,brillants,brillantes,12,F,S,brillants,-7.1589518,brillantes,-9.863883,1
11174,P_NOUN_9_ADJ_b,M,P,les clous avec la recette qui étaient là depuis hier ne sont pas très compliqués <eos>,14,compliqués,compliquées,12,F,S,compliqués,-6.0978227,compliquées,-9.430681,1
11175,P_NOUN_9_ADJ_b,M,P,les clous avec la jupe qui étaient là depuis hier ne sont pas très verts <eos>,14,verts,vertes,12,F,S,verts,-8.347654,vertes,-12.994504,1
11176,P_NOUN_9_ADJ_b,M,P,les clous avec la jupe qui étaient là depuis hier ne sont pas très bleus <eos>,14,bleus,bleues,12,F,S,bleus,-9.736588,bleues,-13.683138,1
11177,P_NOUN_9_ADJ_b,M,P,les clous avec la jupe qui étaient là depuis hier ne sont pas très noirs <eos>,14,noirs,noires,12,F,S,noirs,-9.597824,noires,-11.947895,1
11178,P_NOUN_9_ADJ_b,M,P,les clous avec la jupe qui étaient là depuis hier ne sont pas très délicats <eos>,14,délicats,délicates,12,F,S,délicats,-6.999073,délicates,-10.659342,1
11179,P_NOUN_9_ADJ_b,M,P,les clous avec la jupe qui étaient là depuis hier ne sont pas très pointus <eos>,14,pointus,pointues,12,F,S,pointus,-9.4105835,pointues,-11.367751,1
11180,P_NOUN_9_ADJ_b,M,P,les clous avec la jupe qui étaient là depuis hier ne sont pas très ronds <eos>,14,ronds,rondes,12,F,S,ronds,-9.255655,rondes,-12.078016,1
11181,P_NOUN_9_ADJ_b,M,P,les clous avec la jupe qui étaient là depuis hier ne sont pas très froids <eos>,14,froids,froides,12,F,S,froids,-9.025565,froides,-9.041266,1
11182,P_NOUN_9_ADJ_b,M,P,les clous avec la jupe qui étaient là depuis hier ne sont pas très chauds <eos>,14,chauds,chaudes,12,F,S,chauds,-7.0030823,chaudes,-10.073861,1
11183,P_NOUN_9_ADJ_b,M,P,les clous avec la jupe qui étaient là depuis hier ne sont pas très importants <eos>,14,importants,importantes,12,F,S,importants,-5.7347164,importantes,-8.261666,1
11184,P_NOUN_9_ADJ_b,M,P,les clous avec la jupe qui étaient là depuis hier ne sont pas très courts <eos>,14,courts,courtes,12,F,S,courts,-5.6456513,courtes,-8.922918,1
11185,P_NOUN_9_ADJ_b,M,P,les clous avec la jupe qui étaient là depuis hier ne sont pas très durs <eos>,14,durs,dures,12,F,S,durs,-4.845197,dures,-7.3662934,1
11186,P_NOUN_9_ADJ_b,M,P,les clous avec la jupe qui étaient là depuis hier ne sont pas très clairs <eos>,14,clairs,claires,12,F,S,clairs,-4.1811714,claires,-7.311496,1
11187,P_NOUN_9_ADJ_b,M,P,les clous avec la jupe qui étaient là depuis hier ne sont pas très intéressants <eos>,14,intéressants,intéressantes,12,F,S,intéressants,-6.3751926,intéressantes,-9.44854,1
11188,P_NOUN_9_ADJ_b,M,P,les clous avec la jupe qui étaient là depuis hier ne sont pas très brillants <eos>,14,brillants,brillantes,12,F,S,brillants,-6.927204,brillantes,-10.125847,1
11189,P_NOUN_9_ADJ_b,M,P,les clous avec la jupe qui étaient là depuis hier ne sont pas très compliqués <eos>,14,compliqués,compliquées,12,F,S,compliqués,-5.9889774,compliquées,-9.435694,1
11190,P_NOUN_9_ADJ_b,M,P,les clous avec la colle qui étaient là depuis hier ne sont pas très verts <eos>,14,verts,vertes,12,F,S,verts,-8.366512,vertes,-13.110023,1
11191,P_NOUN_9_ADJ_b,M,P,les clous avec la colle qui étaient là depuis hier ne sont pas très bleus <eos>,14,bleus,bleues,12,F,S,bleus,-10.193042,bleues,-14.277361,1
11192,P_NOUN_9_ADJ_b,M,P,les clous avec la colle qui étaient là depuis hier ne sont pas très noirs <eos>,14,noirs,noires,12,F,S,noirs,-10.074792,noires,-12.246063,1
11193,P_NOUN_9_ADJ_b,M,P,les clous avec la colle qui étaient là depuis hier ne sont pas très délicats <eos>,14,délicats,délicates,12,F,S,délicats,-6.951251,délicates,-11.052224,1
11194,P_NOUN_9_ADJ_b,M,P,les clous avec la colle qui étaient là depuis hier ne sont pas très pointus <eos>,14,pointus,pointues,12,F,S,pointus,-9.861109,pointues,-11.718764,1
11195,P_NOUN_9_ADJ_b,M,P,les clous avec la colle qui étaient là depuis hier ne sont pas très ronds <eos>,14,ronds,rondes,12,F,S,ronds,-9.961115,rondes,-12.680496,1
11196,P_NOUN_9_ADJ_b,M,P,les clous avec la colle qui étaient là depuis hier ne sont pas très froids <eos>,14,froids,froides,12,F,S,froids,-8.560821,froides,-8.524805,0
11197,P_NOUN_9_ADJ_b,M,P,les clous avec la colle qui étaient là depuis hier ne sont pas très chauds <eos>,14,chauds,chaudes,12,F,S,chauds,-6.425902,chaudes,-9.285862,1
11198,P_NOUN_9_ADJ_b,M,P,les clous avec la colle qui étaient là depuis hier ne sont pas très importants <eos>,14,importants,importantes,12,F,S,importants,-5.673812,importantes,-8.017688,1
11199,P_NOUN_9_ADJ_b,M,P,les clous avec la colle qui étaient là depuis hier ne sont pas très courts <eos>,14,courts,courtes,12,F,S,courts,-6.067205,courtes,-9.6237545,1
11200,P_NOUN_9_ADJ_b,M,P,les clous avec la colle qui étaient là depuis hier ne sont pas très durs <eos>,14,durs,dures,12,F,S,durs,-4.586211,dures,-6.7985315,1
11201,P_NOUN_9_ADJ_b,M,P,les clous avec la colle qui étaient là depuis hier ne sont pas très clairs <eos>,14,clairs,claires,12,F,S,clairs,-4.817134,claires,-7.1868668,1
11202,P_NOUN_9_ADJ_b,M,P,les clous avec la colle qui étaient là depuis hier ne sont pas très intéressants <eos>,14,intéressants,intéressantes,12,F,S,intéressants,-6.468997,intéressantes,-9.228013,1
11203,P_NOUN_9_ADJ_b,M,P,les clous avec la colle qui étaient là depuis hier ne sont pas très brillants <eos>,14,brillants,brillantes,12,F,S,brillants,-6.7220526,brillantes,-10.127875,1
11204,P_NOUN_9_ADJ_b,M,P,les clous avec la colle qui étaient là depuis hier ne sont pas très compliqués <eos>,14,compliqués,compliquées,12,F,S,compliqués,-6.172348,compliquées,-10.035368,1
11205,P_NOUN_9_ADJ_b,M,P,les clous avec la lampe qui étaient là depuis hier ne sont pas très verts <eos>,14,verts,vertes,12,F,S,verts,-8.40868,vertes,-12.73291,1
11206,P_NOUN_9_ADJ_b,M,P,les clous avec la lampe qui étaient là depuis hier ne sont pas très bleus <eos>,14,bleus,bleues,12,F,S,bleus,-10.17744,bleues,-13.656836,1
11207,P_NOUN_9_ADJ_b,M,P,les clous avec la lampe qui étaient là depuis hier ne sont pas très noirs <eos>,14,noirs,noires,12,F,S,noirs,-10.132777,noires,-12.10028,1
11208,P_NOUN_9_ADJ_b,M,P,les clous avec la lampe qui étaient là depuis hier ne sont pas très délicats <eos>,14,délicats,délicates,12,F,S,délicats,-6.975423,délicates,-10.6177,1
11209,P_NOUN_9_ADJ_b,M,P,les clous avec la lampe qui étaient là depuis hier ne sont pas très pointus <eos>,14,pointus,pointues,12,F,S,pointus,-9.693575,pointues,-11.214061,1
11210,P_NOUN_9_ADJ_b,M,P,les clous avec la lampe qui étaient là depuis hier ne sont pas très ronds <eos>,14,ronds,rondes,12,F,S,ronds,-9.869326,rondes,-12.5231285,1
11211,P_NOUN_9_ADJ_b,M,P,les clous avec la lampe qui étaient là depuis hier ne sont pas très froids <eos>,14,froids,froides,12,F,S,froids,-8.509272,froides,-8.37551,0
11212,P_NOUN_9_ADJ_b,M,P,les clous avec la lampe qui étaient là depuis hier ne sont pas très chauds <eos>,14,chauds,chaudes,12,F,S,chauds,-6.40754,chaudes,-9.36549,1
11213,P_NOUN_9_ADJ_b,M,P,les clous avec la lampe qui étaient là depuis hier ne sont pas très importants <eos>,14,importants,importantes,12,F,S,importants,-5.5974445,importantes,-7.8409834,1
11214,P_NOUN_9_ADJ_b,M,P,les clous avec la lampe qui étaient là depuis hier ne sont pas très courts <eos>,14,courts,courtes,12,F,S,courts,-6.0129623,courtes,-8.966681,1
11215,P_NOUN_9_ADJ_b,M,P,les clous avec la lampe qui étaient là depuis hier ne sont pas très durs <eos>,14,durs,dures,12,F,S,durs,-4.370057,dures,-7.0677605,1
11216,P_NOUN_9_ADJ_b,M,P,les clous avec la lampe qui étaient là depuis hier ne sont pas très clairs <eos>,14,clairs,claires,12,F,S,clairs,-4.510454,claires,-7.1048775,1
11217,P_NOUN_9_ADJ_b,M,P,les clous avec la lampe qui étaient là depuis hier ne sont pas très intéressants <eos>,14,intéressants,intéressantes,12,F,S,intéressants,-6.1040487,intéressantes,-8.854698,1
11218,P_NOUN_9_ADJ_b,M,P,les clous avec la lampe qui étaient là depuis hier ne sont pas très brillants <eos>,14,brillants,brillantes,12,F,S,brillants,-6.4411535,brillantes,-9.335579,1
11219,P_NOUN_9_ADJ_b,M,P,les clous avec la lampe qui étaient là depuis hier ne sont pas très compliqués <eos>,14,compliqués,compliquées,12,F,S,compliqués,-5.636176,compliquées,-9.419198,1
11220,P_NOUN_9_ADJ_b,M,P,les clous avec la bouteille qui étaient là depuis hier ne sont pas très verts <eos>,14,verts,vertes,12,F,S,verts,-8.342102,vertes,-13.172505,1
11221,P_NOUN_9_ADJ_b,M,P,les clous avec la bouteille qui étaient là depuis hier ne sont pas très bleus <eos>,14,bleus,bleues,12,F,S,bleus,-9.912222,bleues,-14.099925,1
11222,P_NOUN_9_ADJ_b,M,P,les clous avec la bouteille qui étaient là depuis hier ne sont pas très noirs <eos>,14,noirs,noires,12,F,S,noirs,-9.708165,noires,-12.176945,1
11223,P_NOUN_9_ADJ_b,M,P,les clous avec la bouteille qui étaient là depuis hier ne sont pas très délicats <eos>,14,délicats,délicates,12,F,S,délicats,-6.4221487,délicates,-10.36021,1
11224,P_NOUN_9_ADJ_b,M,P,les clous avec la bouteille qui étaient là depuis hier ne sont pas très pointus <eos>,14,pointus,pointues,12,F,S,pointus,-10.125171,pointues,-11.723279,1
11225,P_NOUN_9_ADJ_b,M,P,les clous avec la bouteille qui étaient là depuis hier ne sont pas très ronds <eos>,14,ronds,rondes,12,F,S,ronds,-9.740369,rondes,-12.657481,1
11226,P_NOUN_9_ADJ_b,M,P,les clous avec la bouteille qui étaient là depuis hier ne sont pas très froids <eos>,14,froids,froides,12,F,S,froids,-8.154871,froides,-7.8482156,0
11227,P_NOUN_9_ADJ_b,M,P,les clous avec la bouteille qui étaient là depuis hier ne sont pas très chauds <eos>,14,chauds,chaudes,12,F,S,chauds,-6.522395,chaudes,-8.97643,1
11228,P_NOUN_9_ADJ_b,M,P,les clous avec la bouteille qui étaient là depuis hier ne sont pas très importants <eos>,14,importants,importantes,12,F,S,importants,-5.327773,importantes,-7.564394,1
11229,P_NOUN_9_ADJ_b,M,P,les clous avec la bouteille qui étaient là depuis hier ne sont pas très courts <eos>,14,courts,courtes,12,F,S,courts,-5.9359818,courtes,-9.582214,1
11230,P_NOUN_9_ADJ_b,M,P,les clous avec la bouteille qui étaient là depuis hier ne sont pas très durs <eos>,14,durs,dures,12,F,S,durs,-4.769211,dures,-7.104103,1
11231,P_NOUN_9_ADJ_b,M,P,les clous avec la bouteille qui étaient là depuis hier ne sont pas très clairs <eos>,14,clairs,claires,12,F,S,clairs,-5.0985546,claires,-7.1915293,1
11232,P_NOUN_9_ADJ_b,M,P,les clous avec la bouteille qui étaient là depuis hier ne sont pas très intéressants <eos>,14,intéressants,intéressantes,12,F,S,intéressants,-6.264457,intéressantes,-8.87944,1
11233,P_NOUN_9_ADJ_b,M,P,les clous avec la bouteille qui étaient là depuis hier ne sont pas très brillants <eos>,14,brillants,brillantes,12,F,S,brillants,-7.0063186,brillantes,-10.090178,1
11234,P_NOUN_9_ADJ_b,M,P,les clous avec la bouteille qui étaient là depuis hier ne sont pas très compliqués <eos>,14,compliqués,compliquées,12,F,S,compliqués,-6.1904454,compliquées,-9.818975,1
11235,P_NOUN_9_ADJ_b,M,P,les clous avec la boisson qui étaient là depuis hier ne sont pas très verts <eos>,14,verts,vertes,12,F,S,verts,-8.096317,vertes,-13.201263,1
11236,P_NOUN_9_ADJ_b,M,P,les clous avec la boisson qui étaient là depuis hier ne sont pas très bleus <eos>,14,bleus,bleues,12,F,S,bleus,-10.076452,bleues,-14.263741,1
11237,P_NOUN_9_ADJ_b,M,P,les clous avec la boisson qui étaient là depuis hier ne sont pas très noirs <eos>,14,noirs,noires,12,F,S,noirs,-9.966974,noires,-12.433813,1
11238,P_NOUN_9_ADJ_b,M,P,les clous avec la boisson qui étaient là depuis hier ne sont pas très délicats <eos>,14,délicats,délicates,12,F,S,délicats,-6.6394176,délicates,-10.583533,1
11239,P_NOUN_9_ADJ_b,M,P,les clous avec la boisson qui étaient là depuis hier ne sont pas très pointus <eos>,14,pointus,pointues,12,F,S,pointus,-10.449478,pointues,-12.1733265,1
11240,P_NOUN_9_ADJ_b,M,P,les clous avec la boisson qui étaient là depuis hier ne sont pas très ronds <eos>,14,ronds,rondes,12,F,S,ronds,-10.040752,rondes,-12.733549,1
11241,P_NOUN_9_ADJ_b,M,P,les clous avec la boisson qui étaient là depuis hier ne sont pas très froids <eos>,14,froids,froides,12,F,S,froids,-8.007282,froides,-8.218231,1
11242,P_NOUN_9_ADJ_b,M,P,les clous avec la boisson qui étaient là depuis hier ne sont pas très chauds <eos>,14,chauds,chaudes,12,F,S,chauds,-6.3671875,chaudes,-9.005338,1
11243,P_NOUN_9_ADJ_b,M,P,les clous avec la boisson qui étaient là depuis hier ne sont pas très importants <eos>,14,importants,importantes,12,F,S,importants,-5.292498,importantes,-7.603564,1
11244,P_NOUN_9_ADJ_b,M,P,les clous avec la boisson qui étaient là depuis hier ne sont pas très courts <eos>,14,courts,courtes,12,F,S,courts,-6.401325,courtes,-10.040416,1
11245,P_NOUN_9_ADJ_b,M,P,les clous avec la boisson qui étaient là depuis hier ne sont pas très durs <eos>,14,durs,dures,12,F,S,durs,-5.1005054,dures,-6.7343564,1
11246,P_NOUN_9_ADJ_b,M,P,les clous avec la boisson qui étaient là depuis hier ne sont pas très clairs <eos>,14,clairs,claires,12,F,S,clairs,-4.9795365,claires,-7.1874757,1
11247,P_NOUN_9_ADJ_b,M,P,les clous avec la boisson qui étaient là depuis hier ne sont pas très intéressants <eos>,14,intéressants,intéressantes,12,F,S,intéressants,-6.382925,intéressantes,-9.169819,1
11248,P_NOUN_9_ADJ_b,M,P,les clous avec la boisson qui étaient là depuis hier ne sont pas très brillants <eos>,14,brillants,brillantes,12,F,S,brillants,-7.061946,brillantes,-10.249404,1
11249,P_NOUN_9_ADJ_b,M,P,les clous avec la boisson qui étaient là depuis hier ne sont pas très compliqués <eos>,14,compliqués,compliquées,12,F,S,compliqués,-6.4990196,compliquées,-10.356502,1
11250,P_NOUN_9_ADJ_b,M,P,les clous avec la pomme qui étaient là depuis hier ne sont pas très verts <eos>,14,verts,vertes,12,F,S,verts,-8.553928,vertes,-13.459425,1
11251,P_NOUN_9_ADJ_b,M,P,les clous avec la pomme qui étaient là depuis hier ne sont pas très bleus <eos>,14,bleus,bleues,12,F,S,bleus,-10.244017,bleues,-14.560307,1
11252,P_NOUN_9_ADJ_b,M,P,les clous avec la pomme qui étaient là depuis hier ne sont pas très noirs <eos>,14,noirs,noires,12,F,S,noirs,-9.794647,noires,-12.477528,1
11253,P_NOUN_9_ADJ_b,M,P,les clous avec la pomme qui étaient là depuis hier ne sont pas très délicats <eos>,14,délicats,délicates,12,F,S,délicats,-6.6490173,délicates,-10.906723,1
11254,P_NOUN_9_ADJ_b,M,P,les clous avec la pomme qui étaient là depuis hier ne sont pas très pointus <eos>,14,pointus,pointues,12,F,S,pointus,-9.933268,pointues,-11.773352,1
11255,P_NOUN_9_ADJ_b,M,P,les clous avec la pomme qui étaient là depuis hier ne sont pas très ronds <eos>,14,ronds,rondes,12,F,S,ronds,-9.606563,rondes,-12.733026,1
11256,P_NOUN_9_ADJ_b,M,P,les clous avec la pomme qui étaient là depuis hier ne sont pas très froids <eos>,14,froids,froides,12,F,S,froids,-8.456638,froides,-8.703866,1
11257,P_NOUN_9_ADJ_b,M,P,les clous avec la pomme qui étaient là depuis hier ne sont pas très chauds <eos>,14,chauds,chaudes,12,F,S,chauds,-6.5425053,chaudes,-9.548983,1
11258,P_NOUN_9_ADJ_b,M,P,les clous avec la pomme qui étaient là depuis hier ne sont pas très importants <eos>,14,importants,importantes,12,F,S,importants,-5.2505884,importantes,-7.9173136,1
11259,P_NOUN_9_ADJ_b,M,P,les clous avec la pomme qui étaient là depuis hier ne sont pas très courts <eos>,14,courts,courtes,12,F,S,courts,-6.0686574,courtes,-9.729734,1
11260,P_NOUN_9_ADJ_b,M,P,les clous avec la pomme qui étaient là depuis hier ne sont pas très durs <eos>,14,durs,dures,12,F,S,durs,-4.5495377,dures,-6.8654118,1
11261,P_NOUN_9_ADJ_b,M,P,les clous avec la pomme qui étaient là depuis hier ne sont pas très clairs <eos>,14,clairs,claires,12,F,S,clairs,-4.666458,claires,-7.5401907,1
11262,P_NOUN_9_ADJ_b,M,P,les clous avec la pomme qui étaient là depuis hier ne sont pas très intéressants <eos>,14,intéressants,intéressantes,12,F,S,intéressants,-6.1275635,intéressantes,-9.036201,1
11263,P_NOUN_9_ADJ_b,M,P,les clous avec la pomme qui étaient là depuis hier ne sont pas très brillants <eos>,14,brillants,brillantes,12,F,S,brillants,-6.8262644,brillantes,-10.017972,1
11264,P_NOUN_9_ADJ_b,M,P,les clous avec la pomme qui étaient là depuis hier ne sont pas très compliqués <eos>,14,compliqués,compliquées,12,F,S,compliqués,-6.154413,compliquées,-9.872731,1
11265,P_NOUN_9_ADJ_b,M,P,les clous avec la tasse qui étaient là depuis hier ne sont pas très verts <eos>,14,verts,vertes,12,F,S,verts,-7.949892,vertes,-12.900651,1
11266,P_NOUN_9_ADJ_b,M,P,les clous avec la tasse qui étaient là depuis hier ne sont pas très bleus <eos>,14,bleus,bleues,12,F,S,bleus,-9.402765,bleues,-13.68013,1
11267,P_NOUN_9_ADJ_b,M,P,les clous avec la tasse qui étaient là depuis hier ne sont pas très noirs <eos>,14,noirs,noires,12,F,S,noirs,-9.181028,noires,-11.838161,1
11268,P_NOUN_9_ADJ_b,M,P,les clous avec la tasse qui étaient là depuis hier ne sont pas très délicats <eos>,14,délicats,délicates,12,F,S,délicats,-6.750217,délicates,-9.762735,1
11269,P_NOUN_9_ADJ_b,M,P,les clous avec la tasse qui étaient là depuis hier ne sont pas très pointus <eos>,14,pointus,pointues,12,F,S,pointus,-10.095098,pointues,-11.872678,1
11270,P_NOUN_9_ADJ_b,M,P,les clous avec la tasse qui étaient là depuis hier ne sont pas très ronds <eos>,14,ronds,rondes,12,F,S,ronds,-9.433411,rondes,-12.17732,1
11271,P_NOUN_9_ADJ_b,M,P,les clous avec la tasse qui étaient là depuis hier ne sont pas très froids <eos>,14,froids,froides,12,F,S,froids,-7.8441935,froides,-7.915681,1
11272,P_NOUN_9_ADJ_b,M,P,les clous avec la tasse qui étaient là depuis hier ne sont pas très chauds <eos>,14,chauds,chaudes,12,F,S,chauds,-6.3662395,chaudes,-8.722352,1
11273,P_NOUN_9_ADJ_b,M,P,les clous avec la tasse qui étaient là depuis hier ne sont pas très importants <eos>,14,importants,importantes,12,F,S,importants,-5.268962,importantes,-7.6196756,1
11274,P_NOUN_9_ADJ_b,M,P,les clous avec la tasse qui étaient là depuis hier ne sont pas très courts <eos>,14,courts,courtes,12,F,S,courts,-6.10188,courtes,-9.981176,1
11275,P_NOUN_9_ADJ_b,M,P,les clous avec la tasse qui étaient là depuis hier ne sont pas très durs <eos>,14,durs,dures,12,F,S,durs,-5.2007065,dures,-7.5215063,1
11276,P_NOUN_9_ADJ_b,M,P,les clous avec la tasse qui étaient là depuis hier ne sont pas très clairs <eos>,14,clairs,claires,12,F,S,clairs,-4.626191,claires,-6.934044,1
11277,P_NOUN_9_ADJ_b,M,P,les clous avec la tasse qui étaient là depuis hier ne sont pas très intéressants <eos>,14,intéressants,intéressantes,12,F,S,intéressants,-6.2994823,intéressantes,-9.446837,1
11278,P_NOUN_9_ADJ_b,M,P,les clous avec la tasse qui étaient là depuis hier ne sont pas très brillants <eos>,14,brillants,brillantes,12,F,S,brillants,-7.0691767,brillantes,-10.281195,1
11279,P_NOUN_9_ADJ_b,M,P,les clous avec la tasse qui étaient là depuis hier ne sont pas très compliqués <eos>,14,compliqués,compliquées,12,F,S,compliqués,-6.301697,compliquées,-10.317175,1
11280,P_NOUN_9_ADJ_b,M,P,les clous avec la bougie qui étaient là depuis hier ne sont pas très verts <eos>,14,verts,vertes,12,F,S,verts,-8.527712,vertes,-13.355272,1
11281,P_NOUN_9_ADJ_b,M,P,les clous avec la bougie qui étaient là depuis hier ne sont pas très bleus <eos>,14,bleus,bleues,12,F,S,bleus,-9.9930725,bleues,-14.077279,1
11282,P_NOUN_9_ADJ_b,M,P,les clous avec la bougie qui étaient là depuis hier ne sont pas très noirs <eos>,14,noirs,noires,12,F,S,noirs,-9.793117,noires,-12.416529,1
11283,P_NOUN_9_ADJ_b,M,P,les clous avec la bougie qui étaient là depuis hier ne sont pas très délicats <eos>,14,délicats,délicates,12,F,S,délicats,-6.784012,délicates,-10.549629,1
11284,P_NOUN_9_ADJ_b,M,P,les clous avec la bougie qui étaient là depuis hier ne sont pas très pointus <eos>,14,pointus,pointues,12,F,S,pointus,-9.935664,pointues,-11.533061,1
11285,P_NOUN_9_ADJ_b,M,P,les clous avec la bougie qui étaient là depuis hier ne sont pas très ronds <eos>,14,ronds,rondes,12,F,S,ronds,-9.88295,rondes,-12.715971,1
11286,P_NOUN_9_ADJ_b,M,P,les clous avec la bougie qui étaient là depuis hier ne sont pas très froids <eos>,14,froids,froides,12,F,S,froids,-8.15372,froides,-8.1771345,1
11287,P_NOUN_9_ADJ_b,M,P,les clous avec la bougie qui étaient là depuis hier ne sont pas très chauds <eos>,14,chauds,chaudes,12,F,S,chauds,-6.483365,chaudes,-9.396703,1
11288,P_NOUN_9_ADJ_b,M,P,les clous avec la bougie qui étaient là depuis hier ne sont pas très importants <eos>,14,importants,importantes,12,F,S,importants,-5.4843225,importantes,-8.053894,1
11289,P_NOUN_9_ADJ_b,M,P,les clous avec la bougie qui étaient là depuis hier ne sont pas très courts <eos>,14,courts,courtes,12,F,S,courts,-5.8686666,courtes,-9.362936,1
11290,P_NOUN_9_ADJ_b,M,P,les clous avec la bougie qui étaient là depuis hier ne sont pas très durs <eos>,14,durs,dures,12,F,S,durs,-4.326795,dures,-6.8989367,1
11291,P_NOUN_9_ADJ_b,M,P,les clous avec la bougie qui étaient là depuis hier ne sont pas très clairs <eos>,14,clairs,claires,12,F,S,clairs,-4.6265697,claires,-7.4014473,1
11292,P_NOUN_9_ADJ_b,M,P,les clous avec la bougie qui étaient là depuis hier ne sont pas très intéressants <eos>,14,intéressants,intéressantes,12,F,S,intéressants,-6.204721,intéressantes,-9.101774,1
11293,P_NOUN_9_ADJ_b,M,P,les clous avec la bougie qui étaient là depuis hier ne sont pas très brillants <eos>,14,brillants,brillantes,12,F,S,brillants,-6.51513,brillantes,-9.919339,1
11294,P_NOUN_9_ADJ_b,M,P,les clous avec la bougie qui étaient là depuis hier ne sont pas très compliqués <eos>,14,compliqués,compliquées,12,F,S,compliqués,-5.823802,compliquées,-9.366471,1
11295,P_NOUN_9_ADJ_b,M,P,les clous avec la pochette qui étaient là depuis hier ne sont pas très verts <eos>,14,verts,vertes,12,F,S,verts,-8.029364,vertes,-12.541147,1
11296,P_NOUN_9_ADJ_b,M,P,les clous avec la pochette qui étaient là depuis hier ne sont pas très bleus <eos>,14,bleus,bleues,12,F,S,bleus,-9.386209,bleues,-12.80762,1
11297,P_NOUN_9_ADJ_b,M,P,les clous avec la pochette qui étaient là depuis hier ne sont pas très noirs <eos>,14,noirs,noires,12,F,S,noirs,-9.271136,noires,-11.716966,1
11298,P_NOUN_9_ADJ_b,M,P,les clous avec la pochette qui étaient là depuis hier ne sont pas très délicats <eos>,14,délicats,délicates,12,F,S,délicats,-7.354997,délicates,-10.179981,1
11299,P_NOUN_9_ADJ_b,M,P,les clous avec la pochette qui étaient là depuis hier ne sont pas très pointus <eos>,14,pointus,pointues,12,F,S,pointus,-9.978231,pointues,-11.656132,1
11300,P_NOUN_9_ADJ_b,M,P,les clous avec la pochette qui étaient là depuis hier ne sont pas très ronds <eos>,14,ronds,rondes,12,F,S,ronds,-9.3299465,rondes,-12.5068,1
11301,P_NOUN_9_ADJ_b,M,P,les clous avec la pochette qui étaient là depuis hier ne sont pas très froids <eos>,14,froids,froides,12,F,S,froids,-9.7488785,froides,-8.779385,0
11302,P_NOUN_9_ADJ_b,M,P,les clous avec la pochette qui étaient là depuis hier ne sont pas très chauds <eos>,14,chauds,chaudes,12,F,S,chauds,-8.006178,chaudes,-10.473475,1
11303,P_NOUN_9_ADJ_b,M,P,les clous avec la pochette qui étaient là depuis hier ne sont pas très importants <eos>,14,importants,importantes,12,F,S,importants,-5.9661727,importantes,-8.59837,1
11304,P_NOUN_9_ADJ_b,M,P,les clous avec la pochette qui étaient là depuis hier ne sont pas très courts <eos>,14,courts,courtes,12,F,S,courts,-5.7177353,courtes,-8.99659,1
11305,P_NOUN_9_ADJ_b,M,P,les clous avec la pochette qui étaient là depuis hier ne sont pas très durs <eos>,14,durs,dures,12,F,S,durs,-5.445587,dures,-8.251372,1
11306,P_NOUN_9_ADJ_b,M,P,les clous avec la pochette qui étaient là depuis hier ne sont pas très clairs <eos>,14,clairs,claires,12,F,S,clairs,-4.409451,claires,-6.7900443,1
11307,P_NOUN_9_ADJ_b,M,P,les clous avec la pochette qui étaient là depuis hier ne sont pas très intéressants <eos>,14,intéressants,intéressantes,12,F,S,intéressants,-5.6904545,intéressantes,-9.013114,1
11308,P_NOUN_9_ADJ_b,M,P,les clous avec la pochette qui étaient là depuis hier ne sont pas très brillants <eos>,14,brillants,brillantes,12,F,S,brillants,-7.186203,brillantes,-9.995098,1
11309,P_NOUN_9_ADJ_b,M,P,les clous avec la pochette qui étaient là depuis hier ne sont pas très compliqués <eos>,14,compliqués,compliquées,12,F,S,compliqués,-5.9065514,compliquées,-8.949622,1
11310,P_NOUN_9_ADJ_b,M,P,les clous avec la banane qui étaient là depuis hier ne sont pas très verts <eos>,14,verts,vertes,12,F,S,verts,-8.168889,vertes,-12.986312,1
11311,P_NOUN_9_ADJ_b,M,P,les clous avec la banane qui étaient là depuis hier ne sont pas très bleus <eos>,14,bleus,bleues,12,F,S,bleus,-9.839493,bleues,-13.796995,1
11312,P_NOUN_9_ADJ_b,M,P,les clous avec la banane qui étaient là depuis hier ne sont pas très noirs <eos>,14,noirs,noires,12,F,S,noirs,-9.420117,noires,-12.203019,1
11313,P_NOUN_9_ADJ_b,M,P,les clous avec la banane qui étaient là depuis hier ne sont pas très délicats <eos>,14,délicats,délicates,12,F,S,délicats,-6.795988,délicates,-10.452668,1
11314,P_NOUN_9_ADJ_b,M,P,les clous avec la banane qui étaient là depuis hier ne sont pas très pointus <eos>,14,pointus,pointues,12,F,S,pointus,-9.913785,pointues,-12.095569,1
11315,P_NOUN_9_ADJ_b,M,P,les clous avec la banane qui étaient là depuis hier ne sont pas très ronds <eos>,14,ronds,rondes,12,F,S,ronds,-9.496704,rondes,-12.988672,1
11316,P_NOUN_9_ADJ_b,M,P,les clous avec la banane qui étaient là depuis hier ne sont pas très froids <eos>,14,froids,froides,12,F,S,froids,-7.8518677,froides,-8.539696,1
11317,P_NOUN_9_ADJ_b,M,P,les clous avec la banane qui étaient là depuis hier ne sont pas très chauds <eos>,14,chauds,chaudes,12,F,S,chauds,-6.710534,chaudes,-9.18608,1
11318,P_NOUN_9_ADJ_b,M,P,les clous avec la banane qui étaient là depuis hier ne sont pas très importants <eos>,14,importants,importantes,12,F,S,importants,-5.2776833,importantes,-7.857131,1
11319,P_NOUN_9_ADJ_b,M,P,les clous avec la banane qui étaient là depuis hier ne sont pas très courts <eos>,14,courts,courtes,12,F,S,courts,-5.865581,courtes,-9.881866,1
11320,P_NOUN_9_ADJ_b,M,P,les clous avec la banane qui étaient là depuis hier ne sont pas très durs <eos>,14,durs,dures,12,F,S,durs,-4.6833563,dures,-6.497345,1
11321,P_NOUN_9_ADJ_b,M,P,les clous avec la banane qui étaient là depuis hier ne sont pas très clairs <eos>,14,clairs,claires,12,F,S,clairs,-4.164997,claires,-7.2234592,1
11322,P_NOUN_9_ADJ_b,M,P,les clous avec la banane qui étaient là depuis hier ne sont pas très intéressants <eos>,14,intéressants,intéressantes,12,F,S,intéressants,-6.294786,intéressantes,-9.223341,1
11323,P_NOUN_9_ADJ_b,M,P,les clous avec la banane qui étaient là depuis hier ne sont pas très brillants <eos>,14,brillants,brillantes,12,F,S,brillants,-6.6292925,brillantes,-9.6066,1
11324,P_NOUN_9_ADJ_b,M,P,les clous avec la banane qui étaient là depuis hier ne sont pas très compliqués <eos>,14,compliqués,compliquées,12,F,S,compliqués,-6.3464365,compliquées,-9.995012,1
11325,P_NOUN_9_ADJ_b,M,P,les clous avec la robe qui étaient là depuis hier ne sont pas très verts <eos>,14,verts,vertes,12,F,S,verts,-8.126034,vertes,-12.874737,1
11326,P_NOUN_9_ADJ_b,M,P,les clous avec la robe qui étaient là depuis hier ne sont pas très bleus <eos>,14,bleus,bleues,12,F,S,bleus,-9.007533,bleues,-13.083526,1
11327,P_NOUN_9_ADJ_b,M,P,les clous avec la robe qui étaient là depuis hier ne sont pas très noirs <eos>,14,noirs,noires,12,F,S,noirs,-9.070364,noires,-11.6863985,1
11328,P_NOUN_9_ADJ_b,M,P,les clous avec la robe qui étaient là depuis hier ne sont pas très délicats <eos>,14,délicats,délicates,12,F,S,délicats,-7.27898,délicates,-10.730684,1
11329,P_NOUN_9_ADJ_b,M,P,les clous avec la robe qui étaient là depuis hier ne sont pas très pointus <eos>,14,pointus,pointues,12,F,S,pointus,-9.944033,pointues,-11.650515,1
11330,P_NOUN_9_ADJ_b,M,P,les clous avec la robe qui étaient là depuis hier ne sont pas très ronds <eos>,14,ronds,rondes,12,F,S,ronds,-9.8364315,rondes,-12.601957,1
11331,P_NOUN_9_ADJ_b,M,P,les clous avec la robe qui étaient là depuis hier ne sont pas très froids <eos>,14,froids,froides,12,F,S,froids,-8.342449,froides,-8.447684,1
11332,P_NOUN_9_ADJ_b,M,P,les clous avec la robe qui étaient là depuis hier ne sont pas très chauds <eos>,14,chauds,chaudes,12,F,S,chauds,-6.2786126,chaudes,-9.484089,1
11333,P_NOUN_9_ADJ_b,M,P,les clous avec la robe qui étaient là depuis hier ne sont pas très importants <eos>,14,importants,importantes,12,F,S,importants,-5.5431137,importantes,-7.9194098,1
11334,P_NOUN_9_ADJ_b,M,P,les clous avec la robe qui étaient là depuis hier ne sont pas très courts <eos>,14,courts,courtes,12,F,S,courts,-5.951502,courtes,-9.110601,1
11335,P_NOUN_9_ADJ_b,M,P,les clous avec la robe qui étaient là depuis hier ne sont pas très durs <eos>,14,durs,dures,12,F,S,durs,-4.9884515,dures,-7.134709,1
11336,P_NOUN_9_ADJ_b,M,P,les clous avec la robe qui étaient là depuis hier ne sont pas très clairs <eos>,14,clairs,claires,12,F,S,clairs,-3.3071823,claires,-6.8443356,1
11337,P_NOUN_9_ADJ_b,M,P,les clous avec la robe qui étaient là depuis hier ne sont pas très intéressants <eos>,14,intéressants,intéressantes,12,F,S,intéressants,-6.463196,intéressantes,-9.394389,1
11338,P_NOUN_9_ADJ_b,M,P,les clous avec la robe qui étaient là depuis hier ne sont pas très brillants <eos>,14,brillants,brillantes,12,F,S,brillants,-6.5333824,brillantes,-9.241604,1
11339,P_NOUN_9_ADJ_b,M,P,les clous avec la robe qui étaient là depuis hier ne sont pas très compliqués <eos>,14,compliqués,compliquées,12,F,S,compliqués,-6.1161137,compliquées,-9.822725,1
11340,P_NOUN_9_ADJ_b,M,P,les clous avec la valise qui étaient là depuis hier ne sont pas très verts <eos>,14,verts,vertes,12,F,S,verts,-8.650893,vertes,-12.666915,1
11341,P_NOUN_9_ADJ_b,M,P,les clous avec la valise qui étaient là depuis hier ne sont pas très bleus <eos>,14,bleus,bleues,12,F,S,bleus,-9.425325,bleues,-13.662408,1
11342,P_NOUN_9_ADJ_b,M,P,les clous avec la valise qui étaient là depuis hier ne sont pas très noirs <eos>,14,noirs,noires,12,F,S,noirs,-9.408545,noires,-11.919035,1
11343,P_NOUN_9_ADJ_b,M,P,les clous avec la valise qui étaient là depuis hier ne sont pas très délicats <eos>,14,délicats,délicates,12,F,S,délicats,-7.630147,délicates,-10.3364725,1
11344,P_NOUN_9_ADJ_b,M,P,les clous avec la valise qui étaient là depuis hier ne sont pas très pointus <eos>,14,pointus,pointues,12,F,S,pointus,-9.449949,pointues,-11.61051,1
11345,P_NOUN_9_ADJ_b,M,P,les clous avec la valise qui étaient là depuis hier ne sont pas très ronds <eos>,14,ronds,rondes,12,F,S,ronds,-10.233536,rondes,-12.785088,1
11346,P_NOUN_9_ADJ_b,M,P,les clous avec la valise qui étaient là depuis hier ne sont pas très froids <eos>,14,froids,froides,12,F,S,froids,-9.173002,froides,-8.435328,0
11347,P_NOUN_9_ADJ_b,M,P,les clous avec la valise qui étaient là depuis hier ne sont pas très chauds <eos>,14,chauds,chaudes,12,F,S,chauds,-6.942972,chaudes,-10.093748,1
11348,P_NOUN_9_ADJ_b,M,P,les clous avec la valise qui étaient là depuis hier ne sont pas très importants <eos>,14,importants,importantes,12,F,S,importants,-5.7909565,importantes,-8.375111,1
11349,P_NOUN_9_ADJ_b,M,P,les clous avec la valise qui étaient là depuis hier ne sont pas très courts <eos>,14,courts,courtes,12,F,S,courts,-6.013853,courtes,-9.197267,1
11350,P_NOUN_9_ADJ_b,M,P,les clous avec la valise qui étaient là depuis hier ne sont pas très durs <eos>,14,durs,dures,12,F,S,durs,-5.194373,dures,-8.034599,1
11351,P_NOUN_9_ADJ_b,M,P,les clous avec la valise qui étaient là depuis hier ne sont pas très clairs <eos>,14,clairs,claires,12,F,S,clairs,-4.828841,claires,-7.708637,1
11352,P_NOUN_9_ADJ_b,M,P,les clous avec la valise qui étaient là depuis hier ne sont pas très intéressants <eos>,14,intéressants,intéressantes,12,F,S,intéressants,-5.679987,intéressantes,-9.340095,1
11353,P_NOUN_9_ADJ_b,M,P,les clous avec la valise qui étaient là depuis hier ne sont pas très brillants <eos>,14,brillants,brillantes,12,F,S,brillants,-6.8812423,brillantes,-10.546064,1
11354,P_NOUN_9_ADJ_b,M,P,les clous avec la valise qui étaient là depuis hier ne sont pas très compliqués <eos>,14,compliqués,compliquées,12,F,S,compliqués,-5.7432156,compliquées,-9.339029,1
11355,P_NOUN_9_ADJ_b,M,P,les clous avec la pendule qui étaient là depuis hier ne sont pas très verts <eos>,14,verts,vertes,12,F,S,verts,-8.263708,vertes,-13.010958,1
11356,P_NOUN_9_ADJ_b,M,P,les clous avec la pendule qui étaient là depuis hier ne sont pas très bleus <eos>,14,bleus,bleues,12,F,S,bleus,-10.357302,bleues,-14.16674,1
11357,P_NOUN_9_ADJ_b,M,P,les clous avec la pendule qui étaient là depuis hier ne sont pas très noirs <eos>,14,noirs,noires,12,F,S,noirs,-10.297612,noires,-12.546054,1
11358,P_NOUN_9_ADJ_b,M,P,les clous avec la pendule qui étaient là depuis hier ne sont pas très délicats <eos>,14,délicats,délicates,12,F,S,délicats,-7.2476335,délicates,-11.122601,1
11359,P_NOUN_9_ADJ_b,M,P,les clous avec la pendule qui étaient là depuis hier ne sont pas très pointus <eos>,14,pointus,pointues,12,F,S,pointus,-9.398231,pointues,-11.301345,1
11360,P_NOUN_9_ADJ_b,M,P,les clous avec la pendule qui étaient là depuis hier ne sont pas très ronds <eos>,14,ronds,rondes,12,F,S,ronds,-10.068346,rondes,-12.883163,1
11361,P_NOUN_9_ADJ_b,M,P,les clous avec la pendule qui étaient là depuis hier ne sont pas très froids <eos>,14,froids,froides,12,F,S,froids,-8.424605,froides,-8.413598,0
11362,P_NOUN_9_ADJ_b,M,P,les clous avec la pendule qui étaient là depuis hier ne sont pas très chauds <eos>,14,chauds,chaudes,12,F,S,chauds,-6.1629524,chaudes,-9.683973,1
11363,P_NOUN_9_ADJ_b,M,P,les clous avec la pendule qui étaient là depuis hier ne sont pas très importants <eos>,14,importants,importantes,12,F,S,importants,-5.7108536,importantes,-8.338924,1
11364,P_NOUN_9_ADJ_b,M,P,les clous avec la pendule qui étaient là depuis hier ne sont pas très courts <eos>,14,courts,courtes,12,F,S,courts,-5.7612386,courtes,-9.241781,1
11365,P_NOUN_9_ADJ_b,M,P,les clous avec la pendule qui étaient là depuis hier ne sont pas très durs <eos>,14,durs,dures,12,F,S,durs,-4.190858,dures,-7.1363583,1
11366,P_NOUN_9_ADJ_b,M,P,les clous avec la pendule qui étaient là depuis hier ne sont pas très clairs <eos>,14,clairs,claires,12,F,S,clairs,-4.9160147,claires,-7.6843805,1
11367,P_NOUN_9_ADJ_b,M,P,les clous avec la pendule qui étaient là depuis hier ne sont pas très intéressants <eos>,14,intéressants,intéressantes,12,F,S,intéressants,-6.3289814,intéressantes,-9.293708,1
11368,P_NOUN_9_ADJ_b,M,P,les clous avec la pendule qui étaient là depuis hier ne sont pas très brillants <eos>,14,brillants,brillantes,12,F,S,brillants,-6.443713,brillantes,-9.781309,1
11369,P_NOUN_9_ADJ_b,M,P,les clous avec la pendule qui étaient là depuis hier ne sont pas très compliqués <eos>,14,compliqués,compliquées,12,F,S,compliqués,-5.5833817,compliquées,-9.579499,1
11370,P_NOUN_9_ADJ_b,M,P,les clous avec la cloche qui étaient là depuis hier ne sont pas très verts <eos>,14,verts,vertes,12,F,S,verts,-8.618353,vertes,-13.38887,1
11371,P_NOUN_9_ADJ_b,M,P,les clous avec la cloche qui étaient là depuis hier ne sont pas très bleus <eos>,14,bleus,bleues,12,F,S,bleus,-10.205046,bleues,-14.31345,1
11372,P_NOUN_9_ADJ_b,M,P,les clous avec la cloche qui étaient là depuis hier ne sont pas très noirs <eos>,14,noirs,noires,12,F,S,noirs,-10.295858,noires,-12.80358,1
11373,P_NOUN_9_ADJ_b,M,P,les clous avec la cloche qui étaient là depuis hier ne sont pas très délicats <eos>,14,délicats,délicates,12,F,S,délicats,-6.846074,délicates,-10.6647625,1
11374,P_NOUN_9_ADJ_b,M,P,les clous avec la cloche qui étaient là depuis hier ne sont pas très pointus <eos>,14,pointus,pointues,12,F,S,pointus,-9.862139,pointues,-11.724767,1
11375,P_NOUN_9_ADJ_b,M,P,les clous avec la cloche qui étaient là depuis hier ne sont pas très ronds <eos>,14,ronds,rondes,12,F,S,ronds,-9.638162,rondes,-12.500535,1
11376,P_NOUN_9_ADJ_b,M,P,les clous avec la cloche qui étaient là depuis hier ne sont pas très froids <eos>,14,froids,froides,12,F,S,froids,-8.932741,froides,-9.568861,1
11377,P_NOUN_9_ADJ_b,M,P,les clous avec la cloche qui étaient là depuis hier ne sont pas très chauds <eos>,14,chauds,chaudes,12,F,S,chauds,-7.239883,chaudes,-10.11315,1
11378,P_NOUN_9_ADJ_b,M,P,les clous avec la cloche qui étaient là depuis hier ne sont pas très importants <eos>,14,importants,importantes,12,F,S,importants,-5.2343264,importantes,-8.08984,1
11379,P_NOUN_9_ADJ_b,M,P,les clous avec la cloche qui étaient là depuis hier ne sont pas très courts <eos>,14,courts,courtes,12,F,S,courts,-5.748233,courtes,-9.330978,1
11380,P_NOUN_9_ADJ_b,M,P,les clous avec la cloche qui étaient là depuis hier ne sont pas très durs <eos>,14,durs,dures,12,F,S,durs,-4.8486705,dures,-7.28313,1
11381,P_NOUN_9_ADJ_b,M,P,les clous avec la cloche qui étaient là depuis hier ne sont pas très clairs <eos>,14,clairs,claires,12,F,S,clairs,-4.407118,claires,-7.606946,1
11382,P_NOUN_9_ADJ_b,M,P,les clous avec la cloche qui étaient là depuis hier ne sont pas très intéressants <eos>,14,intéressants,intéressantes,12,F,S,intéressants,-5.5651817,intéressantes,-8.930736,1
11383,P_NOUN_9_ADJ_b,M,P,les clous avec la cloche qui étaient là depuis hier ne sont pas très brillants <eos>,14,brillants,brillantes,12,F,S,brillants,-6.793824,brillantes,-10.243668,1
11384,P_NOUN_9_ADJ_b,M,P,les clous avec la cloche qui étaient là depuis hier ne sont pas très compliqués <eos>,14,compliqués,compliquées,12,F,S,compliqués,-5.945598,compliquées,-9.427547,1
11385,P_NOUN_9_ADJ_b,M,P,les clous avec la cerise qui étaient là depuis hier ne sont pas très verts <eos>,14,verts,vertes,12,F,S,verts,-8.1348095,vertes,-12.897797,1
11386,P_NOUN_9_ADJ_b,M,P,les clous avec la cerise qui étaient là depuis hier ne sont pas très bleus <eos>,14,bleus,bleues,12,F,S,bleus,-10.001662,bleues,-14.245827,1
11387,P_NOUN_9_ADJ_b,M,P,les clous avec la cerise qui étaient là depuis hier ne sont pas très noirs <eos>,14,noirs,noires,12,F,S,noirs,-9.900469,noires,-12.496922,1
11388,P_NOUN_9_ADJ_b,M,P,les clous avec la cerise qui étaient là depuis hier ne sont pas très délicats <eos>,14,délicats,délicates,12,F,S,délicats,-6.3924966,délicates,-10.328936,1
11389,P_NOUN_9_ADJ_b,M,P,les clous avec la cerise qui étaient là depuis hier ne sont pas très pointus <eos>,14,pointus,pointues,12,F,S,pointus,-10.197442,pointues,-11.84965,1
11390,P_NOUN_9_ADJ_b,M,P,les clous avec la cerise qui étaient là depuis hier ne sont pas très ronds <eos>,14,ronds,rondes,12,F,S,ronds,-9.360456,rondes,-12.7546215,1
11391,P_NOUN_9_ADJ_b,M,P,les clous avec la cerise qui étaient là depuis hier ne sont pas très froids <eos>,14,froids,froides,12,F,S,froids,-7.793481,froides,-8.235528,1
11392,P_NOUN_9_ADJ_b,M,P,les clous avec la cerise qui étaient là depuis hier ne sont pas très chauds <eos>,14,chauds,chaudes,12,F,S,chauds,-6.127593,chaudes,-8.957097,1
11393,P_NOUN_9_ADJ_b,M,P,les clous avec la cerise qui étaient là depuis hier ne sont pas très importants <eos>,14,importants,importantes,12,F,S,importants,-5.504348,importantes,-8.0616865,1
11394,P_NOUN_9_ADJ_b,M,P,les clous avec la cerise qui étaient là depuis hier ne sont pas très courts <eos>,14,courts,courtes,12,F,S,courts,-6.352057,courtes,-10.224636,1
11395,P_NOUN_9_ADJ_b,M,P,les clous avec la cerise qui étaient là depuis hier ne sont pas très durs <eos>,14,durs,dures,12,F,S,durs,-4.7545013,dures,-6.9393654,1
11396,P_NOUN_9_ADJ_b,M,P,les clous avec la cerise qui étaient là depuis hier ne sont pas très clairs <eos>,14,clairs,claires,12,F,S,clairs,-4.530338,claires,-7.222141,1
11397,P_NOUN_9_ADJ_b,M,P,les clous avec la cerise qui étaient là depuis hier ne sont pas très intéressants <eos>,14,intéressants,intéressantes,12,F,S,intéressants,-6.4234943,intéressantes,-9.070901,1
11398,P_NOUN_9_ADJ_b,M,P,les clous avec la cerise qui étaient là depuis hier ne sont pas très brillants <eos>,14,brillants,brillantes,12,F,S,brillants,-6.4265137,brillantes,-9.69406,1
11399,P_NOUN_9_ADJ_b,M,P,les clous avec la cerise qui étaient là depuis hier ne sont pas très compliqués <eos>,14,compliqués,compliquées,12,F,S,compliqués,-6.2405396,compliquées,-10.0533085,1
11400,P_NOUN_9_ADJ_b,M,P,les billets avec la gemme qui étaient là depuis hier ne sont pas très verts <eos>,14,verts,vertes,12,F,S,verts,-8.811183,vertes,-14.252709,1
11401,P_NOUN_9_ADJ_b,M,P,les billets avec la gemme qui étaient là depuis hier ne sont pas très bleus <eos>,14,bleus,bleues,12,F,S,bleus,-10.445986,bleues,-15.044203,1
11402,P_NOUN_9_ADJ_b,M,P,les billets avec la gemme qui étaient là depuis hier ne sont pas très noirs <eos>,14,noirs,noires,12,F,S,noirs,-10.48512,noires,-13.760917,1
11403,P_NOUN_9_ADJ_b,M,P,les billets avec la gemme qui étaient là depuis hier ne sont pas très délicats <eos>,14,délicats,délicates,12,F,S,délicats,-8.197354,délicates,-10.9319515,1
11404,P_NOUN_9_ADJ_b,M,P,les billets avec la gemme qui étaient là depuis hier ne sont pas très pointus <eos>,14,pointus,pointues,12,F,S,pointus,-10.250445,pointues,-13.011828,1
11405,P_NOUN_9_ADJ_b,M,P,les billets avec la gemme qui étaient là depuis hier ne sont pas très ronds <eos>,14,ronds,rondes,12,F,S,ronds,-11.651983,rondes,-15.390304,1
11406,P_NOUN_9_ADJ_b,M,P,les billets avec la gemme qui étaient là depuis hier ne sont pas très froids <eos>,14,froids,froides,12,F,S,froids,-9.50768,froides,-9.881368,1
11407,P_NOUN_9_ADJ_b,M,P,les billets avec la gemme qui étaient là depuis hier ne sont pas très chauds <eos>,14,chauds,chaudes,12,F,S,chauds,-7.714608,chaudes,-11.303918,1
11408,P_NOUN_9_ADJ_b,M,P,les billets avec la gemme qui étaient là depuis hier ne sont pas très importants <eos>,14,importants,importantes,12,F,S,importants,-4.4843354,importantes,-8.042252,1
11409,P_NOUN_9_ADJ_b,M,P,les billets avec la gemme qui étaient là depuis hier ne sont pas très courts <eos>,14,courts,courtes,12,F,S,courts,-5.9558735,courtes,-9.8663225,1
11410,P_NOUN_9_ADJ_b,M,P,les billets avec la gemme qui étaient là depuis hier ne sont pas très durs <eos>,14,durs,dures,12,F,S,durs,-6.000082,dures,-7.888382,1
11411,P_NOUN_9_ADJ_b,M,P,les billets avec la gemme qui étaient là depuis hier ne sont pas très clairs <eos>,14,clairs,claires,12,F,S,clairs,-4.1756096,claires,-8.13161,1
11412,P_NOUN_9_ADJ_b,M,P,les billets avec la gemme qui étaient là depuis hier ne sont pas très intéressants <eos>,14,intéressants,intéressantes,12,F,S,intéressants,-5.56896,intéressantes,-9.797128,1
11413,P_NOUN_9_ADJ_b,M,P,les billets avec la gemme qui étaient là depuis hier ne sont pas très brillants <eos>,14,brillants,brillantes,12,F,S,brillants,-6.237028,brillantes,-10.801377,1
11414,P_NOUN_9_ADJ_b,M,P,les billets avec la gemme qui étaient là depuis hier ne sont pas très compliqués <eos>,14,compliqués,compliquées,12,F,S,compliqués,-5.6717005,compliquées,-10.039141,1
11415,P_NOUN_9_ADJ_b,M,P,les billets avec la chaise qui étaient là depuis hier ne sont pas très verts <eos>,14,verts,vertes,12,F,S,verts,-8.997185,vertes,-14.410285,1
11416,P_NOUN_9_ADJ_b,M,P,les billets avec la chaise qui étaient là depuis hier ne sont pas très bleus <eos>,14,bleus,bleues,12,F,S,bleus,-10.414864,bleues,-14.90234,1
11417,P_NOUN_9_ADJ_b,M,P,les billets avec la chaise qui étaient là depuis hier ne sont pas très noirs <eos>,14,noirs,noires,12,F,S,noirs,-10.444706,noires,-13.667509,1
11418,P_NOUN_9_ADJ_b,M,P,les billets avec la chaise qui étaient là depuis hier ne sont pas très délicats <eos>,14,délicats,délicates,12,F,S,délicats,-8.509438,délicates,-11.069157,1
11419,P_NOUN_9_ADJ_b,M,P,les billets avec la chaise qui étaient là depuis hier ne sont pas très pointus <eos>,14,pointus,pointues,12,F,S,pointus,-10.137962,pointues,-12.653685,1
11420,P_NOUN_9_ADJ_b,M,P,les billets avec la chaise qui étaient là depuis hier ne sont pas très ronds <eos>,14,ronds,rondes,12,F,S,ronds,-11.2835245,rondes,-14.823686,1
11421,P_NOUN_9_ADJ_b,M,P,les billets avec la chaise qui étaient là depuis hier ne sont pas très froids <eos>,14,froids,froides,12,F,S,froids,-10.13972,froides,-10.286139,1
11422,P_NOUN_9_ADJ_b,M,P,les billets avec la chaise qui étaient là depuis hier ne sont pas très chauds <eos>,14,chauds,chaudes,12,F,S,chauds,-8.160598,chaudes,-12.106507,1
11423,P_NOUN_9_ADJ_b,M,P,les billets avec la chaise qui étaient là depuis hier ne sont pas très importants <eos>,14,importants,importantes,12,F,S,importants,-4.8703203,importantes,-8.544982,1
11424,P_NOUN_9_ADJ_b,M,P,les billets avec la chaise qui étaient là depuis hier ne sont pas très courts <eos>,14,courts,courtes,12,F,S,courts,-5.8224363,courtes,-9.461373,1
11425,P_NOUN_9_ADJ_b,M,P,les billets avec la chaise qui étaient là depuis hier ne sont pas très durs <eos>,14,durs,dures,12,F,S,durs,-5.9308176,dures,-8.174575,1
11426,P_NOUN_9_ADJ_b,M,P,les billets avec la chaise qui étaient là depuis hier ne sont pas très clairs <eos>,14,clairs,claires,12,F,S,clairs,-4.5310683,claires,-8.496275,1
11427,P_NOUN_9_ADJ_b,M,P,les billets avec la chaise qui étaient là depuis hier ne sont pas très intéressants <eos>,14,intéressants,intéressantes,12,F,S,intéressants,-5.5762887,intéressantes,-9.999044,1
11428,P_NOUN_9_ADJ_b,M,P,les billets avec la chaise qui étaient là depuis hier ne sont pas très brillants <eos>,14,brillants,brillantes,12,F,S,brillants,-6.7745285,brillantes,-11.181315,1
11429,P_NOUN_9_ADJ_b,M,P,les billets avec la chaise qui étaient là depuis hier ne sont pas très compliqués <eos>,14,compliqués,compliquées,12,F,S,compliqués,-5.6672935,compliquées,-9.726029,1
11430,P_NOUN_9_ADJ_b,M,P,les billets avec la poubelle qui étaient là depuis hier ne sont pas très verts <eos>,14,verts,vertes,12,F,S,verts,-8.985884,vertes,-14.2935295,1
11431,P_NOUN_9_ADJ_b,M,P,les billets avec la poubelle qui étaient là depuis hier ne sont pas très bleus <eos>,14,bleus,bleues,12,F,S,bleus,-10.513725,bleues,-15.096965,1
11432,P_NOUN_9_ADJ_b,M,P,les billets avec la poubelle qui étaient là depuis hier ne sont pas très noirs <eos>,14,noirs,noires,12,F,S,noirs,-10.542158,noires,-13.761392,1
11433,P_NOUN_9_ADJ_b,M,P,les billets avec la poubelle qui étaient là depuis hier ne sont pas très délicats <eos>,14,délicats,délicates,12,F,S,délicats,-8.432839,délicates,-11.087587,1
11434,P_NOUN_9_ADJ_b,M,P,les billets avec la poubelle qui étaient là depuis hier ne sont pas très pointus <eos>,14,pointus,pointues,12,F,S,pointus,-10.083844,pointues,-12.694719,1
11435,P_NOUN_9_ADJ_b,M,P,les billets avec la poubelle qui étaient là depuis hier ne sont pas très ronds <eos>,14,ronds,rondes,12,F,S,ronds,-11.775373,rondes,-15.089844,1
11436,P_NOUN_9_ADJ_b,M,P,les billets avec la poubelle qui étaient là depuis hier ne sont pas très froids <eos>,14,froids,froides,12,F,S,froids,-9.756098,froides,-9.880421,1
11437,P_NOUN_9_ADJ_b,M,P,les billets avec la poubelle qui étaient là depuis hier ne sont pas très chauds <eos>,14,chauds,chaudes,12,F,S,chauds,-7.940116,chaudes,-11.699268,1
11438,P_NOUN_9_ADJ_b,M,P,les billets avec la poubelle qui étaient là depuis hier ne sont pas très importants <eos>,14,importants,importantes,12,F,S,importants,-4.8916917,importantes,-8.582418,1
11439,P_NOUN_9_ADJ_b,M,P,les billets avec la poubelle qui étaient là depuis hier ne sont pas très courts <eos>,14,courts,courtes,12,F,S,courts,-6.2378244,courtes,-9.792978,1
11440,P_NOUN_9_ADJ_b,M,P,les billets avec la poubelle qui étaient là depuis hier ne sont pas très durs <eos>,14,durs,dures,12,F,S,durs,-5.8394403,dures,-8.241392,1
11441,P_NOUN_9_ADJ_b,M,P,les billets avec la poubelle qui étaient là depuis hier ne sont pas très clairs <eos>,14,clairs,claires,12,F,S,clairs,-4.483838,claires,-8.389681,1
11442,P_NOUN_9_ADJ_b,M,P,les billets avec la poubelle qui étaient là depuis hier ne sont pas très intéressants <eos>,14,intéressants,intéressantes,12,F,S,intéressants,-5.571122,intéressantes,-9.972646,1
11443,P_NOUN_9_ADJ_b,M,P,les billets avec la poubelle qui étaient là depuis hier ne sont pas très brillants <eos>,14,brillants,brillantes,12,F,S,brillants,-6.72805,brillantes,-10.999145,1
11444,P_NOUN_9_ADJ_b,M,P,les billets avec la poubelle qui étaient là depuis hier ne sont pas très compliqués <eos>,14,compliqués,compliquées,12,F,S,compliqués,-5.6455283,compliquées,-9.835476,1
11445,P_NOUN_9_ADJ_b,M,P,les billets avec la chemise qui étaient là depuis hier ne sont pas très verts <eos>,14,verts,vertes,12,F,S,verts,-8.705859,vertes,-14.15479,1
11446,P_NOUN_9_ADJ_b,M,P,les billets avec la chemise qui étaient là depuis hier ne sont pas très bleus <eos>,14,bleus,bleues,12,F,S,bleus,-9.881634,bleues,-14.564791,1
11447,P_NOUN_9_ADJ_b,M,P,les billets avec la chemise qui étaient là depuis hier ne sont pas très noirs <eos>,14,noirs,noires,12,F,S,noirs,-10.015723,noires,-13.298089,1
11448,P_NOUN_9_ADJ_b,M,P,les billets avec la chemise qui étaient là depuis hier ne sont pas très délicats <eos>,14,délicats,délicates,12,F,S,délicats,-8.759871,délicates,-11.185658,1
11449,P_NOUN_9_ADJ_b,M,P,les billets avec la chemise qui étaient là depuis hier ne sont pas très pointus <eos>,14,pointus,pointues,12,F,S,pointus,-9.973414,pointues,-12.673236,1
11450,P_NOUN_9_ADJ_b,M,P,les billets avec la chemise qui étaient là depuis hier ne sont pas très ronds <eos>,14,ronds,rondes,12,F,S,ronds,-11.368601,rondes,-14.63789,1
11451,P_NOUN_9_ADJ_b,M,P,les billets avec la chemise qui étaient là depuis hier ne sont pas très froids <eos>,14,froids,froides,12,F,S,froids,-10.072065,froides,-10.110232,1
11452,P_NOUN_9_ADJ_b,M,P,les billets avec la chemise qui étaient là depuis hier ne sont pas très chauds <eos>,14,chauds,chaudes,12,F,S,chauds,-7.8019495,chaudes,-12.0866785,1
11453,P_NOUN_9_ADJ_b,M,P,les billets avec la chemise qui étaient là depuis hier ne sont pas très importants <eos>,14,importants,importantes,12,F,S,importants,-5.0205636,importantes,-8.60334,1
11454,P_NOUN_9_ADJ_b,M,P,les billets avec la chemise qui étaient là depuis hier ne sont pas très courts <eos>,14,courts,courtes,12,F,S,courts,-5.7828617,courtes,-9.383522,1
11455,P_NOUN_9_ADJ_b,M,P,les billets avec la chemise qui étaient là depuis hier ne sont pas très durs <eos>,14,durs,dures,12,F,S,durs,-6.033491,dures,-8.1994295,1
11456,P_NOUN_9_ADJ_b,M,P,les billets avec la chemise qui étaient là depuis hier ne sont pas très clairs <eos>,14,clairs,claires,12,F,S,clairs,-4.24086,claires,-8.475076,1
11457,P_NOUN_9_ADJ_b,M,P,les billets avec la chemise qui étaient là depuis hier ne sont pas très intéressants <eos>,14,intéressants,intéressantes,12,F,S,intéressants,-5.746825,intéressantes,-10.255457,1
11458,P_NOUN_9_ADJ_b,M,P,les billets avec la chemise qui étaient là depuis hier ne sont pas très brillants <eos>,14,brillants,brillantes,12,F,S,brillants,-6.693375,brillantes,-11.399858,1
11459,P_NOUN_9_ADJ_b,M,P,les billets avec la chemise qui étaient là depuis hier ne sont pas très compliqués <eos>,14,compliqués,compliquées,12,F,S,compliqués,-5.996479,compliquées,-10.083165,1
11460,P_NOUN_9_ADJ_b,M,P,les billets avec la recette qui étaient là depuis hier ne sont pas très verts <eos>,14,verts,vertes,12,F,S,verts,-9.31675,vertes,-14.426962,1
11461,P_NOUN_9_ADJ_b,M,P,les billets avec la recette qui étaient là depuis hier ne sont pas très bleus <eos>,14,bleus,bleues,12,F,S,bleus,-10.965715,bleues,-15.73304,1
11462,P_NOUN_9_ADJ_b,M,P,les billets avec la recette qui étaient là depuis hier ne sont pas très noirs <eos>,14,noirs,noires,12,F,S,noirs,-10.952759,noires,-14.495326,1
11463,P_NOUN_9_ADJ_b,M,P,les billets avec la recette qui étaient là depuis hier ne sont pas très délicats <eos>,14,délicats,délicates,12,F,S,délicats,-8.170527,délicates,-11.083521,1
11464,P_NOUN_9_ADJ_b,M,P,les billets avec la recette qui étaient là depuis hier ne sont pas très pointus <eos>,14,pointus,pointues,12,F,S,pointus,-11.045662,pointues,-13.39826,1
11465,P_NOUN_9_ADJ_b,M,P,les billets avec la recette qui étaient là depuis hier ne sont pas très ronds <eos>,14,ronds,rondes,12,F,S,ronds,-11.831675,rondes,-15.477442,1
11466,P_NOUN_9_ADJ_b,M,P,les billets avec la recette qui étaient là depuis hier ne sont pas très froids <eos>,14,froids,froides,12,F,S,froids,-9.565848,froides,-9.69145,1
11467,P_NOUN_9_ADJ_b,M,P,les billets avec la recette qui étaient là depuis hier ne sont pas très chauds <eos>,14,chauds,chaudes,12,F,S,chauds,-7.6474676,chaudes,-11.213824,1
11468,P_NOUN_9_ADJ_b,M,P,les billets avec la recette qui étaient là depuis hier ne sont pas très importants <eos>,14,importants,importantes,12,F,S,importants,-4.6628084,importantes,-7.7878637,1
11469,P_NOUN_9_ADJ_b,M,P,les billets avec la recette qui étaient là depuis hier ne sont pas très courts <eos>,14,courts,courtes,12,F,S,courts,-6.5532503,courtes,-9.846035,1
11470,P_NOUN_9_ADJ_b,M,P,les billets avec la recette qui étaient là depuis hier ne sont pas très durs <eos>,14,durs,dures,12,F,S,durs,-6.008115,dures,-8.022613,1
11471,P_NOUN_9_ADJ_b,M,P,les billets avec la recette qui étaient là depuis hier ne sont pas très clairs <eos>,14,clairs,claires,12,F,S,clairs,-5.150031,claires,-8.365973,1
11472,P_NOUN_9_ADJ_b,M,P,les billets avec la recette qui étaient là depuis hier ne sont pas très intéressants <eos>,14,intéressants,intéressantes,12,F,S,intéressants,-5.8802714,intéressantes,-9.443157,1
11473,P_NOUN_9_ADJ_b,M,P,les billets avec la recette qui étaient là depuis hier ne sont pas très brillants <eos>,14,brillants,brillantes,12,F,S,brillants,-7.101736,brillantes,-11.065874,1
11474,P_NOUN_9_ADJ_b,M,P,les billets avec la recette qui étaient là depuis hier ne sont pas très compliqués <eos>,14,compliqués,compliquées,12,F,S,compliqués,-6.086943,compliquées,-10.057035,1
11475,P_NOUN_9_ADJ_b,M,P,les billets avec la jupe qui étaient là depuis hier ne sont pas très verts <eos>,14,verts,vertes,12,F,S,verts,-8.787233,vertes,-14.01841,1
11476,P_NOUN_9_ADJ_b,M,P,les billets avec la jupe qui étaient là depuis hier ne sont pas très bleus <eos>,14,bleus,bleues,12,F,S,bleus,-10.209215,bleues,-14.588692,1
11477,P_NOUN_9_ADJ_b,M,P,les billets avec la jupe qui étaient là depuis hier ne sont pas très noirs <eos>,14,noirs,noires,12,F,S,noirs,-10.200845,noires,-13.316063,1
11478,P_NOUN_9_ADJ_b,M,P,les billets avec la jupe qui étaient là depuis hier ne sont pas très délicats <eos>,14,délicats,délicates,12,F,S,délicats,-8.299862,délicates,-10.850334,1
11479,P_NOUN_9_ADJ_b,M,P,les billets avec la jupe qui étaient là depuis hier ne sont pas très pointus <eos>,14,pointus,pointues,12,F,S,pointus,-9.959547,pointues,-12.67952,1
11480,P_NOUN_9_ADJ_b,M,P,les billets avec la jupe qui étaient là depuis hier ne sont pas très ronds <eos>,14,ronds,rondes,12,F,S,ronds,-11.15626,rondes,-14.793663,1
11481,P_NOUN_9_ADJ_b,M,P,les billets avec la jupe qui étaient là depuis hier ne sont pas très froids <eos>,14,froids,froides,12,F,S,froids,-10.057791,froides,-9.921587,0
11482,P_NOUN_9_ADJ_b,M,P,les billets avec la jupe qui étaient là depuis hier ne sont pas très chauds <eos>,14,chauds,chaudes,12,F,S,chauds,-7.869857,chaudes,-11.682222,1
11483,P_NOUN_9_ADJ_b,M,P,les billets avec la jupe qui étaient là depuis hier ne sont pas très importants <eos>,14,importants,importantes,12,F,S,importants,-4.908923,importantes,-8.359529,1
11484,P_NOUN_9_ADJ_b,M,P,les billets avec la jupe qui étaient là depuis hier ne sont pas très courts <eos>,14,courts,courtes,12,F,S,courts,-5.8530564,courtes,-9.351704,1
11485,P_NOUN_9_ADJ_b,M,P,les billets avec la jupe qui étaient là depuis hier ne sont pas très durs <eos>,14,durs,dures,12,F,S,durs,-6.019225,dures,-8.132068,1
11486,P_NOUN_9_ADJ_b,M,P,les billets avec la jupe qui étaient là depuis hier ne sont pas très clairs <eos>,14,clairs,claires,12,F,S,clairs,-4.0578136,claires,-8.081465,1
11487,P_NOUN_9_ADJ_b,M,P,les billets avec la jupe qui étaient là depuis hier ne sont pas très intéressants <eos>,14,intéressants,intéressantes,12,F,S,intéressants,-5.7212634,intéressantes,-9.907677,1
11488,P_NOUN_9_ADJ_b,M,P,les billets avec la jupe qui étaient là depuis hier ne sont pas très brillants <eos>,14,brillants,brillantes,12,F,S,brillants,-6.767663,brillantes,-11.092098,1
11489,P_NOUN_9_ADJ_b,M,P,les billets avec la jupe qui étaient là depuis hier ne sont pas très compliqués <eos>,14,compliqués,compliquées,12,F,S,compliqués,-5.75261,compliquées,-9.830289,1
11490,P_NOUN_9_ADJ_b,M,P,les billets avec la colle qui étaient là depuis hier ne sont pas très verts <eos>,14,verts,vertes,12,F,S,verts,-9.008472,vertes,-14.280081,1
11491,P_NOUN_9_ADJ_b,M,P,les billets avec la colle qui étaient là depuis hier ne sont pas très bleus <eos>,14,bleus,bleues,12,F,S,bleus,-10.780003,bleues,-15.383243,1
11492,P_NOUN_9_ADJ_b,M,P,les billets avec la colle qui étaient là depuis hier ne sont pas très noirs <eos>,14,noirs,noires,12,F,S,noirs,-10.644615,noires,-13.795256,1
11493,P_NOUN_9_ADJ_b,M,P,les billets avec la colle qui étaient là depuis hier ne sont pas très délicats <eos>,14,délicats,délicates,12,F,S,délicats,-8.066258,délicates,-11.201794,1
11494,P_NOUN_9_ADJ_b,M,P,les billets avec la colle qui étaient là depuis hier ne sont pas très pointus <eos>,14,pointus,pointues,12,F,S,pointus,-10.376706,pointues,-12.931827,1
11495,P_NOUN_9_ADJ_b,M,P,les billets avec la colle qui étaient là depuis hier ne sont pas très ronds <eos>,14,ronds,rondes,12,F,S,ronds,-11.602376,rondes,-15.244351,1
11496,P_NOUN_9_ADJ_b,M,P,les billets avec la colle qui étaient là depuis hier ne sont pas très froids <eos>,14,froids,froides,12,F,S,froids,-9.658212,froides,-9.638694,0
11497,P_NOUN_9_ADJ_b,M,P,les billets avec la colle qui étaient là depuis hier ne sont pas très chauds <eos>,14,chauds,chaudes,12,F,S,chauds,-7.5664372,chaudes,-11.047628,1
11498,P_NOUN_9_ADJ_b,M,P,les billets avec la colle qui étaient là depuis hier ne sont pas très importants <eos>,14,importants,importantes,12,F,S,importants,-4.824749,importantes,-8.153959,1
11499,P_NOUN_9_ADJ_b,M,P,les billets avec la colle qui étaient là depuis hier ne sont pas très courts <eos>,14,courts,courtes,12,F,S,courts,-6.395003,courtes,-10.110781,1
11500,P_NOUN_9_ADJ_b,M,P,les billets avec la colle qui étaient là depuis hier ne sont pas très durs <eos>,14,durs,dures,12,F,S,durs,-5.9625244,dures,-7.8343725,1
11501,P_NOUN_9_ADJ_b,M,P,les billets avec la colle qui étaient là depuis hier ne sont pas très clairs <eos>,14,clairs,claires,12,F,S,clairs,-4.7616076,claires,-7.950936,1
11502,P_NOUN_9_ADJ_b,M,P,les billets avec la colle qui étaient là depuis hier ne sont pas très intéressants <eos>,14,intéressants,intéressantes,12,F,S,intéressants,-5.9071894,intéressantes,-9.746144,1
11503,P_NOUN_9_ADJ_b,M,P,les billets avec la colle qui étaient là depuis hier ne sont pas très brillants <eos>,14,brillants,brillantes,12,F,S,brillants,-6.6972904,brillantes,-11.109975,1
11504,P_NOUN_9_ADJ_b,M,P,les billets avec la colle qui étaient là depuis hier ne sont pas très compliqués <eos>,14,compliqués,compliquées,12,F,S,compliqués,-5.9689574,compliquées,-10.350235,1
11505,P_NOUN_9_ADJ_b,M,P,les billets avec la lampe qui étaient là depuis hier ne sont pas très verts <eos>,14,verts,vertes,12,F,S,verts,-8.97076,vertes,-14.183898,1
11506,P_NOUN_9_ADJ_b,M,P,les billets avec la lampe qui étaient là depuis hier ne sont pas très bleus <eos>,14,bleus,bleues,12,F,S,bleus,-10.951189,bleues,-15.131784,1
11507,P_NOUN_9_ADJ_b,M,P,les billets avec la lampe qui étaient là depuis hier ne sont pas très noirs <eos>,14,noirs,noires,12,F,S,noirs,-10.938446,noires,-13.902586,1
11508,P_NOUN_9_ADJ_b,M,P,les billets avec la lampe qui étaient là depuis hier ne sont pas très délicats <eos>,14,délicats,délicates,12,F,S,délicats,-8.272688,délicates,-10.997036,1
11509,P_NOUN_9_ADJ_b,M,P,les billets avec la lampe qui étaient là depuis hier ne sont pas très pointus <eos>,14,pointus,pointues,12,F,S,pointus,-10.311876,pointues,-12.659193,1
11510,P_NOUN_9_ADJ_b,M,P,les billets avec la lampe qui étaient là depuis hier ne sont pas très ronds <eos>,14,ronds,rondes,12,F,S,ronds,-11.660994,rondes,-15.325674,1
11511,P_NOUN_9_ADJ_b,M,P,les billets avec la lampe qui étaient là depuis hier ne sont pas très froids <eos>,14,froids,froides,12,F,S,froids,-9.876177,froides,-9.790653,0
11512,P_NOUN_9_ADJ_b,M,P,les billets avec la lampe qui étaient là depuis hier ne sont pas très chauds <eos>,14,chauds,chaudes,12,F,S,chauds,-7.670463,chaudes,-11.423653,1
11513,P_NOUN_9_ADJ_b,M,P,les billets avec la lampe qui étaient là depuis hier ne sont pas très importants <eos>,14,importants,importantes,12,F,S,importants,-4.7328844,importantes,-8.10521,1
11514,P_NOUN_9_ADJ_b,M,P,les billets avec la lampe qui étaient là depuis hier ne sont pas très courts <eos>,14,courts,courtes,12,F,S,courts,-6.304368,courtes,-9.673122,1
11515,P_NOUN_9_ADJ_b,M,P,les billets avec la lampe qui étaient là depuis hier ne sont pas très durs <eos>,14,durs,dures,12,F,S,durs,-5.8164635,dures,-8.286576,1
11516,P_NOUN_9_ADJ_b,M,P,les billets avec la lampe qui étaient là depuis hier ne sont pas très clairs <eos>,14,clairs,claires,12,F,S,clairs,-4.5765467,claires,-8.279326,1
11517,P_NOUN_9_ADJ_b,M,P,les billets avec la lampe qui étaient là depuis hier ne sont pas très intéressants <eos>,14,intéressants,intéressantes,12,F,S,intéressants,-5.5541167,intéressantes,-9.516012,1
11518,P_NOUN_9_ADJ_b,M,P,les billets avec la lampe qui étaient là depuis hier ne sont pas très brillants <eos>,14,brillants,brillantes,12,F,S,brillants,-6.4943113,brillantes,-10.661926,1
11519,P_NOUN_9_ADJ_b,M,P,les billets avec la lampe qui étaient là depuis hier ne sont pas très compliqués <eos>,14,compliqués,compliquées,12,F,S,compliqués,-5.571501,compliquées,-9.947301,1
11520,P_NOUN_9_ADJ_b,M,P,les billets avec la bouteille qui étaient là depuis hier ne sont pas très verts <eos>,14,verts,vertes,12,F,S,verts,-9.056497,vertes,-14.585941,1
11521,P_NOUN_9_ADJ_b,M,P,les billets avec la bouteille qui étaient là depuis hier ne sont pas très bleus <eos>,14,bleus,bleues,12,F,S,bleus,-10.689755,bleues,-15.418791,1
11522,P_NOUN_9_ADJ_b,M,P,les billets avec la bouteille qui étaient là depuis hier ne sont pas très noirs <eos>,14,noirs,noires,12,F,S,noirs,-10.508602,noires,-14.00697,1
11523,P_NOUN_9_ADJ_b,M,P,les billets avec la bouteille qui étaient là depuis hier ne sont pas très délicats <eos>,14,délicats,délicates,12,F,S,délicats,-7.710744,délicates,-10.719243,1
11524,P_NOUN_9_ADJ_b,M,P,les billets avec la bouteille qui étaient là depuis hier ne sont pas très pointus <eos>,14,pointus,pointues,12,F,S,pointus,-10.687048,pointues,-13.006825,1
11525,P_NOUN_9_ADJ_b,M,P,les billets avec la bouteille qui étaient là depuis hier ne sont pas très ronds <eos>,14,ronds,rondes,12,F,S,ronds,-11.579289,rondes,-15.342481,1
11526,P_NOUN_9_ADJ_b,M,P,les billets avec la bouteille qui étaient là depuis hier ne sont pas très froids <eos>,14,froids,froides,12,F,S,froids,-9.537567,froides,-9.207237,0
11527,P_NOUN_9_ADJ_b,M,P,les billets avec la bouteille qui étaient là depuis hier ne sont pas très chauds <eos>,14,chauds,chaudes,12,F,S,chauds,-7.8433123,chaudes,-11.007849,1
11528,P_NOUN_9_ADJ_b,M,P,les billets avec la bouteille qui étaient là depuis hier ne sont pas très importants <eos>,14,importants,importantes,12,F,S,importants,-4.4308367,importantes,-7.742544,1
11529,P_NOUN_9_ADJ_b,M,P,les billets avec la bouteille qui étaient là depuis hier ne sont pas très courts <eos>,14,courts,courtes,12,F,S,courts,-6.296497,courtes,-10.286938,1
11530,P_NOUN_9_ADJ_b,M,P,les billets avec la bouteille qui étaient là depuis hier ne sont pas très durs <eos>,14,durs,dures,12,F,S,durs,-5.9567804,dures,-8.124843,1
11531,P_NOUN_9_ADJ_b,M,P,les billets avec la bouteille qui étaient là depuis hier ne sont pas très clairs <eos>,14,clairs,claires,12,F,S,clairs,-4.966405,claires,-8.116123,1
11532,P_NOUN_9_ADJ_b,M,P,les billets avec la bouteille qui étaient là depuis hier ne sont pas très intéressants <eos>,14,intéressants,intéressantes,12,F,S,intéressants,-5.5924997,intéressantes,-9.43235,1
11533,P_NOUN_9_ADJ_b,M,P,les billets avec la bouteille qui étaient là depuis hier ne sont pas très brillants <eos>,14,brillants,brillantes,12,F,S,brillants,-6.9171834,brillantes,-11.013767,1
11534,P_NOUN_9_ADJ_b,M,P,les billets avec la bouteille qui étaient là depuis hier ne sont pas très compliqués <eos>,14,compliqués,compliquées,12,F,S,compliqués,-5.967301,compliquées,-10.124659,1
11535,P_NOUN_9_ADJ_b,M,P,les billets avec la boisson qui étaient là depuis hier ne sont pas très verts <eos>,14,verts,vertes,12,F,S,verts,-8.938662,vertes,-14.583277,1
11536,P_NOUN_9_ADJ_b,M,P,les billets avec la boisson qui étaient là depuis hier ne sont pas très bleus <eos>,14,bleus,bleues,12,F,S,bleus,-10.843428,bleues,-15.661856,1
11537,P_NOUN_9_ADJ_b,M,P,les billets avec la boisson qui étaient là depuis hier ne sont pas très noirs <eos>,14,noirs,noires,12,F,S,noirs,-10.529106,noires,-14.181874,1
11538,P_NOUN_9_ADJ_b,M,P,les billets avec la boisson qui étaient là depuis hier ne sont pas très délicats <eos>,14,délicats,délicates,12,F,S,délicats,-7.816451,délicates,-10.82505,1
11539,P_NOUN_9_ADJ_b,M,P,les billets avec la boisson qui étaient là depuis hier ne sont pas très pointus <eos>,14,pointus,pointues,12,F,S,pointus,-10.9327545,pointues,-13.400564,1
11540,P_NOUN_9_ADJ_b,M,P,les billets avec la boisson qui étaient là depuis hier ne sont pas très ronds <eos>,14,ronds,rondes,12,F,S,ronds,-11.682181,rondes,-15.422803,1
11541,P_NOUN_9_ADJ_b,M,P,les billets avec la boisson qui étaient là depuis hier ne sont pas très froids <eos>,14,froids,froides,12,F,S,froids,-9.277434,froides,-9.394376,1
11542,P_NOUN_9_ADJ_b,M,P,les billets avec la boisson qui étaient là depuis hier ne sont pas très chauds <eos>,14,chauds,chaudes,12,F,S,chauds,-7.68426,chaudes,-10.981045,1
11543,P_NOUN_9_ADJ_b,M,P,les billets avec la boisson qui étaient là depuis hier ne sont pas très importants <eos>,14,importants,importantes,12,F,S,importants,-4.485818,importantes,-7.7523108,1
11544,P_NOUN_9_ADJ_b,M,P,les billets avec la boisson qui étaient là depuis hier ne sont pas très courts <eos>,14,courts,courtes,12,F,S,courts,-6.5272913,courtes,-10.485231,1
11545,P_NOUN_9_ADJ_b,M,P,les billets avec la boisson qui étaient là depuis hier ne sont pas très durs <eos>,14,durs,dures,12,F,S,durs,-6.214766,dures,-7.5247912,1
11546,P_NOUN_9_ADJ_b,M,P,les billets avec la boisson qui étaient là depuis hier ne sont pas très clairs <eos>,14,clairs,claires,12,F,S,clairs,-5.1565385,claires,-8.245218,1
11547,P_NOUN_9_ADJ_b,M,P,les billets avec la boisson qui étaient là depuis hier ne sont pas très intéressants <eos>,14,intéressants,intéressantes,12,F,S,intéressants,-5.857324,intéressantes,-9.660683,1
11548,P_NOUN_9_ADJ_b,M,P,les billets avec la boisson qui étaient là depuis hier ne sont pas très brillants <eos>,14,brillants,brillantes,12,F,S,brillants,-6.837064,brillantes,-11.253288,1
11549,P_NOUN_9_ADJ_b,M,P,les billets avec la boisson qui étaient là depuis hier ne sont pas très compliqués <eos>,14,compliqués,compliquées,12,F,S,compliqués,-6.3191605,compliquées,-10.690092,1
11550,P_NOUN_9_ADJ_b,M,P,les billets avec la pomme qui étaient là depuis hier ne sont pas très verts <eos>,14,verts,vertes,12,F,S,verts,-9.160082,vertes,-14.554683,1
11551,P_NOUN_9_ADJ_b,M,P,les billets avec la pomme qui étaient là depuis hier ne sont pas très bleus <eos>,14,bleus,bleues,12,F,S,bleus,-10.831155,bleues,-15.550067,1
11552,P_NOUN_9_ADJ_b,M,P,les billets avec la pomme qui étaient là depuis hier ne sont pas très noirs <eos>,14,noirs,noires,12,F,S,noirs,-10.287212,noires,-13.958113,1
11553,P_NOUN_9_ADJ_b,M,P,les billets avec la pomme qui étaient là depuis hier ne sont pas très délicats <eos>,14,délicats,délicates,12,F,S,délicats,-8.125025,délicates,-11.103406,1
11554,P_NOUN_9_ADJ_b,M,P,les billets avec la pomme qui étaient là depuis hier ne sont pas très pointus <eos>,14,pointus,pointues,12,F,S,pointus,-10.527144,pointues,-13.004065,1
11555,P_NOUN_9_ADJ_b,M,P,les billets avec la pomme qui étaient là depuis hier ne sont pas très ronds <eos>,14,ronds,rondes,12,F,S,ronds,-11.43807,rondes,-15.352526,1
11556,P_NOUN_9_ADJ_b,M,P,les billets avec la pomme qui étaient là depuis hier ne sont pas très froids <eos>,14,froids,froides,12,F,S,froids,-9.690763,froides,-9.644794,0
11557,P_NOUN_9_ADJ_b,M,P,les billets avec la pomme qui étaient là depuis hier ne sont pas très chauds <eos>,14,chauds,chaudes,12,F,S,chauds,-7.820505,chaudes,-11.489176,1
11558,P_NOUN_9_ADJ_b,M,P,les billets avec la pomme qui étaient là depuis hier ne sont pas très importants <eos>,14,importants,importantes,12,F,S,importants,-4.504769,importantes,-8.049091,1
11559,P_NOUN_9_ADJ_b,M,P,les billets avec la pomme qui étaient là depuis hier ne sont pas très courts <eos>,14,courts,courtes,12,F,S,courts,-6.3326364,courtes,-10.155964,1
11560,P_NOUN_9_ADJ_b,M,P,les billets avec la pomme qui étaient là depuis hier ne sont pas très durs <eos>,14,durs,dures,12,F,S,durs,-5.6931944,dures,-7.8671865,1
11561,P_NOUN_9_ADJ_b,M,P,les billets avec la pomme qui étaient là depuis hier ne sont pas très clairs <eos>,14,clairs,claires,12,F,S,clairs,-4.9379168,claires,-8.356948,1
11562,P_NOUN_9_ADJ_b,M,P,les billets avec la pomme qui étaient là depuis hier ne sont pas très intéressants <eos>,14,intéressants,intéressantes,12,F,S,intéressants,-5.5767097,intéressantes,-9.589972,1
11563,P_NOUN_9_ADJ_b,M,P,les billets avec la pomme qui étaient là depuis hier ne sont pas très brillants <eos>,14,brillants,brillantes,12,F,S,brillants,-6.6975102,brillantes,-10.950394,1
11564,P_NOUN_9_ADJ_b,M,P,les billets avec la pomme qui étaient là depuis hier ne sont pas très compliqués <eos>,14,compliqués,compliquées,12,F,S,compliqués,-6.0061564,compliquées,-10.176676,1
11565,P_NOUN_9_ADJ_b,M,P,les billets avec la tasse qui étaient là depuis hier ne sont pas très verts <eos>,14,verts,vertes,12,F,S,verts,-8.544766,vertes,-14.121898,1
11566,P_NOUN_9_ADJ_b,M,P,les billets avec la tasse qui étaient là depuis hier ne sont pas très bleus <eos>,14,bleus,bleues,12,F,S,bleus,-10.0611925,bleues,-14.909437,1
11567,P_NOUN_9_ADJ_b,M,P,les billets avec la tasse qui étaient là depuis hier ne sont pas très noirs <eos>,14,noirs,noires,12,F,S,noirs,-9.90508,noires,-13.399975,1
11568,P_NOUN_9_ADJ_b,M,P,les billets avec la tasse qui étaient là depuis hier ne sont pas très délicats <eos>,14,délicats,délicates,12,F,S,délicats,-7.73218,délicates,-9.985329,1
11569,P_NOUN_9_ADJ_b,M,P,les billets avec la tasse qui étaient là depuis hier ne sont pas très pointus <eos>,14,pointus,pointues,12,F,S,pointus,-10.653899,pointues,-13.221561,1
11570,P_NOUN_9_ADJ_b,M,P,les billets avec la tasse qui étaient là depuis hier ne sont pas très ronds <eos>,14,ronds,rondes,12,F,S,ronds,-11.13242,rondes,-14.97394,1
11571,P_NOUN_9_ADJ_b,M,P,les billets avec la tasse qui étaient là depuis hier ne sont pas très froids <eos>,14,froids,froides,12,F,S,froids,-9.077005,froides,-8.909666,0
11572,P_NOUN_9_ADJ_b,M,P,les billets avec la tasse qui étaient là depuis hier ne sont pas très chauds <eos>,14,chauds,chaudes,12,F,S,chauds,-7.4602423,chaudes,-10.431057,1
11573,P_NOUN_9_ADJ_b,M,P,les billets avec la tasse qui étaient là depuis hier ne sont pas très importants <eos>,14,importants,importantes,12,F,S,importants,-4.5904245,importantes,-7.783103,1
11574,P_NOUN_9_ADJ_b,M,P,les billets avec la tasse qui étaient là depuis hier ne sont pas très courts <eos>,14,courts,courtes,12,F,S,courts,-6.50249,courtes,-10.62973,1
11575,P_NOUN_9_ADJ_b,M,P,les billets avec la tasse qui étaient là depuis hier ne sont pas très durs <eos>,14,durs,dures,12,F,S,durs,-6.3358912,dures,-8.168049,1
11576,P_NOUN_9_ADJ_b,M,P,les billets avec la tasse qui étaient là depuis hier ne sont pas très clairs <eos>,14,clairs,claires,12,F,S,clairs,-4.5256724,claires,-7.751059,1
11577,P_NOUN_9_ADJ_b,M,P,les billets avec la tasse qui étaient là depuis hier ne sont pas très intéressants <eos>,14,intéressants,intéressantes,12,F,S,intéressants,-5.7557716,intéressantes,-9.886885,1
11578,P_NOUN_9_ADJ_b,M,P,les billets avec la tasse qui étaient là depuis hier ne sont pas très brillants <eos>,14,brillants,brillantes,12,F,S,brillants,-6.8915777,brillantes,-11.184249,1
11579,P_NOUN_9_ADJ_b,M,P,les billets avec la tasse qui étaient là depuis hier ne sont pas très compliqués <eos>,14,compliqués,compliquées,12,F,S,compliqués,-6.013022,compliquées,-10.456985,1
11580,P_NOUN_9_ADJ_b,M,P,les billets avec la bougie qui étaient là depuis hier ne sont pas très verts <eos>,14,verts,vertes,12,F,S,verts,-9.376157,vertes,-14.678649,1
11581,P_NOUN_9_ADJ_b,M,P,les billets avec la bougie qui étaient là depuis hier ne sont pas très bleus <eos>,14,bleus,bleues,12,F,S,bleus,-10.781388,bleues,-15.294774,1
11582,P_NOUN_9_ADJ_b,M,P,les billets avec la bougie qui étaient là depuis hier ne sont pas très noirs <eos>,14,noirs,noires,12,F,S,noirs,-10.685127,noires,-14.06576,1
11583,P_NOUN_9_ADJ_b,M,P,les billets avec la bougie qui étaient là depuis hier ne sont pas très délicats <eos>,14,délicats,délicates,12,F,S,délicats,-8.09001,délicates,-10.904352,1
11584,P_NOUN_9_ADJ_b,M,P,les billets avec la bougie qui étaient là depuis hier ne sont pas très pointus <eos>,14,pointus,pointues,12,F,S,pointus,-10.488034,pointues,-12.860733,1
11585,P_NOUN_9_ADJ_b,M,P,les billets avec la bougie qui étaient là depuis hier ne sont pas très ronds <eos>,14,ronds,rondes,12,F,S,ronds,-11.68227,rondes,-15.430443,1
11586,P_NOUN_9_ADJ_b,M,P,les billets avec la bougie qui étaient là depuis hier ne sont pas très froids <eos>,14,froids,froides,12,F,S,froids,-9.718191,froides,-9.566579,0
11587,P_NOUN_9_ADJ_b,M,P,les billets avec la bougie qui étaient là depuis hier ne sont pas très chauds <eos>,14,chauds,chaudes,12,F,S,chauds,-7.8679223,chaudes,-11.461542,1
11588,P_NOUN_9_ADJ_b,M,P,les billets avec la bougie qui étaient là depuis hier ne sont pas très importants <eos>,14,importants,importantes,12,F,S,importants,-4.6638684,importantes,-8.228397,1
11589,P_NOUN_9_ADJ_b,M,P,les billets avec la bougie qui étaient là depuis hier ne sont pas très courts <eos>,14,courts,courtes,12,F,S,courts,-6.3044715,courtes,-9.845287,1
11590,P_NOUN_9_ADJ_b,M,P,les billets avec la bougie qui étaient là depuis hier ne sont pas très durs <eos>,14,durs,dures,12,F,S,durs,-5.680421,dures,-7.943693,1
11591,P_NOUN_9_ADJ_b,M,P,les billets avec la bougie qui étaient là depuis hier ne sont pas très clairs <eos>,14,clairs,claires,12,F,S,clairs,-4.557582,claires,-8.262445,1
11592,P_NOUN_9_ADJ_b,M,P,les billets avec la bougie qui étaient là depuis hier ne sont pas très intéressants <eos>,14,intéressants,intéressantes,12,F,S,intéressants,-5.5926614,intéressantes,-9.660851,1
11593,P_NOUN_9_ADJ_b,M,P,les billets avec la bougie qui étaient là depuis hier ne sont pas très brillants <eos>,14,brillants,brillantes,12,F,S,brillants,-6.5294185,brillantes,-10.932049,1
11594,P_NOUN_9_ADJ_b,M,P,les billets avec la bougie qui étaient là depuis hier ne sont pas très compliqués <eos>,14,compliqués,compliquées,12,F,S,compliqués,-5.6014156,compliquées,-9.754392,1
11595,P_NOUN_9_ADJ_b,M,P,les billets avec la pochette qui étaient là depuis hier ne sont pas très verts <eos>,14,verts,vertes,12,F,S,verts,-8.558354,vertes,-13.838477,1
11596,P_NOUN_9_ADJ_b,M,P,les billets avec la pochette qui étaient là depuis hier ne sont pas très bleus <eos>,14,bleus,bleues,12,F,S,bleus,-10.17663,bleues,-14.235214,1
11597,P_NOUN_9_ADJ_b,M,P,les billets avec la pochette qui étaient là depuis hier ne sont pas très noirs <eos>,14,noirs,noires,12,F,S,noirs,-10.289069,noires,-13.411468,1
11598,P_NOUN_9_ADJ_b,M,P,les billets avec la pochette qui étaient là depuis hier ne sont pas très délicats <eos>,14,délicats,délicates,12,F,S,délicats,-8.291017,délicates,-10.526326,1
11599,P_NOUN_9_ADJ_b,M,P,les billets avec la pochette qui étaient là depuis hier ne sont pas très pointus <eos>,14,pointus,pointues,12,F,S,pointus,-10.095577,pointues,-12.567966,1
11600,P_NOUN_9_ADJ_b,M,P,les billets avec la pochette qui étaient là depuis hier ne sont pas très ronds <eos>,14,ronds,rondes,12,F,S,ronds,-10.858501,rondes,-14.56827,1
11601,P_NOUN_9_ADJ_b,M,P,les billets avec la pochette qui étaient là depuis hier ne sont pas très froids <eos>,14,froids,froides,12,F,S,froids,-10.369406,froides,-9.772195,0
11602,P_NOUN_9_ADJ_b,M,P,les billets avec la pochette qui étaient là depuis hier ne sont pas très chauds <eos>,14,chauds,chaudes,12,F,S,chauds,-8.589067,chaudes,-12.151714,1
11603,P_NOUN_9_ADJ_b,M,P,les billets avec la pochette qui étaient là depuis hier ne sont pas très importants <eos>,14,importants,importantes,12,F,S,importants,-5.084464,importantes,-8.79523,1
11604,P_NOUN_9_ADJ_b,M,P,les billets avec la pochette qui étaient là depuis hier ne sont pas très courts <eos>,14,courts,courtes,12,F,S,courts,-5.607846,courtes,-9.68137,1
11605,P_NOUN_9_ADJ_b,M,P,les billets avec la pochette qui étaient là depuis hier ne sont pas très durs <eos>,14,durs,dures,12,F,S,durs,-5.8207483,dures,-8.6368,1
11606,P_NOUN_9_ADJ_b,M,P,les billets avec la pochette qui étaient là depuis hier ne sont pas très clairs <eos>,14,clairs,claires,12,F,S,clairs,-4.4561515,claires,-7.8601823,1
11607,P_NOUN_9_ADJ_b,M,P,les billets avec la pochette qui étaient là depuis hier ne sont pas très intéressants <eos>,14,intéressants,intéressantes,12,F,S,intéressants,-4.9098816,intéressantes,-9.318755,1
11608,P_NOUN_9_ADJ_b,M,P,les billets avec la pochette qui étaient là depuis hier ne sont pas très brillants <eos>,14,brillants,brillantes,12,F,S,brillants,-6.8012304,brillantes,-10.911524,1
11609,P_NOUN_9_ADJ_b,M,P,les billets avec la pochette qui étaient là depuis hier ne sont pas très compliqués <eos>,14,compliqués,compliquées,12,F,S,compliqués,-5.71715,compliquées,-9.441841,1
11610,P_NOUN_9_ADJ_b,M,P,les billets avec la banane qui étaient là depuis hier ne sont pas très verts <eos>,14,verts,vertes,12,F,S,verts,-8.864645,vertes,-14.245621,1
11611,P_NOUN_9_ADJ_b,M,P,les billets avec la banane qui étaient là depuis hier ne sont pas très bleus <eos>,14,bleus,bleues,12,F,S,bleus,-10.608889,bleues,-15.050728,1
11612,P_NOUN_9_ADJ_b,M,P,les billets avec la banane qui étaient là depuis hier ne sont pas très noirs <eos>,14,noirs,noires,12,F,S,noirs,-10.260109,noires,-13.936253,1
11613,P_NOUN_9_ADJ_b,M,P,les billets avec la banane qui étaient là depuis hier ne sont pas très délicats <eos>,14,délicats,délicates,12,F,S,délicats,-7.8165946,délicates,-10.623438,1
11614,P_NOUN_9_ADJ_b,M,P,les billets avec la banane qui étaient là depuis hier ne sont pas très pointus <eos>,14,pointus,pointues,12,F,S,pointus,-10.310818,pointues,-13.212883,1
11615,P_NOUN_9_ADJ_b,M,P,les billets avec la banane qui étaient là depuis hier ne sont pas très ronds <eos>,14,ronds,rondes,12,F,S,ronds,-11.366172,rondes,-15.563698,1
11616,P_NOUN_9_ADJ_b,M,P,les billets avec la banane qui étaient là depuis hier ne sont pas très froids <eos>,14,froids,froides,12,F,S,froids,-8.947982,froides,-9.809679,1
11617,P_NOUN_9_ADJ_b,M,P,les billets avec la banane qui étaient là depuis hier ne sont pas très chauds <eos>,14,chauds,chaudes,12,F,S,chauds,-7.916864,chaudes,-10.964069,1
11618,P_NOUN_9_ADJ_b,M,P,les billets avec la banane qui étaient là depuis hier ne sont pas très importants <eos>,14,importants,importantes,12,F,S,importants,-4.4328966,importantes,-7.892273,1
11619,P_NOUN_9_ADJ_b,M,P,les billets avec la banane qui étaient là depuis hier ne sont pas très courts <eos>,14,courts,courtes,12,F,S,courts,-6.0648074,courtes,-10.267662,1
11620,P_NOUN_9_ADJ_b,M,P,les billets avec la banane qui étaient là depuis hier ne sont pas très durs <eos>,14,durs,dures,12,F,S,durs,-5.7594786,dures,-7.362048,1
11621,P_NOUN_9_ADJ_b,M,P,les billets avec la banane qui étaient là depuis hier ne sont pas très clairs <eos>,14,clairs,claires,12,F,S,clairs,-4.3412504,claires,-7.962391,1
11622,P_NOUN_9_ADJ_b,M,P,les billets avec la banane qui étaient là depuis hier ne sont pas très intéressants <eos>,14,intéressants,intéressantes,12,F,S,intéressants,-5.743206,intéressantes,-9.691892,1
11623,P_NOUN_9_ADJ_b,M,P,les billets avec la banane qui étaient là depuis hier ne sont pas très brillants <eos>,14,brillants,brillantes,12,F,S,brillants,-6.521941,brillantes,-10.515679,1
11624,P_NOUN_9_ADJ_b,M,P,les billets avec la banane qui étaient là depuis hier ne sont pas très compliqués <eos>,14,compliqués,compliquées,12,F,S,compliqués,-6.0707736,compliquées,-10.298592,1
11625,P_NOUN_9_ADJ_b,M,P,les billets avec la robe qui étaient là depuis hier ne sont pas très verts <eos>,14,verts,vertes,12,F,S,verts,-8.819848,vertes,-14.093944,1
11626,P_NOUN_9_ADJ_b,M,P,les billets avec la robe qui étaient là depuis hier ne sont pas très bleus <eos>,14,bleus,bleues,12,F,S,bleus,-9.940136,bleues,-14.510632,1
11627,P_NOUN_9_ADJ_b,M,P,les billets avec la robe qui étaient là depuis hier ne sont pas très noirs <eos>,14,noirs,noires,12,F,S,noirs,-9.970555,noires,-13.592891,1
11628,P_NOUN_9_ADJ_b,M,P,les billets avec la robe qui étaient là depuis hier ne sont pas très délicats <eos>,14,délicats,délicates,12,F,S,délicats,-8.5134115,délicates,-11.179567,1
11629,P_NOUN_9_ADJ_b,M,P,les billets avec la robe qui étaient là depuis hier ne sont pas très pointus <eos>,14,pointus,pointues,12,F,S,pointus,-10.575697,pointues,-13.148646,1
11630,P_NOUN_9_ADJ_b,M,P,les billets avec la robe qui étaient là depuis hier ne sont pas très ronds <eos>,14,ronds,rondes,12,F,S,ronds,-11.762003,rondes,-15.291768,1
11631,P_NOUN_9_ADJ_b,M,P,les billets avec la robe qui étaient là depuis hier ne sont pas très froids <eos>,14,froids,froides,12,F,S,froids,-9.623769,froides,-9.637603,1
11632,P_NOUN_9_ADJ_b,M,P,les billets avec la robe qui étaient là depuis hier ne sont pas très chauds <eos>,14,chauds,chaudes,12,F,S,chauds,-7.5321646,chaudes,-11.414694,1
11633,P_NOUN_9_ADJ_b,M,P,les billets avec la robe qui étaient là depuis hier ne sont pas très importants <eos>,14,importants,importantes,12,F,S,importants,-4.7484374,importantes,-8.177929,1
11634,P_NOUN_9_ADJ_b,M,P,les billets avec la robe qui étaient là depuis hier ne sont pas très courts <eos>,14,courts,courtes,12,F,S,courts,-5.923419,courtes,-9.622303,1
11635,P_NOUN_9_ADJ_b,M,P,les billets avec la robe qui étaient là depuis hier ne sont pas très durs <eos>,14,durs,dures,12,F,S,durs,-6.0486584,dures,-8.024413,1
11636,P_NOUN_9_ADJ_b,M,P,les billets avec la robe qui étaient là depuis hier ne sont pas très clairs <eos>,14,clairs,claires,12,F,S,clairs,-3.4054213,claires,-7.919858,1
11637,P_NOUN_9_ADJ_b,M,P,les billets avec la robe qui étaient là depuis hier ne sont pas très intéressants <eos>,14,intéressants,intéressantes,12,F,S,intéressants,-5.862461,intéressantes,-9.987935,1
11638,P_NOUN_9_ADJ_b,M,P,les billets avec la robe qui étaient là depuis hier ne sont pas très brillants <eos>,14,brillants,brillantes,12,F,S,brillants,-6.6907887,brillantes,-10.65177,1
11639,P_NOUN_9_ADJ_b,M,P,les billets avec la robe qui étaient là depuis hier ne sont pas très compliqués <eos>,14,compliqués,compliquées,12,F,S,compliqués,-5.9470367,compliquées,-10.204782,1
11640,P_NOUN_9_ADJ_b,M,P,les billets avec la valise qui étaient là depuis hier ne sont pas très verts <eos>,14,verts,vertes,12,F,S,verts,-9.56189,vertes,-14.291643,1
11641,P_NOUN_9_ADJ_b,M,P,les billets avec la valise qui étaient là depuis hier ne sont pas très bleus <eos>,14,bleus,bleues,12,F,S,bleus,-10.395296,bleues,-15.126937,1
11642,P_NOUN_9_ADJ_b,M,P,les billets avec la valise qui étaient là depuis hier ne sont pas très noirs <eos>,14,noirs,noires,12,F,S,noirs,-10.650272,noires,-13.830264,1
11643,P_NOUN_9_ADJ_b,M,P,les billets avec la valise qui étaient là depuis hier ne sont pas très délicats <eos>,14,délicats,délicates,12,F,S,délicats,-8.734795,délicates,-10.911593,1
11644,P_NOUN_9_ADJ_b,M,P,les billets avec la valise qui étaient là depuis hier ne sont pas très pointus <eos>,14,pointus,pointues,12,F,S,pointus,-9.961562,pointues,-12.775829,1
11645,P_NOUN_9_ADJ_b,M,P,les billets avec la valise qui étaient là depuis hier ne sont pas très ronds <eos>,14,ronds,rondes,12,F,S,ronds,-12.004759,rondes,-15.37443,1
11646,P_NOUN_9_ADJ_b,M,P,les billets avec la valise qui étaient là depuis hier ne sont pas très froids <eos>,14,froids,froides,12,F,S,froids,-10.427282,froides,-10.056635,0
11647,P_NOUN_9_ADJ_b,M,P,les billets avec la valise qui étaient là depuis hier ne sont pas très chauds <eos>,14,chauds,chaudes,12,F,S,chauds,-8.186201,chaudes,-12.257849,1
11648,P_NOUN_9_ADJ_b,M,P,les billets avec la valise qui étaient là depuis hier ne sont pas très importants <eos>,14,importants,importantes,12,F,S,importants,-5.0117235,importantes,-8.530757,1
11649,P_NOUN_9_ADJ_b,M,P,les billets avec la valise qui étaient là depuis hier ne sont pas très courts <eos>,14,courts,courtes,12,F,S,courts,-6.222318,courtes,-9.671663,1
11650,P_NOUN_9_ADJ_b,M,P,les billets avec la valise qui étaient là depuis hier ne sont pas très durs <eos>,14,durs,dures,12,F,S,durs,-5.810827,dures,-8.651293,1
11651,P_NOUN_9_ADJ_b,M,P,les billets avec la valise qui étaient là depuis hier ne sont pas très clairs <eos>,14,clairs,claires,12,F,S,clairs,-4.8083754,claires,-8.854205,1
11652,P_NOUN_9_ADJ_b,M,P,les billets avec la valise qui étaient là depuis hier ne sont pas très intéressants <eos>,14,intéressants,intéressantes,12,F,S,intéressants,-5.1393886,intéressantes,-9.803171,1
11653,P_NOUN_9_ADJ_b,M,P,les billets avec la valise qui étaient là depuis hier ne sont pas très brillants <eos>,14,brillants,brillantes,12,F,S,brillants,-6.9580193,brillantes,-11.395745,1
11654,P_NOUN_9_ADJ_b,M,P,les billets avec la valise qui étaient là depuis hier ne sont pas très compliqués <eos>,14,compliqués,compliquées,12,F,S,compliqués,-5.5029173,compliquées,-9.528869,1
11655,P_NOUN_9_ADJ_b,M,P,les billets avec la pendule qui étaient là depuis hier ne sont pas très verts <eos>,14,verts,vertes,12,F,S,verts,-8.973731,vertes,-14.286808,1
11656,P_NOUN_9_ADJ_b,M,P,les billets avec la pendule qui étaient là depuis hier ne sont pas très bleus <eos>,14,bleus,bleues,12,F,S,bleus,-10.993359,bleues,-15.203138,1
11657,P_NOUN_9_ADJ_b,M,P,les billets avec la pendule qui étaient là depuis hier ne sont pas très noirs <eos>,14,noirs,noires,12,F,S,noirs,-10.97577,noires,-14.057214,1
11658,P_NOUN_9_ADJ_b,M,P,les billets avec la pendule qui étaient là depuis hier ne sont pas très délicats <eos>,14,délicats,délicates,12,F,S,délicats,-8.577175,délicates,-11.3863535,1
11659,P_NOUN_9_ADJ_b,M,P,les billets avec la pendule qui étaient là depuis hier ne sont pas très pointus <eos>,14,pointus,pointues,12,F,S,pointus,-10.115203,pointues,-12.694021,1
11660,P_NOUN_9_ADJ_b,M,P,les billets avec la pendule qui étaient là depuis hier ne sont pas très ronds <eos>,14,ronds,rondes,12,F,S,ronds,-11.838153,rondes,-15.417898,1
11661,P_NOUN_9_ADJ_b,M,P,les billets avec la pendule qui étaient là depuis hier ne sont pas très froids <eos>,14,froids,froides,12,F,S,froids,-10.028563,froides,-9.866018,0
11662,P_NOUN_9_ADJ_b,M,P,les billets avec la pendule qui étaient là depuis hier ne sont pas très chauds <eos>,14,chauds,chaudes,12,F,S,chauds,-7.698709,chaudes,-11.659761,1
11663,P_NOUN_9_ADJ_b,M,P,les billets avec la pendule qui étaient là depuis hier ne sont pas très importants <eos>,14,importants,importantes,12,F,S,importants,-4.730546,importantes,-8.294051,1
11664,P_NOUN_9_ADJ_b,M,P,les billets avec la pendule qui étaient là depuis hier ne sont pas très courts <eos>,14,courts,courtes,12,F,S,courts,-6.092657,courtes,-9.579668,1
11665,P_NOUN_9_ADJ_b,M,P,les billets avec la pendule qui étaient là depuis hier ne sont pas très durs <eos>,14,durs,dures,12,F,S,durs,-5.8104343,dures,-8.313116,1
11666,P_NOUN_9_ADJ_b,M,P,les billets avec la pendule qui étaient là depuis hier ne sont pas très clairs <eos>,14,clairs,claires,12,F,S,clairs,-4.8341427,claires,-8.563453,1
11667,P_NOUN_9_ADJ_b,M,P,les billets avec la pendule qui étaient là depuis hier ne sont pas très intéressants <eos>,14,intéressants,intéressantes,12,F,S,intéressants,-5.6367493,intéressantes,-9.828692,1
11668,P_NOUN_9_ADJ_b,M,P,les billets avec la pendule qui étaient là depuis hier ne sont pas très brillants <eos>,14,brillants,brillantes,12,F,S,brillants,-6.4297123,brillantes,-10.711003,1
11669,P_NOUN_9_ADJ_b,M,P,les billets avec la pendule qui étaient là depuis hier ne sont pas très compliqués <eos>,14,compliqués,compliquées,12,F,S,compliqués,-5.4224453,compliquées,-9.894713,1
11670,P_NOUN_9_ADJ_b,M,P,les billets avec la cloche qui étaient là depuis hier ne sont pas très verts <eos>,14,verts,vertes,12,F,S,verts,-8.899,vertes,-14.37577,1
11671,P_NOUN_9_ADJ_b,M,P,les billets avec la cloche qui étaient là depuis hier ne sont pas très bleus <eos>,14,bleus,bleues,12,F,S,bleus,-10.524045,bleues,-15.219262,1
11672,P_NOUN_9_ADJ_b,M,P,les billets avec la cloche qui étaient là depuis hier ne sont pas très noirs <eos>,14,noirs,noires,12,F,S,noirs,-10.815365,noires,-14.193725,1
11673,P_NOUN_9_ADJ_b,M,P,les billets avec la cloche qui étaient là depuis hier ne sont pas très délicats <eos>,14,délicats,délicates,12,F,S,délicats,-8.45329,délicates,-11.011065,1
11674,P_NOUN_9_ADJ_b,M,P,les billets avec la cloche qui étaient là depuis hier ne sont pas très pointus <eos>,14,pointus,pointues,12,F,S,pointus,-10.436209,pointues,-12.99175,1
11675,P_NOUN_9_ADJ_b,M,P,les billets avec la cloche qui étaient là depuis hier ne sont pas très ronds <eos>,14,ronds,rondes,12,F,S,ronds,-11.606131,rondes,-15.334414,1
11676,P_NOUN_9_ADJ_b,M,P,les billets avec la cloche qui étaient là depuis hier ne sont pas très froids <eos>,14,froids,froides,12,F,S,froids,-10.13227,froides,-10.6134615,1
11677,P_NOUN_9_ADJ_b,M,P,les billets avec la cloche qui étaient là depuis hier ne sont pas très chauds <eos>,14,chauds,chaudes,12,F,S,chauds,-8.151796,chaudes,-11.874666,1
11678,P_NOUN_9_ADJ_b,M,P,les billets avec la cloche qui étaient là depuis hier ne sont pas très importants <eos>,14,importants,importantes,12,F,S,importants,-4.4758425,importantes,-8.154889,1
11679,P_NOUN_9_ADJ_b,M,P,les billets avec la cloche qui étaient là depuis hier ne sont pas très courts <eos>,14,courts,courtes,12,F,S,courts,-6.0243053,courtes,-9.763114,1
11680,P_NOUN_9_ADJ_b,M,P,les billets avec la cloche qui étaient là depuis hier ne sont pas très durs <eos>,14,durs,dures,12,F,S,durs,-6.1313267,dures,-8.418328,1
11681,P_NOUN_9_ADJ_b,M,P,les billets avec la cloche qui étaient là depuis hier ne sont pas très clairs <eos>,14,clairs,claires,12,F,S,clairs,-4.4472046,claires,-8.77205,1
11682,P_NOUN_9_ADJ_b,M,P,les billets avec la cloche qui étaient là depuis hier ne sont pas très intéressants <eos>,14,intéressants,intéressantes,12,F,S,intéressants,-5.2600555,intéressantes,-9.6178465,1
11683,P_NOUN_9_ADJ_b,M,P,les billets avec la cloche qui étaient là depuis hier ne sont pas très brillants <eos>,14,brillants,brillantes,12,F,S,brillants,-6.660833,brillantes,-11.146288,1
11684,P_NOUN_9_ADJ_b,M,P,les billets avec la cloche qui étaient là depuis hier ne sont pas très compliqués <eos>,14,compliqués,compliquées,12,F,S,compliqués,-5.940867,compliquées,-10.040447,1
11685,P_NOUN_9_ADJ_b,M,P,les billets avec la cerise qui étaient là depuis hier ne sont pas très verts <eos>,14,verts,vertes,12,F,S,verts,-8.720894,vertes,-14.060277,1
11686,P_NOUN_9_ADJ_b,M,P,les billets avec la cerise qui étaient là depuis hier ne sont pas très bleus <eos>,14,bleus,bleues,12,F,S,bleus,-10.624018,bleues,-15.390982,1
11687,P_NOUN_9_ADJ_b,M,P,les billets avec la cerise qui étaient là depuis hier ne sont pas très noirs <eos>,14,noirs,noires,12,F,S,noirs,-10.564046,noires,-14.108124,1
11688,P_NOUN_9_ADJ_b,M,P,les billets avec la cerise qui étaient là depuis hier ne sont pas très délicats <eos>,14,délicats,délicates,12,F,S,délicats,-7.543904,délicates,-10.515242,1
11689,P_NOUN_9_ADJ_b,M,P,les billets avec la cerise qui étaient là depuis hier ne sont pas très pointus <eos>,14,pointus,pointues,12,F,S,pointus,-10.661812,pointues,-13.22087,1
11690,P_NOUN_9_ADJ_b,M,P,les billets avec la cerise qui étaient là depuis hier ne sont pas très ronds <eos>,14,ronds,rondes,12,F,S,ronds,-11.090588,rondes,-15.438614,1
11691,P_NOUN_9_ADJ_b,M,P,les billets avec la cerise qui étaient là depuis hier ne sont pas très froids <eos>,14,froids,froides,12,F,S,froids,-9.064024,froides,-9.175737,1
11692,P_NOUN_9_ADJ_b,M,P,les billets avec la cerise qui étaient là depuis hier ne sont pas très chauds <eos>,14,chauds,chaudes,12,F,S,chauds,-7.304099,chaudes,-10.749664,1
11693,P_NOUN_9_ADJ_b,M,P,les billets avec la cerise qui étaient là depuis hier ne sont pas très importants <eos>,14,importants,importantes,12,F,S,importants,-4.742592,importantes,-8.1410675,1
11694,P_NOUN_9_ADJ_b,M,P,les billets avec la cerise qui étaient là depuis hier ne sont pas très courts <eos>,14,courts,courtes,12,F,S,courts,-6.5139704,courtes,-10.591376,1
11695,P_NOUN_9_ADJ_b,M,P,les billets avec la cerise qui étaient là depuis hier ne sont pas très durs <eos>,14,durs,dures,12,F,S,durs,-5.7286797,dures,-7.8732243,1
11696,P_NOUN_9_ADJ_b,M,P,les billets avec la cerise qui étaient là depuis hier ne sont pas très clairs <eos>,14,clairs,claires,12,F,S,clairs,-4.6600127,claires,-8.165686,1
11697,P_NOUN_9_ADJ_b,M,P,les billets avec la cerise qui étaient là depuis hier ne sont pas très intéressants <eos>,14,intéressants,intéressantes,12,F,S,intéressants,-5.770643,intéressantes,-9.538887,1
11698,P_NOUN_9_ADJ_b,M,P,les billets avec la cerise qui étaient là depuis hier ne sont pas très brillants <eos>,14,brillants,brillantes,12,F,S,brillants,-6.312546,brillantes,-10.67386,1
11699,P_NOUN_9_ADJ_b,M,P,les billets avec la cerise qui étaient là depuis hier ne sont pas très compliqués <eos>,14,compliqués,compliquées,12,F,S,compliqués,-5.895959,compliquées,-10.293926,1
11700,P_NOUN_9_ADJ_b,M,P,les légumes avec la gemme qui étaient là depuis hier ne sont pas très verts <eos>,14,verts,vertes,12,F,S,verts,-7.5980644,vertes,-12.234931,1
11701,P_NOUN_9_ADJ_b,M,P,les légumes avec la gemme qui étaient là depuis hier ne sont pas très bleus <eos>,14,bleus,bleues,12,F,S,bleus,-9.456083,bleues,-13.703226,1
11702,P_NOUN_9_ADJ_b,M,P,les légumes avec la gemme qui étaient là depuis hier ne sont pas très noirs <eos>,14,noirs,noires,12,F,S,noirs,-9.342361,noires,-11.884664,1
11703,P_NOUN_9_ADJ_b,M,P,les légumes avec la gemme qui étaient là depuis hier ne sont pas très délicats <eos>,14,délicats,délicates,12,F,S,délicats,-6.8384514,délicates,-10.140443,1
11704,P_NOUN_9_ADJ_b,M,P,les légumes avec la gemme qui étaient là depuis hier ne sont pas très pointus <eos>,14,pointus,pointues,12,F,S,pointus,-10.072647,pointues,-11.973914,1
11705,P_NOUN_9_ADJ_b,M,P,les légumes avec la gemme qui étaient là depuis hier ne sont pas très ronds <eos>,14,ronds,rondes,12,F,S,ronds,-9.837264,rondes,-12.921156,1
11706,P_NOUN_9_ADJ_b,M,P,les légumes avec la gemme qui étaient là depuis hier ne sont pas très froids <eos>,14,froids,froides,12,F,S,froids,-6.95325,froides,-7.544796,1
11707,P_NOUN_9_ADJ_b,M,P,les légumes avec la gemme qui étaient là depuis hier ne sont pas très chauds <eos>,14,chauds,chaudes,12,F,S,chauds,-5.363945,chaudes,-8.013233,1
11708,P_NOUN_9_ADJ_b,M,P,les légumes avec la gemme qui étaient là depuis hier ne sont pas très importants <eos>,14,importants,importantes,12,F,S,importants,-5.4330387,importantes,-7.6308146,1
11709,P_NOUN_9_ADJ_b,M,P,les légumes avec la gemme qui étaient là depuis hier ne sont pas très courts <eos>,14,courts,courtes,12,F,S,courts,-6.4789248,courtes,-9.880954,1
11710,P_NOUN_9_ADJ_b,M,P,les légumes avec la gemme qui étaient là depuis hier ne sont pas très durs <eos>,14,durs,dures,12,F,S,durs,-5.2757425,dures,-7.308773,1
11711,P_NOUN_9_ADJ_b,M,P,les légumes avec la gemme qui étaient là depuis hier ne sont pas très clairs <eos>,14,clairs,claires,12,F,S,clairs,-4.3164196,claires,-6.7453775,1
11712,P_NOUN_9_ADJ_b,M,P,les légumes avec la gemme qui étaient là depuis hier ne sont pas très intéressants <eos>,14,intéressants,intéressantes,12,F,S,intéressants,-6.6894984,intéressantes,-8.785732,1
11713,P_NOUN_9_ADJ_b,M,P,les légumes avec la gemme qui étaient là depuis hier ne sont pas très brillants <eos>,14,brillants,brillantes,12,F,S,brillants,-6.5549083,brillantes,-9.345169,1
11714,P_NOUN_9_ADJ_b,M,P,les légumes avec la gemme qui étaient là depuis hier ne sont pas très compliqués <eos>,14,compliqués,compliquées,12,F,S,compliqués,-6.6765914,compliquées,-10.904049,1
11715,P_NOUN_9_ADJ_b,M,P,les légumes avec la chaise qui étaient là depuis hier ne sont pas très verts <eos>,14,verts,vertes,12,F,S,verts,-7.90324,vertes,-12.678696,1
11716,P_NOUN_9_ADJ_b,M,P,les légumes avec la chaise qui étaient là depuis hier ne sont pas très bleus <eos>,14,bleus,bleues,12,F,S,bleus,-9.730992,bleues,-13.899938,1
11717,P_NOUN_9_ADJ_b,M,P,les légumes avec la chaise qui étaient là depuis hier ne sont pas très noirs <eos>,14,noirs,noires,12,F,S,noirs,-9.397703,noires,-11.819171,1
11718,P_NOUN_9_ADJ_b,M,P,les légumes avec la chaise qui étaient là depuis hier ne sont pas très délicats <eos>,14,délicats,délicates,12,F,S,délicats,-7.160269,délicates,-10.46044,1
11719,P_NOUN_9_ADJ_b,M,P,les légumes avec la chaise qui étaient là depuis hier ne sont pas très pointus <eos>,14,pointus,pointues,12,F,S,pointus,-9.881096,pointues,-11.300287,1
11720,P_NOUN_9_ADJ_b,M,P,les légumes avec la chaise qui étaient là depuis hier ne sont pas très ronds <eos>,14,ronds,rondes,12,F,S,ronds,-9.302456,rondes,-12.094072,1
11721,P_NOUN_9_ADJ_b,M,P,les légumes avec la chaise qui étaient là depuis hier ne sont pas très froids <eos>,14,froids,froides,12,F,S,froids,-8.159001,froides,-8.410957,1
11722,P_NOUN_9_ADJ_b,M,P,les légumes avec la chaise qui étaient là depuis hier ne sont pas très chauds <eos>,14,chauds,chaudes,12,F,S,chauds,-6.1829877,chaudes,-9.006748,1
11723,P_NOUN_9_ADJ_b,M,P,les légumes avec la chaise qui étaient là depuis hier ne sont pas très importants <eos>,14,importants,importantes,12,F,S,importants,-5.6502466,importantes,-8.163423,1
11724,P_NOUN_9_ADJ_b,M,P,les légumes avec la chaise qui étaient là depuis hier ne sont pas très courts <eos>,14,courts,courtes,12,F,S,courts,-6.30208,courtes,-9.705723,1
11725,P_NOUN_9_ADJ_b,M,P,les légumes avec la chaise qui étaient là depuis hier ne sont pas très durs <eos>,14,durs,dures,12,F,S,durs,-5.250723,dures,-7.6296883,1
11726,P_NOUN_9_ADJ_b,M,P,les légumes avec la chaise qui étaient là depuis hier ne sont pas très clairs <eos>,14,clairs,claires,12,F,S,clairs,-4.8104086,claires,-7.058095,1
11727,P_NOUN_9_ADJ_b,M,P,les légumes avec la chaise qui étaient là depuis hier ne sont pas très intéressants <eos>,14,intéressants,intéressantes,12,F,S,intéressants,-6.716108,intéressantes,-9.366581,1
11728,P_NOUN_9_ADJ_b,M,P,les légumes avec la chaise qui étaient là depuis hier ne sont pas très brillants <eos>,14,brillants,brillantes,12,F,S,brillants,-6.9943676,brillantes,-9.740332,1
11729,P_NOUN_9_ADJ_b,M,P,les légumes avec la chaise qui étaient là depuis hier ne sont pas très compliqués <eos>,14,compliqués,compliquées,12,F,S,compliqués,-6.444095,compliquées,-10.375469,1
11730,P_NOUN_9_ADJ_b,M,P,les légumes avec la poubelle qui étaient là depuis hier ne sont pas très verts <eos>,14,verts,vertes,12,F,S,verts,-7.828593,vertes,-12.420904,1
11731,P_NOUN_9_ADJ_b,M,P,les légumes avec la poubelle qui étaient là depuis hier ne sont pas très bleus <eos>,14,bleus,bleues,12,F,S,bleus,-9.630851,bleues,-13.835273,1
11732,P_NOUN_9_ADJ_b,M,P,les légumes avec la poubelle qui étaient là depuis hier ne sont pas très noirs <eos>,14,noirs,noires,12,F,S,noirs,-9.5768385,noires,-12.061231,1
11733,P_NOUN_9_ADJ_b,M,P,les légumes avec la poubelle qui étaient là depuis hier ne sont pas très délicats <eos>,14,délicats,délicates,12,F,S,délicats,-6.960842,délicates,-10.420062,1
11734,P_NOUN_9_ADJ_b,M,P,les légumes avec la poubelle qui étaient là depuis hier ne sont pas très pointus <eos>,14,pointus,pointues,12,F,S,pointus,-10.083291,pointues,-11.694174,1
11735,P_NOUN_9_ADJ_b,M,P,les légumes avec la poubelle qui étaient là depuis hier ne sont pas très ronds <eos>,14,ronds,rondes,12,F,S,ronds,-10.069741,rondes,-12.817192,1
11736,P_NOUN_9_ADJ_b,M,P,les légumes avec la poubelle qui étaient là depuis hier ne sont pas très froids <eos>,14,froids,froides,12,F,S,froids,-7.5362215,froides,-7.6726494,1
11737,P_NOUN_9_ADJ_b,M,P,les légumes avec la poubelle qui étaient là depuis hier ne sont pas très chauds <eos>,14,chauds,chaudes,12,F,S,chauds,-5.749579,chaudes,-8.586916,1
11738,P_NOUN_9_ADJ_b,M,P,les légumes avec la poubelle qui étaient là depuis hier ne sont pas très importants <eos>,14,importants,importantes,12,F,S,importants,-5.5391016,importantes,-7.927371,1
11739,P_NOUN_9_ADJ_b,M,P,les légumes avec la poubelle qui étaient là depuis hier ne sont pas très courts <eos>,14,courts,courtes,12,F,S,courts,-6.572451,courtes,-10.068878,1
11740,P_NOUN_9_ADJ_b,M,P,les légumes avec la poubelle qui étaient là depuis hier ne sont pas très durs <eos>,14,durs,dures,12,F,S,durs,-5.352686,dures,-7.472784,1
11741,P_NOUN_9_ADJ_b,M,P,les légumes avec la poubelle qui étaient là depuis hier ne sont pas très clairs <eos>,14,clairs,claires,12,F,S,clairs,-4.880182,claires,-7.127481,1
11742,P_NOUN_9_ADJ_b,M,P,les légumes avec la poubelle qui étaient là depuis hier ne sont pas très intéressants <eos>,14,intéressants,intéressantes,12,F,S,intéressants,-6.518984,intéressantes,-8.979505,1
11743,P_NOUN_9_ADJ_b,M,P,les légumes avec la poubelle qui étaient là depuis hier ne sont pas très brillants <eos>,14,brillants,brillantes,12,F,S,brillants,-6.9026155,brillantes,-9.778839,1
11744,P_NOUN_9_ADJ_b,M,P,les légumes avec la poubelle qui étaient là depuis hier ne sont pas très compliqués <eos>,14,compliqués,compliquées,12,F,S,compliqués,-6.497162,compliquées,-10.759898,1
11745,P_NOUN_9_ADJ_b,M,P,les légumes avec la chemise qui étaient là depuis hier ne sont pas très verts <eos>,14,verts,vertes,12,F,S,verts,-7.7477098,vertes,-12.488733,1
11746,P_NOUN_9_ADJ_b,M,P,les légumes avec la chemise qui étaient là depuis hier ne sont pas très bleus <eos>,14,bleus,bleues,12,F,S,bleus,-9.084636,bleues,-13.610211,1
11747,P_NOUN_9_ADJ_b,M,P,les légumes avec la chemise qui étaient là depuis hier ne sont pas très noirs <eos>,14,noirs,noires,12,F,S,noirs,-8.992686,noires,-11.657537,1
11748,P_NOUN_9_ADJ_b,M,P,les légumes avec la chemise qui étaient là depuis hier ne sont pas très délicats <eos>,14,délicats,délicates,12,F,S,délicats,-7.2039247,délicates,-10.442261,1
11749,P_NOUN_9_ADJ_b,M,P,les légumes avec la chemise qui étaient là depuis hier ne sont pas très pointus <eos>,14,pointus,pointues,12,F,S,pointus,-9.541273,pointues,-11.359621,1
11750,P_NOUN_9_ADJ_b,M,P,les légumes avec la chemise qui étaient là depuis hier ne sont pas très ronds <eos>,14,ronds,rondes,12,F,S,ronds,-9.620608,rondes,-12.290364,1
11751,P_NOUN_9_ADJ_b,M,P,les légumes avec la chemise qui étaient là depuis hier ne sont pas très froids <eos>,14,froids,froides,12,F,S,froids,-7.9128075,froides,-8.161437,1
11752,P_NOUN_9_ADJ_b,M,P,les légumes avec la chemise qui étaient là depuis hier ne sont pas très chauds <eos>,14,chauds,chaudes,12,F,S,chauds,-5.6789436,chaudes,-9.226181,1
11753,P_NOUN_9_ADJ_b,M,P,les légumes avec la chemise qui étaient là depuis hier ne sont pas très importants <eos>,14,importants,importantes,12,F,S,importants,-5.776452,importantes,-8.207332,1
11754,P_NOUN_9_ADJ_b,M,P,les légumes avec la chemise qui étaient là depuis hier ne sont pas très courts <eos>,14,courts,courtes,12,F,S,courts,-6.100895,courtes,-9.461221,1
11755,P_NOUN_9_ADJ_b,M,P,les légumes avec la chemise qui étaient là depuis hier ne sont pas très durs <eos>,14,durs,dures,12,F,S,durs,-5.329987,dures,-7.804031,1
11756,P_NOUN_9_ADJ_b,M,P,les légumes avec la chemise qui étaient là depuis hier ne sont pas très clairs <eos>,14,clairs,claires,12,F,S,clairs,-4.392288,claires,-7.251482,1
11757,P_NOUN_9_ADJ_b,M,P,les légumes avec la chemise qui étaient là depuis hier ne sont pas très intéressants <eos>,14,intéressants,intéressantes,12,F,S,intéressants,-6.816229,intéressantes,-9.447298,1
11758,P_NOUN_9_ADJ_b,M,P,les légumes avec la chemise qui étaient là depuis hier ne sont pas très brillants <eos>,14,brillants,brillantes,12,F,S,brillants,-6.826823,brillantes,-10.035964,1
11759,P_NOUN_9_ADJ_b,M,P,les légumes avec la chemise qui étaient là depuis hier ne sont pas très compliqués <eos>,14,compliqués,compliquées,12,F,S,compliqués,-6.6563783,compliquées,-10.64567,1
11760,P_NOUN_9_ADJ_b,M,P,les légumes avec la recette qui étaient là depuis hier ne sont pas très verts <eos>,14,verts,vertes,12,F,S,verts,-8.212159,vertes,-12.485829,1
11761,P_NOUN_9_ADJ_b,M,P,les légumes avec la recette qui étaient là depuis hier ne sont pas très bleus <eos>,14,bleus,bleues,12,F,S,bleus,-9.971064,bleues,-14.202843,1
11762,P_NOUN_9_ADJ_b,M,P,les légumes avec la recette qui étaient là depuis hier ne sont pas très noirs <eos>,14,noirs,noires,12,F,S,noirs,-10.010177,noires,-12.544143,1
11763,P_NOUN_9_ADJ_b,M,P,les légumes avec la recette qui étaient là depuis hier ne sont pas très délicats <eos>,14,délicats,délicates,12,F,S,délicats,-6.8637233,délicates,-9.949104,1
11764,P_NOUN_9_ADJ_b,M,P,les légumes avec la recette qui étaient là depuis hier ne sont pas très pointus <eos>,14,pointus,pointues,12,F,S,pointus,-10.812281,pointues,-12.267426,1
11765,P_NOUN_9_ADJ_b,M,P,les légumes avec la recette qui étaient là depuis hier ne sont pas très ronds <eos>,14,ronds,rondes,12,F,S,ronds,-10.107363,rondes,-13.077241,1
11766,P_NOUN_9_ADJ_b,M,P,les légumes avec la recette qui étaient là depuis hier ne sont pas très froids <eos>,14,froids,froides,12,F,S,froids,-7.2536387,froides,-7.464727,1
11767,P_NOUN_9_ADJ_b,M,P,les légumes avec la recette qui étaient là depuis hier ne sont pas très chauds <eos>,14,chauds,chaudes,12,F,S,chauds,-5.5257893,chaudes,-7.9428167,1
11768,P_NOUN_9_ADJ_b,M,P,les légumes avec la recette qui étaient là depuis hier ne sont pas très importants <eos>,14,importants,importantes,12,F,S,importants,-5.458847,importantes,-6.924898,1
11769,P_NOUN_9_ADJ_b,M,P,les légumes avec la recette qui étaient là depuis hier ne sont pas très courts <eos>,14,courts,courtes,12,F,S,courts,-7.1223793,courtes,-9.488117,1
11770,P_NOUN_9_ADJ_b,M,P,les légumes avec la recette qui étaient là depuis hier ne sont pas très durs <eos>,14,durs,dures,12,F,S,durs,-5.4885015,dures,-7.477441,1
11771,P_NOUN_9_ADJ_b,M,P,les légumes avec la recette qui étaient là depuis hier ne sont pas très clairs <eos>,14,clairs,claires,12,F,S,clairs,-5.2903543,claires,-6.6666694,1
11772,P_NOUN_9_ADJ_b,M,P,les légumes avec la recette qui étaient là depuis hier ne sont pas très intéressants <eos>,14,intéressants,intéressantes,12,F,S,intéressants,-6.991101,intéressantes,-8.367245,1
11773,P_NOUN_9_ADJ_b,M,P,les légumes avec la recette qui étaient là depuis hier ne sont pas très brillants <eos>,14,brillants,brillantes,12,F,S,brillants,-7.078808,brillantes,-9.291741,1
11774,P_NOUN_9_ADJ_b,M,P,les légumes avec la recette qui étaient là depuis hier ne sont pas très compliqués <eos>,14,compliqués,compliquées,12,F,S,compliqués,-6.8381004,compliquées,-10.588199,1
11775,P_NOUN_9_ADJ_b,M,P,les légumes avec la jupe qui étaient là depuis hier ne sont pas très verts <eos>,14,verts,vertes,12,F,S,verts,-7.854479,vertes,-12.247677,1
11776,P_NOUN_9_ADJ_b,M,P,les légumes avec la jupe qui étaient là depuis hier ne sont pas très bleus <eos>,14,bleus,bleues,12,F,S,bleus,-9.424711,bleues,-13.461601,1
11777,P_NOUN_9_ADJ_b,M,P,les légumes avec la jupe qui étaient là depuis hier ne sont pas très noirs <eos>,14,noirs,noires,12,F,S,noirs,-9.190972,noires,-11.546779,1
11778,P_NOUN_9_ADJ_b,M,P,les légumes avec la jupe qui étaient là depuis hier ne sont pas très délicats <eos>,14,délicats,délicates,12,F,S,délicats,-7.032927,délicates,-10.226681,1
11779,P_NOUN_9_ADJ_b,M,P,les légumes avec la jupe qui étaient là depuis hier ne sont pas très pointus <eos>,14,pointus,pointues,12,F,S,pointus,-9.7048855,pointues,-11.389271,1
11780,P_NOUN_9_ADJ_b,M,P,les légumes avec la jupe qui étaient là depuis hier ne sont pas très ronds <eos>,14,ronds,rondes,12,F,S,ronds,-9.292421,rondes,-12.230986,1
11781,P_NOUN_9_ADJ_b,M,P,les légumes avec la jupe qui étaient là depuis hier ne sont pas très froids <eos>,14,froids,froides,12,F,S,froids,-8.210821,froides,-8.099846,0
11782,P_NOUN_9_ADJ_b,M,P,les légumes avec la jupe qui étaient là depuis hier ne sont pas très chauds <eos>,14,chauds,chaudes,12,F,S,chauds,-5.9327307,chaudes,-8.874302,1
11783,P_NOUN_9_ADJ_b,M,P,les légumes avec la jupe qui étaient là depuis hier ne sont pas très importants <eos>,14,importants,importantes,12,F,S,importants,-5.7347746,importantes,-7.8641663,1
11784,P_NOUN_9_ADJ_b,M,P,les légumes avec la jupe qui étaient là depuis hier ne sont pas très courts <eos>,14,courts,courtes,12,F,S,courts,-6.271146,courtes,-9.413892,1
11785,P_NOUN_9_ADJ_b,M,P,les légumes avec la jupe qui étaient là depuis hier ne sont pas très durs <eos>,14,durs,dures,12,F,S,durs,-5.3210773,dures,-7.7639217,1
11786,P_NOUN_9_ADJ_b,M,P,les légumes avec la jupe qui étaient là depuis hier ne sont pas très clairs <eos>,14,clairs,claires,12,F,S,clairs,-4.3224697,claires,-6.8025293,1
11787,P_NOUN_9_ADJ_b,M,P,les légumes avec la jupe qui étaient là depuis hier ne sont pas très intéressants <eos>,14,intéressants,intéressantes,12,F,S,intéressants,-6.8976936,intéressantes,-9.143754,1
11788,P_NOUN_9_ADJ_b,M,P,les légumes avec la jupe qui étaient là depuis hier ne sont pas très brillants <eos>,14,brillants,brillantes,12,F,S,brillants,-6.8887606,brillantes,-9.653265,1
11789,P_NOUN_9_ADJ_b,M,P,les légumes avec la jupe qui étaient là depuis hier ne sont pas très compliqués <eos>,14,compliqués,compliquées,12,F,S,compliqués,-6.54107,compliquées,-10.533956,1
11790,P_NOUN_9_ADJ_b,M,P,les légumes avec la colle qui étaient là depuis hier ne sont pas très verts <eos>,14,verts,vertes,12,F,S,verts,-7.9579186,vertes,-12.194841,1
11791,P_NOUN_9_ADJ_b,M,P,les légumes avec la colle qui étaient là depuis hier ne sont pas très bleus <eos>,14,bleus,bleues,12,F,S,bleus,-9.857395,bleues,-13.968617,1
11792,P_NOUN_9_ADJ_b,M,P,les légumes avec la colle qui étaient là depuis hier ne sont pas très noirs <eos>,14,noirs,noires,12,F,S,noirs,-9.668596,noires,-11.977649,1
11793,P_NOUN_9_ADJ_b,M,P,les légumes avec la colle qui étaient là depuis hier ne sont pas très délicats <eos>,14,délicats,délicates,12,F,S,délicats,-7.0889764,délicates,-10.83506,1
11794,P_NOUN_9_ADJ_b,M,P,les légumes avec la colle qui étaient là depuis hier ne sont pas très pointus <eos>,14,pointus,pointues,12,F,S,pointus,-10.189362,pointues,-11.889431,1
11795,P_NOUN_9_ADJ_b,M,P,les légumes avec la colle qui étaient là depuis hier ne sont pas très ronds <eos>,14,ronds,rondes,12,F,S,ronds,-9.948694,rondes,-12.837437,1
11796,P_NOUN_9_ADJ_b,M,P,les légumes avec la colle qui étaient là depuis hier ne sont pas très froids <eos>,14,froids,froides,12,F,S,froids,-7.6469793,froides,-7.6252975,0
11797,P_NOUN_9_ADJ_b,M,P,les légumes avec la colle qui étaient là depuis hier ne sont pas très chauds <eos>,14,chauds,chaudes,12,F,S,chauds,-5.3649626,chaudes,-8.267127,1
11798,P_NOUN_9_ADJ_b,M,P,les légumes avec la colle qui étaient là depuis hier ne sont pas très importants <eos>,14,importants,importantes,12,F,S,importants,-5.9097524,importantes,-7.867065,1
11799,P_NOUN_9_ADJ_b,M,P,les légumes avec la colle qui étaient là depuis hier ne sont pas très courts <eos>,14,courts,courtes,12,F,S,courts,-6.8264217,courtes,-9.856866,1
11800,P_NOUN_9_ADJ_b,M,P,les légumes avec la colle qui étaient là depuis hier ne sont pas très durs <eos>,14,durs,dures,12,F,S,durs,-5.1307178,dures,-7.6620345,1
11801,P_NOUN_9_ADJ_b,M,P,les légumes avec la colle qui étaient là depuis hier ne sont pas très clairs <eos>,14,clairs,claires,12,F,S,clairs,-4.9887686,claires,-6.764884,1
11802,P_NOUN_9_ADJ_b,M,P,les légumes avec la colle qui étaient là depuis hier ne sont pas très intéressants <eos>,14,intéressants,intéressantes,12,F,S,intéressants,-7.0540557,intéressantes,-8.90185,1
11803,P_NOUN_9_ADJ_b,M,P,les légumes avec la colle qui étaient là depuis hier ne sont pas très brillants <eos>,14,brillants,brillantes,12,F,S,brillants,-6.9522815,brillantes,-9.898703,1
11804,P_NOUN_9_ADJ_b,M,P,les légumes avec la colle qui étaient là depuis hier ne sont pas très compliqués <eos>,14,compliqués,compliquées,12,F,S,compliqués,-6.676709,compliquées,-11.058877,1
11805,P_NOUN_9_ADJ_b,M,P,les légumes avec la lampe qui étaient là depuis hier ne sont pas très verts <eos>,14,verts,vertes,12,F,S,verts,-7.8836946,vertes,-11.829122,1
11806,P_NOUN_9_ADJ_b,M,P,les légumes avec la lampe qui étaient là depuis hier ne sont pas très bleus <eos>,14,bleus,bleues,12,F,S,bleus,-9.827671,bleues,-13.347386,1
11807,P_NOUN_9_ADJ_b,M,P,les légumes avec la lampe qui étaient là depuis hier ne sont pas très noirs <eos>,14,noirs,noires,12,F,S,noirs,-9.798518,noires,-11.585799,1
11808,P_NOUN_9_ADJ_b,M,P,les légumes avec la lampe qui étaient là depuis hier ne sont pas très délicats <eos>,14,délicats,délicates,12,F,S,délicats,-7.1772604,délicates,-10.347993,1
11809,P_NOUN_9_ADJ_b,M,P,les légumes avec la lampe qui étaient là depuis hier ne sont pas très pointus <eos>,14,pointus,pointues,12,F,S,pointus,-10.053215,pointues,-11.275457,1
11810,P_NOUN_9_ADJ_b,M,P,les légumes avec la lampe qui étaient là depuis hier ne sont pas très ronds <eos>,14,ronds,rondes,12,F,S,ronds,-9.75931,rondes,-12.655361,1
11811,P_NOUN_9_ADJ_b,M,P,les légumes avec la lampe qui étaient là depuis hier ne sont pas très froids <eos>,14,froids,froides,12,F,S,froids,-7.9645524,froides,-7.586699,0
11812,P_NOUN_9_ADJ_b,M,P,les légumes avec la lampe qui étaient là depuis hier ne sont pas très chauds <eos>,14,chauds,chaudes,12,F,S,chauds,-5.5382185,chaudes,-8.248377,1
11813,P_NOUN_9_ADJ_b,M,P,les légumes avec la lampe qui étaient là depuis hier ne sont pas très importants <eos>,14,importants,importantes,12,F,S,importants,-5.8399487,importantes,-7.596236,1
11814,P_NOUN_9_ADJ_b,M,P,les légumes avec la lampe qui étaient là depuis hier ne sont pas très courts <eos>,14,courts,courtes,12,F,S,courts,-6.8322525,courtes,-9.467067,1
11815,P_NOUN_9_ADJ_b,M,P,les légumes avec la lampe qui étaient là depuis hier ne sont pas très durs <eos>,14,durs,dures,12,F,S,durs,-5.250063,dures,-7.5501776,1
11816,P_NOUN_9_ADJ_b,M,P,les légumes avec la lampe qui étaient là depuis hier ne sont pas très clairs <eos>,14,clairs,claires,12,F,S,clairs,-4.9347634,claires,-6.6675115,1
11817,P_NOUN_9_ADJ_b,M,P,les légumes avec la lampe qui étaient là depuis hier ne sont pas très intéressants <eos>,14,intéressants,intéressantes,12,F,S,intéressants,-6.77885,intéressantes,-8.683113,1
11818,P_NOUN_9_ADJ_b,M,P,les légumes avec la lampe qui étaient là depuis hier ne sont pas très brillants <eos>,14,brillants,brillantes,12,F,S,brillants,-6.581743,brillantes,-9.0169525,1
11819,P_NOUN_9_ADJ_b,M,P,les légumes avec la lampe qui étaient là depuis hier ne sont pas très compliqués <eos>,14,compliqués,compliquées,12,F,S,compliqués,-6.233291,compliquées,-10.517904,1
11820,P_NOUN_9_ADJ_b,M,P,les légumes avec la bouteille qui étaient là depuis hier ne sont pas très verts <eos>,14,verts,vertes,12,F,S,verts,-7.8853064,vertes,-12.427243,1
11821,P_NOUN_9_ADJ_b,M,P,les légumes avec la bouteille qui étaient là depuis hier ne sont pas très bleus <eos>,14,bleus,bleues,12,F,S,bleus,-9.584582,bleues,-13.845584,1
11822,P_NOUN_9_ADJ_b,M,P,les légumes avec la bouteille qui étaient là depuis hier ne sont pas très noirs <eos>,14,noirs,noires,12,F,S,noirs,-9.395571,noires,-11.958442,1
11823,P_NOUN_9_ADJ_b,M,P,les légumes avec la bouteille qui étaient là depuis hier ne sont pas très délicats <eos>,14,délicats,délicates,12,F,S,délicats,-6.721345,délicates,-10.134382,1
11824,P_NOUN_9_ADJ_b,M,P,les légumes avec la bouteille qui étaient là depuis hier ne sont pas très pointus <eos>,14,pointus,pointues,12,F,S,pointus,-10.382287,pointues,-11.889893,1
11825,P_NOUN_9_ADJ_b,M,P,les légumes avec la bouteille qui étaient là depuis hier ne sont pas très ronds <eos>,14,ronds,rondes,12,F,S,ronds,-9.840194,rondes,-12.999804,1
11826,P_NOUN_9_ADJ_b,M,P,les légumes avec la bouteille qui étaient là depuis hier ne sont pas très froids <eos>,14,froids,froides,12,F,S,froids,-7.4782124,froides,-7.215212,0
11827,P_NOUN_9_ADJ_b,M,P,les légumes avec la bouteille qui étaient là depuis hier ne sont pas très chauds <eos>,14,chauds,chaudes,12,F,S,chauds,-5.6476135,chaudes,-8.066139,1
11828,P_NOUN_9_ADJ_b,M,P,les légumes avec la bouteille qui étaient là depuis hier ne sont pas très importants <eos>,14,importants,importantes,12,F,S,importants,-5.4764805,importantes,-7.408099,1
11829,P_NOUN_9_ADJ_b,M,P,les légumes avec la bouteille qui étaient là depuis hier ne sont pas très courts <eos>,14,courts,courtes,12,F,S,courts,-6.618674,courtes,-9.962282,1
11830,P_NOUN_9_ADJ_b,M,P,les légumes avec la bouteille qui étaient là depuis hier ne sont pas très durs <eos>,14,durs,dures,12,F,S,durs,-5.3926105,dures,-7.778534,1
11831,P_NOUN_9_ADJ_b,M,P,les légumes avec la bouteille qui étaient là depuis hier ne sont pas très clairs <eos>,14,clairs,claires,12,F,S,clairs,-5.204199,claires,-6.75134,1
11832,P_NOUN_9_ADJ_b,M,P,les légumes avec la bouteille qui étaient là depuis hier ne sont pas très intéressants <eos>,14,intéressants,intéressantes,12,F,S,intéressants,-6.7308826,intéressantes,-8.638486,1
11833,P_NOUN_9_ADJ_b,M,P,les légumes avec la bouteille qui étaient là depuis hier ne sont pas très brillants <eos>,14,brillants,brillantes,12,F,S,brillants,-7.0367723,brillantes,-9.709913,1
11834,P_NOUN_9_ADJ_b,M,P,les légumes avec la bouteille qui étaient là depuis hier ne sont pas très compliqués <eos>,14,compliqués,compliquées,12,F,S,compliqués,-6.700473,compliquées,-10.882233,1
11835,P_NOUN_9_ADJ_b,M,P,les légumes avec la boisson qui étaient là depuis hier ne sont pas très verts <eos>,14,verts,vertes,12,F,S,verts,-7.8167377,vertes,-12.557636,1
11836,P_NOUN_9_ADJ_b,M,P,les légumes avec la boisson qui étaient là depuis hier ne sont pas très bleus <eos>,14,bleus,bleues,12,F,S,bleus,-9.81062,bleues,-14.095651,1
11837,P_NOUN_9_ADJ_b,M,P,les légumes avec la boisson qui étaient là depuis hier ne sont pas très noirs <eos>,14,noirs,noires,12,F,S,noirs,-9.817472,noires,-12.393914,1
11838,P_NOUN_9_ADJ_b,M,P,les légumes avec la boisson qui étaient là depuis hier ne sont pas très délicats <eos>,14,délicats,délicates,12,F,S,délicats,-6.7989426,délicates,-10.2946415,1
11839,P_NOUN_9_ADJ_b,M,P,les légumes avec la boisson qui étaient là depuis hier ne sont pas très pointus <eos>,14,pointus,pointues,12,F,S,pointus,-10.8057785,pointues,-12.544472,1
11840,P_NOUN_9_ADJ_b,M,P,les légumes avec la boisson qui étaient là depuis hier ne sont pas très ronds <eos>,14,ronds,rondes,12,F,S,ronds,-10.3019,rondes,-13.192422,1
11841,P_NOUN_9_ADJ_b,M,P,les légumes avec la boisson qui étaient là depuis hier ne sont pas très froids <eos>,14,froids,froides,12,F,S,froids,-6.8117867,froides,-7.440406,1
11842,P_NOUN_9_ADJ_b,M,P,les légumes avec la boisson qui étaient là depuis hier ne sont pas très chauds <eos>,14,chauds,chaudes,12,F,S,chauds,-5.355795,chaudes,-8.025456,1
11843,P_NOUN_9_ADJ_b,M,P,les légumes avec la boisson qui étaient là depuis hier ne sont pas très importants <eos>,14,importants,importantes,12,F,S,importants,-5.4762497,importantes,-7.5087748,1
11844,P_NOUN_9_ADJ_b,M,P,les légumes avec la boisson qui étaient là depuis hier ne sont pas très courts <eos>,14,courts,courtes,12,F,S,courts,-7.1240807,courtes,-10.154456,1
11845,P_NOUN_9_ADJ_b,M,P,les légumes avec la boisson qui étaient là depuis hier ne sont pas très durs <eos>,14,durs,dures,12,F,S,durs,-5.5841255,dures,-7.5181284,1
11846,P_NOUN_9_ADJ_b,M,P,les légumes avec la boisson qui étaient là depuis hier ne sont pas très clairs <eos>,14,clairs,claires,12,F,S,clairs,-5.0512743,claires,-6.859498,1
11847,P_NOUN_9_ADJ_b,M,P,les légumes avec la boisson qui étaient là depuis hier ne sont pas très intéressants <eos>,14,intéressants,intéressantes,12,F,S,intéressants,-6.8945675,intéressantes,-8.925165,1
11848,P_NOUN_9_ADJ_b,M,P,les légumes avec la boisson qui étaient là depuis hier ne sont pas très brillants <eos>,14,brillants,brillantes,12,F,S,brillants,-7.0695515,brillantes,-9.966302,1
11849,P_NOUN_9_ADJ_b,M,P,les légumes avec la boisson qui étaient là depuis hier ne sont pas très compliqués <eos>,14,compliqués,compliquées,12,F,S,compliqués,-7.0435095,compliquées,-11.313957,1
11850,P_NOUN_9_ADJ_b,M,P,les légumes avec la pomme qui étaient là depuis hier ne sont pas très verts <eos>,14,verts,vertes,12,F,S,verts,-8.276688,vertes,-12.86981,1
11851,P_NOUN_9_ADJ_b,M,P,les légumes avec la pomme qui étaient là depuis hier ne sont pas très bleus <eos>,14,bleus,bleues,12,F,S,bleus,-10.120884,bleues,-14.585055,1
11852,P_NOUN_9_ADJ_b,M,P,les légumes avec la pomme qui étaient là depuis hier ne sont pas très noirs <eos>,14,noirs,noires,12,F,S,noirs,-9.863606,noires,-12.723635,1
11853,P_NOUN_9_ADJ_b,M,P,les légumes avec la pomme qui étaient là depuis hier ne sont pas très délicats <eos>,14,délicats,délicates,12,F,S,délicats,-6.695447,délicates,-10.410987,1
11854,P_NOUN_9_ADJ_b,M,P,les légumes avec la pomme qui étaient là depuis hier ne sont pas très pointus <eos>,14,pointus,pointues,12,F,S,pointus,-10.438749,pointues,-12.433506,1
11855,P_NOUN_9_ADJ_b,M,P,les légumes avec la pomme qui étaient là depuis hier ne sont pas très ronds <eos>,14,ronds,rondes,12,F,S,ronds,-10.162153,rondes,-13.352991,1
11856,P_NOUN_9_ADJ_b,M,P,les légumes avec la pomme qui étaient là depuis hier ne sont pas très froids <eos>,14,froids,froides,12,F,S,froids,-6.8754163,froides,-7.7196937,1
11857,P_NOUN_9_ADJ_b,M,P,les légumes avec la pomme qui étaient là depuis hier ne sont pas très chauds <eos>,14,chauds,chaudes,12,F,S,chauds,-5.5138936,chaudes,-8.373682,1
11858,P_NOUN_9_ADJ_b,M,P,les légumes avec la pomme qui étaient là depuis hier ne sont pas très importants <eos>,14,importants,importantes,12,F,S,importants,-5.1853914,importantes,-7.5532665,1
11859,P_NOUN_9_ADJ_b,M,P,les légumes avec la pomme qui étaient là depuis hier ne sont pas très courts <eos>,14,courts,courtes,12,F,S,courts,-6.7529926,courtes,-9.881057,1
11860,P_NOUN_9_ADJ_b,M,P,les légumes avec la pomme qui étaient là depuis hier ne sont pas très durs <eos>,14,durs,dures,12,F,S,durs,-5.2203093,dures,-7.6339254,1
11861,P_NOUN_9_ADJ_b,M,P,les légumes avec la pomme qui étaient là depuis hier ne sont pas très clairs <eos>,14,clairs,claires,12,F,S,clairs,-4.9492574,claires,-7.2224298,1
11862,P_NOUN_9_ADJ_b,M,P,les légumes avec la pomme qui étaient là depuis hier ne sont pas très intéressants <eos>,14,intéressants,intéressantes,12,F,S,intéressants,-6.605757,intéressantes,-8.546335,1
11863,P_NOUN_9_ADJ_b,M,P,les légumes avec la pomme qui étaient là depuis hier ne sont pas très brillants <eos>,14,brillants,brillantes,12,F,S,brillants,-6.8287096,brillantes,-9.842192,1
11864,P_NOUN_9_ADJ_b,M,P,les légumes avec la pomme qui étaient là depuis hier ne sont pas très compliqués <eos>,14,compliqués,compliquées,12,F,S,compliqués,-6.82931,compliquées,-10.966639,1
11865,P_NOUN_9_ADJ_b,M,P,les légumes avec la tasse qui étaient là depuis hier ne sont pas très verts <eos>,14,verts,vertes,12,F,S,verts,-7.6278996,vertes,-12.259014,1
11866,P_NOUN_9_ADJ_b,M,P,les légumes avec la tasse qui étaient là depuis hier ne sont pas très bleus <eos>,14,bleus,bleues,12,F,S,bleus,-9.2659445,bleues,-13.62403,1
11867,P_NOUN_9_ADJ_b,M,P,les légumes avec la tasse qui étaient là depuis hier ne sont pas très noirs <eos>,14,noirs,noires,12,F,S,noirs,-8.920429,noires,-11.588134,1
11868,P_NOUN_9_ADJ_b,M,P,les légumes avec la tasse qui étaient là depuis hier ne sont pas très délicats <eos>,14,délicats,délicates,12,F,S,délicats,-6.977482,délicates,-9.585799,1
11869,P_NOUN_9_ADJ_b,M,P,les légumes avec la tasse qui étaient là depuis hier ne sont pas très pointus <eos>,14,pointus,pointues,12,F,S,pointus,-10.564834,pointues,-11.943332,1
11870,P_NOUN_9_ADJ_b,M,P,les légumes avec la tasse qui étaient là depuis hier ne sont pas très ronds <eos>,14,ronds,rondes,12,F,S,ronds,-9.61721,rondes,-12.648872,1
11871,P_NOUN_9_ADJ_b,M,P,les légumes avec la tasse qui étaient là depuis hier ne sont pas très froids <eos>,14,froids,froides,12,F,S,froids,-7.2664165,froides,-7.177742,0
11872,P_NOUN_9_ADJ_b,M,P,les légumes avec la tasse qui étaient là depuis hier ne sont pas très chauds <eos>,14,chauds,chaudes,12,F,S,chauds,-5.3740845,chaudes,-7.7453575,1
11873,P_NOUN_9_ADJ_b,M,P,les légumes avec la tasse qui étaient là depuis hier ne sont pas très importants <eos>,14,importants,importantes,12,F,S,importants,-5.623867,importantes,-7.4904375,1
11874,P_NOUN_9_ADJ_b,M,P,les légumes avec la tasse qui étaient là depuis hier ne sont pas très courts <eos>,14,courts,courtes,12,F,S,courts,-6.8682146,courtes,-10.277012,1
11875,P_NOUN_9_ADJ_b,M,P,les légumes avec la tasse qui étaient là depuis hier ne sont pas très durs <eos>,14,durs,dures,12,F,S,durs,-5.7648525,dures,-8.098842,1
11876,P_NOUN_9_ADJ_b,M,P,les légumes avec la tasse qui étaient là depuis hier ne sont pas très clairs <eos>,14,clairs,claires,12,F,S,clairs,-4.741511,claires,-6.4742103,1
11877,P_NOUN_9_ADJ_b,M,P,les légumes avec la tasse qui étaient là depuis hier ne sont pas très intéressants <eos>,14,intéressants,intéressantes,12,F,S,intéressants,-7.005376,intéressantes,-9.185256,1
11878,P_NOUN_9_ADJ_b,M,P,les légumes avec la tasse qui étaient là depuis hier ne sont pas très brillants <eos>,14,brillants,brillantes,12,F,S,brillants,-7.159774,brillantes,-9.882958,1
11879,P_NOUN_9_ADJ_b,M,P,les légumes avec la tasse qui étaient là depuis hier ne sont pas très compliqués <eos>,14,compliqués,compliquées,12,F,S,compliqués,-6.8974605,compliquées,-11.142553,1
11880,P_NOUN_9_ADJ_b,M,P,les légumes avec la bougie qui étaient là depuis hier ne sont pas très verts <eos>,14,verts,vertes,12,F,S,verts,-7.865415,vertes,-12.487724,1
11881,P_NOUN_9_ADJ_b,M,P,les légumes avec la bougie qui étaient là depuis hier ne sont pas très bleus <eos>,14,bleus,bleues,12,F,S,bleus,-9.506836,bleues,-13.748663,1
11882,P_NOUN_9_ADJ_b,M,P,les légumes avec la bougie qui étaient là depuis hier ne sont pas très noirs <eos>,14,noirs,noires,12,F,S,noirs,-9.3942175,noires,-12.056344,1
11883,P_NOUN_9_ADJ_b,M,P,les légumes avec la bougie qui étaient là depuis hier ne sont pas très délicats <eos>,14,délicats,délicates,12,F,S,délicats,-6.7784147,délicates,-10.3398905,1
11884,P_NOUN_9_ADJ_b,M,P,les légumes avec la bougie qui étaient là depuis hier ne sont pas très pointus <eos>,14,pointus,pointues,12,F,S,pointus,-10.186092,pointues,-11.825051,1
11885,P_NOUN_9_ADJ_b,M,P,les légumes avec la bougie qui étaient là depuis hier ne sont pas très ronds <eos>,14,ronds,rondes,12,F,S,ronds,-9.889408,rondes,-13.082568,1
11886,P_NOUN_9_ADJ_b,M,P,les légumes avec la bougie qui étaient là depuis hier ne sont pas très froids <eos>,14,froids,froides,12,F,S,froids,-7.3912287,froides,-7.3112745,0
11887,P_NOUN_9_ADJ_b,M,P,les légumes avec la bougie qui étaient là depuis hier ne sont pas très chauds <eos>,14,chauds,chaudes,12,F,S,chauds,-5.37363,chaudes,-8.335613,1
11888,P_NOUN_9_ADJ_b,M,P,les légumes avec la bougie qui étaient là depuis hier ne sont pas très importants <eos>,14,importants,importantes,12,F,S,importants,-5.5012045,importantes,-7.7201195,1
11889,P_NOUN_9_ADJ_b,M,P,les légumes avec la bougie qui étaient là depuis hier ne sont pas très courts <eos>,14,courts,courtes,12,F,S,courts,-6.4946785,courtes,-9.82713,1
11890,P_NOUN_9_ADJ_b,M,P,les légumes avec la bougie qui étaient là depuis hier ne sont pas très durs <eos>,14,durs,dures,12,F,S,durs,-4.944972,dures,-7.5060825,1
11891,P_NOUN_9_ADJ_b,M,P,les légumes avec la bougie qui étaient là depuis hier ne sont pas très clairs <eos>,14,clairs,claires,12,F,S,clairs,-4.7187805,claires,-6.911668,1
11892,P_NOUN_9_ADJ_b,M,P,les légumes avec la bougie qui étaient là depuis hier ne sont pas très intéressants <eos>,14,intéressants,intéressantes,12,F,S,intéressants,-6.6845446,intéressantes,-8.720959,1
11893,P_NOUN_9_ADJ_b,M,P,les légumes avec la bougie qui étaient là depuis hier ne sont pas très brillants <eos>,14,brillants,brillantes,12,F,S,brillants,-6.557685,brillantes,-9.651465,1
11894,P_NOUN_9_ADJ_b,M,P,les légumes avec la bougie qui étaient là depuis hier ne sont pas très compliqués <eos>,14,compliqués,compliquées,12,F,S,compliqués,-6.347747,compliquées,-10.645082,1
11895,P_NOUN_9_ADJ_b,M,P,les légumes avec la pochette qui étaient là depuis hier ne sont pas très verts <eos>,14,verts,vertes,12,F,S,verts,-7.7476454,vertes,-12.316684,1
11896,P_NOUN_9_ADJ_b,M,P,les légumes avec la pochette qui étaient là depuis hier ne sont pas très bleus <eos>,14,bleus,bleues,12,F,S,bleus,-9.318951,bleues,-12.81402,1
11897,P_NOUN_9_ADJ_b,M,P,les légumes avec la pochette qui étaient là depuis hier ne sont pas très noirs <eos>,14,noirs,noires,12,F,S,noirs,-9.058285,noires,-11.569215,1
11898,P_NOUN_9_ADJ_b,M,P,les légumes avec la pochette qui étaient là depuis hier ne sont pas très délicats <eos>,14,délicats,délicates,12,F,S,délicats,-7.360073,délicates,-9.980463,1
11899,P_NOUN_9_ADJ_b,M,P,les légumes avec la pochette qui étaient là depuis hier ne sont pas très pointus <eos>,14,pointus,pointues,12,F,S,pointus,-10.073292,pointues,-11.599382,1
11900,P_NOUN_9_ADJ_b,M,P,les légumes avec la pochette qui étaient là depuis hier ne sont pas très ronds <eos>,14,ronds,rondes,12,F,S,ronds,-9.344091,rondes,-12.557121,1
11901,P_NOUN_9_ADJ_b,M,P,les légumes avec la pochette qui étaient là depuis hier ne sont pas très froids <eos>,14,froids,froides,12,F,S,froids,-9.17338,froides,-8.155972,0
11902,P_NOUN_9_ADJ_b,M,P,les légumes avec la pochette qui étaient là depuis hier ne sont pas très chauds <eos>,14,chauds,chaudes,12,F,S,chauds,-7.37959,chaudes,-9.833926,1
11903,P_NOUN_9_ADJ_b,M,P,les légumes avec la pochette qui étaient là depuis hier ne sont pas très importants <eos>,14,importants,importantes,12,F,S,importants,-5.9143863,importantes,-8.378643,1
11904,P_NOUN_9_ADJ_b,M,P,les légumes avec la pochette qui étaient là depuis hier ne sont pas très courts <eos>,14,courts,courtes,12,F,S,courts,-5.847231,courtes,-9.276157,1
11905,P_NOUN_9_ADJ_b,M,P,les légumes avec la pochette qui étaient là depuis hier ne sont pas très durs <eos>,14,durs,dures,12,F,S,durs,-5.6020956,dures,-8.0908375,1
11906,P_NOUN_9_ADJ_b,M,P,les légumes avec la pochette qui étaient là depuis hier ne sont pas très clairs <eos>,14,clairs,claires,12,F,S,clairs,-4.4708533,claires,-6.4512496,1
11907,P_NOUN_9_ADJ_b,M,P,les légumes avec la pochette qui étaient là depuis hier ne sont pas très intéressants <eos>,14,intéressants,intéressantes,12,F,S,intéressants,-5.8515162,intéressantes,-8.7575035,1
11908,P_NOUN_9_ADJ_b,M,P,les légumes avec la pochette qui étaient là depuis hier ne sont pas très brillants <eos>,14,brillants,brillantes,12,F,S,brillants,-7.0559497,brillantes,-9.519669,1
11909,P_NOUN_9_ADJ_b,M,P,les légumes avec la pochette qui étaient là depuis hier ne sont pas très compliqués <eos>,14,compliqués,compliquées,12,F,S,compliqués,-6.0735016,compliquées,-9.677049,1
11910,P_NOUN_9_ADJ_b,M,P,les légumes avec la banane qui étaient là depuis hier ne sont pas très verts <eos>,14,verts,vertes,12,F,S,verts,-7.997637,vertes,-12.482183,1
11911,P_NOUN_9_ADJ_b,M,P,les légumes avec la banane qui étaient là depuis hier ne sont pas très bleus <eos>,14,bleus,bleues,12,F,S,bleus,-9.87541,bleues,-13.950369,1
11912,P_NOUN_9_ADJ_b,M,P,les légumes avec la banane qui étaient là depuis hier ne sont pas très noirs <eos>,14,noirs,noires,12,F,S,noirs,-9.345077,noires,-12.345175,1
11913,P_NOUN_9_ADJ_b,M,P,les légumes avec la banane qui étaient là depuis hier ne sont pas très délicats <eos>,14,délicats,délicates,12,F,S,délicats,-7.1397786,délicates,-10.527998,1
11914,P_NOUN_9_ADJ_b,M,P,les légumes avec la banane qui étaient là depuis hier ne sont pas très pointus <eos>,14,pointus,pointues,12,F,S,pointus,-10.49617,pointues,-12.458723,1
11915,P_NOUN_9_ADJ_b,M,P,les légumes avec la banane qui étaient là depuis hier ne sont pas très ronds <eos>,14,ronds,rondes,12,F,S,ronds,-9.811882,rondes,-13.38517,1
11916,P_NOUN_9_ADJ_b,M,P,les légumes avec la banane qui étaient là depuis hier ne sont pas très froids <eos>,14,froids,froides,12,F,S,froids,-7.1761894,froides,-7.667959,1
11917,P_NOUN_9_ADJ_b,M,P,les légumes avec la banane qui étaient là depuis hier ne sont pas très chauds <eos>,14,chauds,chaudes,12,F,S,chauds,-5.848176,chaudes,-8.490137,1
11918,P_NOUN_9_ADJ_b,M,P,les légumes avec la banane qui étaient là depuis hier ne sont pas très importants <eos>,14,importants,importantes,12,F,S,importants,-5.328865,importantes,-7.542384,1
11919,P_NOUN_9_ADJ_b,M,P,les légumes avec la banane qui étaient là depuis hier ne sont pas très courts <eos>,14,courts,courtes,12,F,S,courts,-6.751313,courtes,-10.177441,1
11920,P_NOUN_9_ADJ_b,M,P,les légumes avec la banane qui étaient là depuis hier ne sont pas très durs <eos>,14,durs,dures,12,F,S,durs,-5.238325,dures,-7.5638905,1
11921,P_NOUN_9_ADJ_b,M,P,les légumes avec la banane qui étaient là depuis hier ne sont pas très clairs <eos>,14,clairs,claires,12,F,S,clairs,-4.916147,claires,-7.1858788,1
11922,P_NOUN_9_ADJ_b,M,P,les légumes avec la banane qui étaient là depuis hier ne sont pas très intéressants <eos>,14,intéressants,intéressantes,12,F,S,intéressants,-6.866108,intéressantes,-8.656822,1
11923,P_NOUN_9_ADJ_b,M,P,les légumes avec la banane qui étaient là depuis hier ne sont pas très brillants <eos>,14,brillants,brillantes,12,F,S,brillants,-6.888529,brillantes,-9.547708,1
11924,P_NOUN_9_ADJ_b,M,P,les légumes avec la banane qui étaient là depuis hier ne sont pas très compliqués <eos>,14,compliqués,compliquées,12,F,S,compliqués,-6.98567,compliquées,-11.080672,1
11925,P_NOUN_9_ADJ_b,M,P,les légumes avec la robe qui étaient là depuis hier ne sont pas très verts <eos>,14,verts,vertes,12,F,S,verts,-7.631239,vertes,-12.099767,1
11926,P_NOUN_9_ADJ_b,M,P,les légumes avec la robe qui étaient là depuis hier ne sont pas très bleus <eos>,14,bleus,bleues,12,F,S,bleus,-8.681086,bleues,-13.048025,1
11927,P_NOUN_9_ADJ_b,M,P,les légumes avec la robe qui étaient là depuis hier ne sont pas très noirs <eos>,14,noirs,noires,12,F,S,noirs,-8.566798,noires,-11.416125,1
11928,P_NOUN_9_ADJ_b,M,P,les légumes avec la robe qui étaient là depuis hier ne sont pas très délicats <eos>,14,délicats,délicates,12,F,S,délicats,-7.292359,délicates,-10.318678,1
11929,P_NOUN_9_ADJ_b,M,P,les légumes avec la robe qui étaient là depuis hier ne sont pas très pointus <eos>,14,pointus,pointues,12,F,S,pointus,-10.093246,pointues,-11.71854,1
11930,P_NOUN_9_ADJ_b,M,P,les légumes avec la robe qui étaient là depuis hier ne sont pas très ronds <eos>,14,ronds,rondes,12,F,S,ronds,-9.827894,rondes,-12.785522,1
11931,P_NOUN_9_ADJ_b,M,P,les légumes avec la robe qui étaient là depuis hier ne sont pas très froids <eos>,14,froids,froides,12,F,S,froids,-7.276973,froides,-7.5048227,1
11932,P_NOUN_9_ADJ_b,M,P,les légumes avec la robe qui étaient là depuis hier ne sont pas très chauds <eos>,14,chauds,chaudes,12,F,S,chauds,-4.9701533,chaudes,-8.394522,1
11933,P_NOUN_9_ADJ_b,M,P,les légumes avec la robe qui étaient là depuis hier ne sont pas très importants <eos>,14,importants,importantes,12,F,S,importants,-5.657085,importantes,-7.7028966,1
11934,P_NOUN_9_ADJ_b,M,P,les légumes avec la robe qui étaient là depuis hier ne sont pas très courts <eos>,14,courts,courtes,12,F,S,courts,-6.3927255,courtes,-9.283571,1
11935,P_NOUN_9_ADJ_b,M,P,les légumes avec la robe qui étaient là depuis hier ne sont pas très durs <eos>,14,durs,dures,12,F,S,durs,-5.3189945,dures,-7.699278,1
11936,P_NOUN_9_ADJ_b,M,P,les légumes avec la robe qui étaient là depuis hier ne sont pas très clairs <eos>,14,clairs,claires,12,F,S,clairs,-3.5012758,claires,-6.472065,1
11937,P_NOUN_9_ADJ_b,M,P,les légumes avec la robe qui étaient là depuis hier ne sont pas très intéressants <eos>,14,intéressants,intéressantes,12,F,S,intéressants,-7.1654034,intéressantes,-9.141043,1
11938,P_NOUN_9_ADJ_b,M,P,les légumes avec la robe qui étaient là depuis hier ne sont pas très brillants <eos>,14,brillants,brillantes,12,F,S,brillants,-6.6072335,brillantes,-9.066105,1
11939,P_NOUN_9_ADJ_b,M,P,les légumes avec la robe qui étaient là depuis hier ne sont pas très compliqués <eos>,14,compliqués,compliquées,12,F,S,compliqués,-6.8005295,compliquées,-10.971061,1
11940,P_NOUN_9_ADJ_b,M,P,les légumes avec la valise qui étaient là depuis hier ne sont pas très verts <eos>,14,verts,vertes,12,F,S,verts,-8.210319,vertes,-12.181172,1
11941,P_NOUN_9_ADJ_b,M,P,les légumes avec la valise qui étaient là depuis hier ne sont pas très bleus <eos>,14,bleus,bleues,12,F,S,bleus,-9.047308,bleues,-13.484251,1
11942,P_NOUN_9_ADJ_b,M,P,les légumes avec la valise qui étaient là depuis hier ne sont pas très noirs <eos>,14,noirs,noires,12,F,S,noirs,-9.236902,noires,-11.577772,1
11943,P_NOUN_9_ADJ_b,M,P,les légumes avec la valise qui étaient là depuis hier ne sont pas très délicats <eos>,14,délicats,délicates,12,F,S,délicats,-7.6733537,délicates,-9.953831,1
11944,P_NOUN_9_ADJ_b,M,P,les légumes avec la valise qui étaient là depuis hier ne sont pas très pointus <eos>,14,pointus,pointues,12,F,S,pointus,-9.422445,pointues,-11.420578,1
11945,P_NOUN_9_ADJ_b,M,P,les légumes avec la valise qui étaient là depuis hier ne sont pas très ronds <eos>,14,ronds,rondes,12,F,S,ronds,-10.193548,rondes,-12.897991,1
11946,P_NOUN_9_ADJ_b,M,P,les légumes avec la valise qui étaient là depuis hier ne sont pas très froids <eos>,14,froids,froides,12,F,S,froids,-8.7635975,froides,-7.622184,0
11947,P_NOUN_9_ADJ_b,M,P,les légumes avec la valise qui étaient là depuis hier ne sont pas très chauds <eos>,14,chauds,chaudes,12,F,S,chauds,-6.1249332,chaudes,-9.069675,1
11948,P_NOUN_9_ADJ_b,M,P,les légumes avec la valise qui étaient là depuis hier ne sont pas très importants <eos>,14,importants,importantes,12,F,S,importants,-5.9035697,importantes,-8.06893,1
11949,P_NOUN_9_ADJ_b,M,P,les légumes avec la valise qui étaient là depuis hier ne sont pas très courts <eos>,14,courts,courtes,12,F,S,courts,-6.598013,courtes,-9.713341,1
11950,P_NOUN_9_ADJ_b,M,P,les légumes avec la valise qui étaient là depuis hier ne sont pas très durs <eos>,14,durs,dures,12,F,S,durs,-5.8063703,dures,-8.236147,1
11951,P_NOUN_9_ADJ_b,M,P,les légumes avec la valise qui étaient là depuis hier ne sont pas très clairs <eos>,14,clairs,claires,12,F,S,clairs,-5.2462587,claires,-7.1292286,1
11952,P_NOUN_9_ADJ_b,M,P,les légumes avec la valise qui étaient là depuis hier ne sont pas très intéressants <eos>,14,intéressants,intéressantes,12,F,S,intéressants,-6.2786865,intéressantes,-9.207611,1
11953,P_NOUN_9_ADJ_b,M,P,les légumes avec la valise qui étaient là depuis hier ne sont pas très brillants <eos>,14,brillants,brillantes,12,F,S,brillants,-7.047681,brillantes,-10.314535,1
11954,P_NOUN_9_ADJ_b,M,P,les légumes avec la valise qui étaient là depuis hier ne sont pas très compliqués <eos>,14,compliqués,compliquées,12,F,S,compliqués,-6.183259,compliquées,-10.2923155,1
11955,P_NOUN_9_ADJ_b,M,P,les légumes avec la pendule qui étaient là depuis hier ne sont pas très verts <eos>,14,verts,vertes,12,F,S,verts,-7.527234,vertes,-11.993598,1
11956,P_NOUN_9_ADJ_b,M,P,les légumes avec la pendule qui étaient là depuis hier ne sont pas très bleus <eos>,14,bleus,bleues,12,F,S,bleus,-10.081631,bleues,-14.104002,1
11957,P_NOUN_9_ADJ_b,M,P,les légumes avec la pendule qui étaient là depuis hier ne sont pas très noirs <eos>,14,noirs,noires,12,F,S,noirs,-10.23858,noires,-12.492551,1
11958,P_NOUN_9_ADJ_b,M,P,les légumes avec la pendule qui étaient là depuis hier ne sont pas très délicats <eos>,14,délicats,délicates,12,F,S,délicats,-6.965556,délicates,-10.63042,1
11959,P_NOUN_9_ADJ_b,M,P,les légumes avec la pendule qui étaient là depuis hier ne sont pas très pointus <eos>,14,pointus,pointues,12,F,S,pointus,-9.767181,pointues,-11.600632,1
11960,P_NOUN_9_ADJ_b,M,P,les légumes avec la pendule qui étaient là depuis hier ne sont pas très ronds <eos>,14,ronds,rondes,12,F,S,ronds,-10.294191,rondes,-13.2041025,1
11961,P_NOUN_9_ADJ_b,M,P,les légumes avec la pendule qui étaient là depuis hier ne sont pas très froids <eos>,14,froids,froides,12,F,S,froids,-7.3583665,froides,-7.578093,1
11962,P_NOUN_9_ADJ_b,M,P,les légumes avec la pendule qui étaient là depuis hier ne sont pas très chauds <eos>,14,chauds,chaudes,12,F,S,chauds,-5.208069,chaudes,-8.384222,1
11963,P_NOUN_9_ADJ_b,M,P,les légumes avec la pendule qui étaient là depuis hier ne sont pas très importants <eos>,14,importants,importantes,12,F,S,importants,-5.5647464,importantes,-7.8018756,1
11964,P_NOUN_9_ADJ_b,M,P,les légumes avec la pendule qui étaient là depuis hier ne sont pas très courts <eos>,14,courts,courtes,12,F,S,courts,-6.4243336,courtes,-9.774666,1
11965,P_NOUN_9_ADJ_b,M,P,les légumes avec la pendule qui étaient là depuis hier ne sont pas très durs <eos>,14,durs,dures,12,F,S,durs,-4.6393747,dures,-7.5476265,1
11966,P_NOUN_9_ADJ_b,M,P,les légumes avec la pendule qui étaient là depuis hier ne sont pas très clairs <eos>,14,clairs,claires,12,F,S,clairs,-5.1263523,claires,-7.125394,1
11967,P_NOUN_9_ADJ_b,M,P,les légumes avec la pendule qui étaient là depuis hier ne sont pas très intéressants <eos>,14,intéressants,intéressantes,12,F,S,intéressants,-6.7077236,intéressantes,-8.716331,1
11968,P_NOUN_9_ADJ_b,M,P,les légumes avec la pendule qui étaient là depuis hier ne sont pas très brillants <eos>,14,brillants,brillantes,12,F,S,brillants,-6.51435,brillantes,-9.473405,1
11969,P_NOUN_9_ADJ_b,M,P,les légumes avec la pendule qui étaient là depuis hier ne sont pas très compliqués <eos>,14,compliqués,compliquées,12,F,S,compliqués,-6.242469,compliquées,-10.635446,1
11970,P_NOUN_9_ADJ_b,M,P,les légumes avec la cloche qui étaient là depuis hier ne sont pas très verts <eos>,14,verts,vertes,12,F,S,verts,-7.9678507,vertes,-12.771592,1
11971,P_NOUN_9_ADJ_b,M,P,les légumes avec la cloche qui étaient là depuis hier ne sont pas très bleus <eos>,14,bleus,bleues,12,F,S,bleus,-10.021536,bleues,-14.201579,1
11972,P_NOUN_9_ADJ_b,M,P,les légumes avec la cloche qui étaient là depuis hier ne sont pas très noirs <eos>,14,noirs,noires,12,F,S,noirs,-9.740371,noires,-12.397385,1
11973,P_NOUN_9_ADJ_b,M,P,les légumes avec la cloche qui étaient là depuis hier ne sont pas très délicats <eos>,14,délicats,délicates,12,F,S,délicats,-6.870778,délicates,-10.416242,1
11974,P_NOUN_9_ADJ_b,M,P,les légumes avec la cloche qui étaient là depuis hier ne sont pas très pointus <eos>,14,pointus,pointues,12,F,S,pointus,-10.210109,pointues,-11.726812,1
11975,P_NOUN_9_ADJ_b,M,P,les légumes avec la cloche qui étaient là depuis hier ne sont pas très ronds <eos>,14,ronds,rondes,12,F,S,ronds,-9.566183,rondes,-12.956246,1
11976,P_NOUN_9_ADJ_b,M,P,les légumes avec la cloche qui étaient là depuis hier ne sont pas très froids <eos>,14,froids,froides,12,F,S,froids,-8.103501,froides,-8.563768,1
11977,P_NOUN_9_ADJ_b,M,P,les légumes avec la cloche qui étaient là depuis hier ne sont pas très chauds <eos>,14,chauds,chaudes,12,F,S,chauds,-6.0315523,chaudes,-8.635144,1
11978,P_NOUN_9_ADJ_b,M,P,les légumes avec la cloche qui étaient là depuis hier ne sont pas très importants <eos>,14,importants,importantes,12,F,S,importants,-5.2330837,importantes,-7.6047506,1
11979,P_NOUN_9_ADJ_b,M,P,les légumes avec la cloche qui étaient là depuis hier ne sont pas très courts <eos>,14,courts,courtes,12,F,S,courts,-6.461154,courtes,-9.808198,1
11980,P_NOUN_9_ADJ_b,M,P,les légumes avec la cloche qui étaient là depuis hier ne sont pas très durs <eos>,14,durs,dures,12,F,S,durs,-5.3736544,dures,-7.3045673,1
11981,P_NOUN_9_ADJ_b,M,P,les légumes avec la cloche qui étaient là depuis hier ne sont pas très clairs <eos>,14,clairs,claires,12,F,S,clairs,-4.5071144,claires,-7.0654173,1
11982,P_NOUN_9_ADJ_b,M,P,les légumes avec la cloche qui étaient là depuis hier ne sont pas très intéressants <eos>,14,intéressants,intéressantes,12,F,S,intéressants,-6.475542,intéressantes,-8.932982,1
11983,P_NOUN_9_ADJ_b,M,P,les légumes avec la cloche qui étaient là depuis hier ne sont pas très brillants <eos>,14,brillants,brillantes,12,F,S,brillants,-6.8016863,brillantes,-9.568076,1
11984,P_NOUN_9_ADJ_b,M,P,les légumes avec la cloche qui étaient là depuis hier ne sont pas très compliqués <eos>,14,compliqués,compliquées,12,F,S,compliqués,-6.558771,compliquées,-10.675302,1
11985,P_NOUN_9_ADJ_b,M,P,les légumes avec la cerise qui étaient là depuis hier ne sont pas très verts <eos>,14,verts,vertes,12,F,S,verts,-7.910415,vertes,-12.464699,1
11986,P_NOUN_9_ADJ_b,M,P,les légumes avec la cerise qui étaient là depuis hier ne sont pas très bleus <eos>,14,bleus,bleues,12,F,S,bleus,-9.990575,bleues,-14.3473215,1
11987,P_NOUN_9_ADJ_b,M,P,les légumes avec la cerise qui étaient là depuis hier ne sont pas très noirs <eos>,14,noirs,noires,12,F,S,noirs,-9.8847685,noires,-12.675758,1
11988,P_NOUN_9_ADJ_b,M,P,les légumes avec la cerise qui étaient là depuis hier ne sont pas très délicats <eos>,14,délicats,délicates,12,F,S,délicats,-6.556599,délicates,-10.065289,1
11989,P_NOUN_9_ADJ_b,M,P,les légumes avec la cerise qui étaient là depuis hier ne sont pas très pointus <eos>,14,pointus,pointues,12,F,S,pointus,-10.727241,pointues,-12.536771,1
11990,P_NOUN_9_ADJ_b,M,P,les légumes avec la cerise qui étaient là depuis hier ne sont pas très ronds <eos>,14,ronds,rondes,12,F,S,ronds,-9.948439,rondes,-13.419341,1
11991,P_NOUN_9_ADJ_b,M,P,les légumes avec la cerise qui étaient là depuis hier ne sont pas très froids <eos>,14,froids,froides,12,F,S,froids,-6.604166,froides,-7.5157394,1
11992,P_NOUN_9_ADJ_b,M,P,les légumes avec la cerise qui étaient là depuis hier ne sont pas très chauds <eos>,14,chauds,chaudes,12,F,S,chauds,-5.3606896,chaudes,-8.042555,1
11993,P_NOUN_9_ADJ_b,M,P,les légumes avec la cerise qui étaient là depuis hier ne sont pas très importants <eos>,14,importants,importantes,12,F,S,importants,-5.485157,importantes,-7.716156,1
11994,P_NOUN_9_ADJ_b,M,P,les légumes avec la cerise qui étaient là depuis hier ne sont pas très courts <eos>,14,courts,courtes,12,F,S,courts,-7.0594907,courtes,-10.301952,1
11995,P_NOUN_9_ADJ_b,M,P,les légumes avec la cerise qui étaient là depuis hier ne sont pas très durs <eos>,14,durs,dures,12,F,S,durs,-5.331069,dures,-7.6781263,1
11996,P_NOUN_9_ADJ_b,M,P,les légumes avec la cerise qui étaient là depuis hier ne sont pas très clairs <eos>,14,clairs,claires,12,F,S,clairs,-4.745169,claires,-6.927112,1
11997,P_NOUN_9_ADJ_b,M,P,les légumes avec la cerise qui étaient là depuis hier ne sont pas très intéressants <eos>,14,intéressants,intéressantes,12,F,S,intéressants,-6.9527607,intéressantes,-8.793589,1
11998,P_NOUN_9_ADJ_b,M,P,les légumes avec la cerise qui étaient là depuis hier ne sont pas très brillants <eos>,14,brillants,brillantes,12,F,S,brillants,-6.5275493,brillantes,-9.50392,1
11999,P_NOUN_9_ADJ_b,M,P,les légumes avec la cerise qui étaient là depuis hier ne sont pas très compliqués <eos>,14,compliqués,compliquées,12,F,S,compliqués,-6.8573465,compliquées,-11.072494,1
